0
0
3.49370898307
26.1963127255
16.5637057582
31.5825790507
14.8023085501
30.3717273307
129.953450773
22.825346624
6.61132746936
3.38653686828
0.0
0.0732454620302
1.64747540653
21.3498890474
194.092721259
19.363469515
17.0555148572
85.7061489523
56.8690592287
25.0606042073
30.7841477395
5.63492025062
0.0
0.0
1.16825269908
19.5701051876
44.3156519383
38.761710925
31.6331606806
45.908319611
113.550264998
92.4556171205
12.7914054142
0.0
21.0242931247
0.26619405672
0.217213958502
51.2892879266
40.0122402348
143.874397829
37.8837364241
138.190482806
98.8693776168
65.8846253604
8.87486714311
47.0753059387
0.0
5.24344627932
8.92623290419
36.4093262906
59.6645858736
77.7104579508
78.9401292144
118.678746396
45.5632001767
90.0991059691
19.8978134785
5.71580334754
54.0184387229
184.972774968
0.0
90.7168655544
45.3544326202
96.397354111
98.1078198888
61.6198026062
30.1716131726
66.5688977112
25.6685546287
5.5877614338
0.0
14.6375367343
12.7496795654
79.1010263935
73.1386735999
67.8505874597
81.304795146
58.5615268183
111.847739631
70.9447279042
62.1097600982
37.9585017264
0.556642904878
0.0
16.6134942323
62.4855624238
94.150151627
125.170736387
78.506496761
67.9117221962
80.1806896627
61.195141375
114.645255508
58.0544171779
1.33413353562
0.0
24.4846179374
48.0494051054
47.474682156
77.1138901202
89.3553911558
137.621867354
88.8279655762
94.3174167127
31.0004648119
54.5215365886
69.2019696235
0.0
53.6661583716
44.0805360926
37.1690437831
82.979026867
66.1704583894
17.0215401091
40.612746019
139.187171616
22.6567700598
23.2535411529
6.42910458146
35.2983839438
9.13075626595
16.2984932363
27.1964158723
48.0185110637
15.9287961312
73.8090615122
90.6227432304
59.8256944231
98.4076682366
21.5905415565
40.8702914714
1.72255575657
13.7081240583
84.1945019458
38.7266140944
77.45417412
65.129163757
30.0438578054
133.189151385
95.8206434702
165.033035852
49.106490545
4.25504251198
9.05089565366
19.1859747721
79.0309153999
63.0349433971
35.5679506493
81.6199993416
128.672209538
72.9554997907
99.5131635648
44.0590090702
4.45908093454
0.0
0.0
19.3671298027
50.2103648479
56.6143217237
73.3514230997
38.1583615188
22.7427380942
69.4329020419
134.373559087
106.809870299
12.4602270126
0.0
0.0
66.5260169506
0.467673668638
21.6932454407
38.5730527694
43.4796769469
112.925837182
23.3479893654
73.377967447
22.9651732743
0.0
0.0
0.0
1.85206181556
141.979770318
47.9516464714
83.9488058724
106.781682612
77.7876506383
19.822129704
40.4983740562
52.3688958586
0.0
52.6462966205
0.0
0.0
58.0604854188
29.2177632283
68.4378852658
44.5427605322
56.9342382475
81.6026486038
36.7650465667
0.0
0.0
0.0
0.0
0
0
0
0
0
0
0
0
0
0
