0
0
5.52900248765
72.3877329826
18.7551061437
29.307079249
26.3767561171
28.4147521416
118.91261706
15.3597458261
0.822688490153
1.48027574457
0.469852477313
0.0
0.179327513091
16.561042048
171.544328084
17.1999425255
19.6715242714
44.5597994047
78.2813031134
36.9098731913
13.0302302241
10.0873468369
0.0
0.0
4.6851375997
23.5372750447
59.8170229224
32.8426734293
39.5019937567
46.7235096451
100.954833448
102.562367225
30.0201906859
0.0
4.92017014325
0.0623873937876
0.0
80.0857449062
44.0022265054
131.047623427
32.7681718637
117.685535207
96.4580855705
62.497918225
14.4543628022
0.0
0.0
0.0
13.4983431101
28.2514793426
53.3729511202
71.9408852755
74.8057342562
140.784514418
34.787926014
94.1093396657
13.5347170718
3.92432979494
4.65756540746
0.0
13.142950058
99.6690860242
47.8550758018
76.652420911
71.4385325834
64.503257934
26.4654566465
49.9813017324
41.3627457842
12.5555969495
0.0
13.6347198486
12.9708522856
61.0311551952
84.6178056859
59.7090026484
91.8554611747
60.2522545606
87.7858115275
84.1263526975
67.0540357735
30.7144222464
0.0512237045914
0.0
6.4137951457
37.6847417671
81.024237793
117.306852758
69.2326748707
72.5062482612
74.3743456733
51.4336669742
130.789842057
30.0304203629
0.440487250685
0.0
18.0217044493
24.9227397367
45.0715540834
58.3032909958
60.280707839
102.683706606
92.8915142398
89.0482127107
40.435108697
52.406662345
39.1023910046
0.0
36.9903408782
43.8383716502
38.1705587023
75.3884337684
78.999552425
17.4725816287
36.4589999496
108.859103557
33.5964316373
36.8757029772
4.17549562454
27.4925016314
5.25392122195
7.4080836475
26.1799145798
42.095975982
16.7989909351
67.4329794602
77.1350438743
58.0569008198
82.2464988828
22.9136960506
51.1053984538
7.60113787651
13.1422397755
67.3669008984
39.1198184453
92.2594130338
70.8328846498
32.4237592778
116.658823595
90.7353656371
177.045480679
44.0164062382
0.28741762787
7.27535015345
19.0890960395
84.258641515
63.5591386445
35.6475624516
82.0795964614
130.901459768
74.4849914162
110.691638052
52.6408894435
0.0
0.0
0.103852674365
19.0532457233
44.4434220046
60.6253052206
74.782689929
36.5538275242
19.4952956736
73.5487745851
129.829637054
77.5549131214
14.1960496902
0.0
0.0
18.7117613554
4.85086333752
26.3037171365
60.3249938059
24.0776228606
100.393039646
20.3185682762
70.5257105827
7.20341420174
0.0
