0
0
1.19312922657
82.6429728269
35.9170361237
38.9723151521
26.0891237842
19.6472189762
98.4610364287
21.1557242163
0.308135591448
5.73278338462
0.149735860527
14.3926348686
3.64392109774
32.4031744524
150.923938192
39.9526103419
21.6407169811
36.0752575212
66.1237673388
43.6332445778
15.3590505123
9.85889343917
0.0
0.0
10.5958015379
43.814003136
49.4715136634
32.4358135416
45.2538223342
52.2554498417
103.555042
96.4046732335
9.97740761563
0.0
4.82236296684
0.0995180904866
2.98835456371
66.6097112148
53.1807391327
83.5862458459
43.4248313158
118.237774364
101.231985088
66.5434703194
0.29643623717
0.0
0.0
0.0
15.5602161046
18.290780087
62.3640125887
95.3844602498
27.7109793127
170.413286168
39.1219007474
95.1262007863
4.72402331606
1.27273996174
2.15595728159
0.0
7.95628398658
105.918634761
45.5343014352
83.1024871306
58.6794292889
82.397382455
34.1827106102
56.033532204
18.2110673608
3.08583189826
0.0
2.52444881201
26.5475082994
72.5547646308
92.2467224357
61.7218769412
93.2012824584
55.036337167
97.0607272032
62.963431363
36.8787667277
20.6632989943
0.0
0.0
16.9250720143
40.1088408586
74.0980542758
80.8143589162
67.1185393632
67.397443615
55.4971562549
39.4601911925
144.781731656
25.7795658967
0.507083505391
0.0
13.4141797819
54.2273639292
50.6998022182
63.9336751198
53.4951607102
80.6391290472
87.2488592136
80.9297628101
51.8047630918
44.8519425989
41.2416751385
0.439302116633
38.1366482825
53.8832693249
45.0912494436
66.7216441054
91.1571553946
19.8353998661
23.0548908175
103.025022531
29.3674320727
39.0433795898
4.81143261864
8.14930844306
13.7034066953
28.8109333812
30.2728873346
38.4474859536
7.52632872574
65.613955859
73.9343913118
56.3638275694
73.0526952446
14.4581794739
38.7892177217
0.0
6.53629726265
54.4759987817
39.7636527679
75.8870416805
76.7911831838
41.3533581811
107.07340394
73.5479989267
182.048474729
41.722998798
0.0
5.58921611309
21.5372155532
85.7880139277
72.7252720668
56.5818510103
103.280501733
111.289334552
79.6644376853
142.8394267
60.7274748758
0.0
0.0
0.079154273495
8.36641466618
59.6254515722
56.2024321406
98.562897306
30.689915333
15.8307436695
84.5563316345
118.432300575
57.4522486142
0.166742898524
0.0
0.0
13.2211229056
1.13810902834
13.389202673
69.1807712918
72.947752878
77.3578066975
27.8952575158
76.3566353023
23.1532253176
0.0
0.0
0.0
11.379907608
169.638074627
51.1006000238
73.1687252148
128.399047908
107.7525914
46.3250009016
31.3576705457
37.8572722078
0.0
51.2264205067
0.267707013991
0.0
70.204017084
19.6110439896
57.0052091321
44.3156595883
65.1821092498
55.043573285
31.9058595746
0
0
