0
0
0.315445294604
1.81990707293
1.15087059245
1.90630999021
1.20137443219
1.48551771569
5.27366709337
0.35657621501
0.163712695241
0.0274653006345
0.00243783788756
0.0
0.0703050539596
1.42922664044
8.45219668257
0.799163306598
0.624321968295
4.26260759053
2.24497708865
0.470040274318
1.03220722824
0.415659070015
0.0
0.0
0.0285676354542
1.52091711119
0.733964429586
1.30549325608
1.38818954676
2.46088581323
4.13947560545
3.0423991814
0.330254130531
0.0181504245847
1.02900661156
0.0
0.0
7.1466665396
1.84413261665
6.15299457626
0.818696387112
5.01708164159
4.36544320593
2.97061339824
0.081764110364
0.0
0.0
0.0025468240492
0.196253274102
2.8574500698
3.26563813584
3.3340372392
2.31364478171
4.16788954078
2.09351785679
3.71854310902
1.78519619163
0.026587584056
11.9706444759
1.85361631447
0.545420229435
3.36795604369
2.61874835659
2.71054072189
4.35278397784
1.95984629961
0.671492160065
4.47073765309
2.09070682921
0.471629262436
0.0
0.0330808386207
0.66931707412
4.25546551822
3.32057198137
2.79765844526
3.16386617825
2.22893549851
4.31771547819
3.90630759113
2.16043950408
1.26968847681
0.144804572221
0.00482662767172
0.984999815817
2.73015196016
3.54183987691
5.16318469122
3.78238783672
2.3023030702
3.60787835298
3.30058877962
5.94059335836
0.820008752402
0.0
0.0
0.727115660731
2.42453039996
2.52390884853
3.48992754857
3.95152188349
8.99071803363
3.84705784626
3.98145192128
1.15108546987
1.81072079018
0.477762013674
0.0
1.89887277223
3.16252707597
1.44351392309
3.07240180508
2.91838322021
1.4361475925
2.04936116096
7.17431081692
1.26614608103
0.95370785566
0.593663387001
1.89366878266
0.129145418236
2.70471625635
1.1058302864
2.32953867316
0.565755108662
2.81640469213
4.18649836676
2.7044053424
4.81426462019
0.696653201245
0.874460481107
0.125765847042
0.726188819623
4.75064908806
2.32723377121
2.59561859677
2.27995756059
1.36876927409
4.85818980145
4.70607978874
7.42960630869
1.64046479575
0.0191132109612
0.445280587301
1.73404834233
3.40920743137
3.0332556385
2.11372813187
1.59052510082
4.8660997171
2.24009039346
4.43301504292
2.77717159956
0.236894398928
0.0
0.0
0.0
1.61436911207
2.34337357804
2.06850076327
3.32534664904
0.994825232658
2.77595161321
5.38269965164
5.47382318228
0.345419883728
0.0
0.0
0.231960654259
0.444884181023
0.557695726631
1.55603416543
1.9150296041
5.24310976593
0.871609199792
3.40899530798
0.436690554023
0.0
0.0
0.0
0.0
5.12833440956
1.08851927076
3.78626503563
6.08072108403
2.68477149645
1.57086485572
1.65447364748
2.10730552196
0.0
3.60756705794
0.016919604037
0.0
2.13581278175
1.62487405632
3.52457971824
2.87983704754
2.59514656686
4.01697239373
1.38822155073
0
0
