0
0
6.23890853674
46.3809272201
25.1053113454
48.1742585654
29.4019274712
35.301600583
126.93783465
10.7059244514
2.77621293067
1.10779986531
0.117179889232
0.0
1.7595969066
34.0908401347
201.969800728
23.3321807384
15.2641068511
104.949824615
47.2040473222
7.99693461881
14.3331615329
8.25792407244
0.0
0.0
0.257263496518
61.8596914764
17.9608248174
26.8096566895
35.287286047
51.4444837085
103.181375736
73.0078478856
7.7880678121
0.705335095524
27.9278163984
0.164049826562
0.0736319236457
190.600426756
43.5049352954
156.513577245
15.6193277612
127.421314113
101.727635935
75.2393305152
2.93949495257
4.60580384731
0.0110657250043
0.145812559873
9.82064511626
83.9517974854
80.4737493842
86.0953562669
61.415307451
100.415129459
53.1317082302
83.9658321888
25.5261789746
0.527178771794
205.717387878
32.4430475011
20.4979870319
87.3662294448
64.4737659996
79.7078366539
109.754988195
50.7659055562
17.8720365856
101.160666576
39.3688501195
10.7809651326
0.0
6.44281983374
10.1748890877
112.590544224
83.1892809487
67.1776002758
84.3775104163
51.5213688499
101.251447042
91.0618630462
61.361767955
29.6397996247
7.2999363877
0.354331947864
26.2836341412
71.3749492541
82.0530326273
127.810566757
98.199046345
59.3057336378
86.7544616573
80.9403253867
95.6047168531
19.8317697868
0.0
0.0
25.9021890917
71.5024873121
58.0178817362
82.1907361709
99.0616998794
197.439453866
94.7232797491
88.8983980102
26.7353320421
45.0009723007
28.5807573794
0.0
54.8516196012
65.4505009577
34.5857740157
76.7668046894
71.5235106703
32.9695895388
44.5182253495
169.168346173
29.1236898043
37.7097873072
15.090938732
46.0080507137
2.08293800242
91.8080530464
32.4318323918
55.137386838
13.2548518558
68.4629763881
103.038356256
58.6218709274
125.796859151
22.0934478342
19.282629624
11.7940915525
18.2017968893
123.015418567
56.1900628572
67.0118230452
51.7674711886
31.794502806
117.454580197
118.774979398
187.892671231
43.8431378604
2.11413122714
8.18450930714
29.5761926026
81.7570026108
61.0805335958
49.6156927721
38.869674216
117.901090482
61.3021498471
107.299696706
71.565083105
5.48386967182
0.0
0.0
1.88206011057
39.1376554594
58.0165931582
65.4275964238
85.7663206459
22.1860273127
65.2868112288
127.79303699
105.825041768
15.0026035309
0.0
0.0
13.1446454376
4.64392777906
16.7040032409
33.6261848676
36.8484443383
130.048419524
22.3019750118
84.0425683613
14.4413182363
0.0
0.0
0.0
4.43760752678
155.18784669
27.3242689514
86.8824979999
130.976580072
53.1140277134
35.776044481
36.5026051999
67.242115086
0.0
62.0377972462
2.00045461021
1.94418793917
48.2518664002
40.4305848778
85.2754432877
63.4914098606
84.5329811052
96.1313457526
30.4997667074
0
0
