0
0
3.36558562517
61.0770933331
26.5235225782
28.1837813734
20.9131386909
24.2168361134
122.3547995
19.0245243385
9.50009465218
3.07779947297
0.119702517986
0.0
1.37289715558
18.0270053297
184.949926833
16.9012539871
19.1814222615
50.1314353644
72.9188997355
25.1319871322
22.8221363425
7.93685723842
0.0
0.0
4.35709367088
8.57328804396
60.6957452345
32.5000219764
37.0769690014
41.4170051738
98.1533223799
115.150270097
19.2396121016
0.0
13.5540333465
1.6022581011
0.0695948358624
66.6972611546
42.7124140543
140.942754376
36.365616845
120.726879314
94.3315373249
64.0384054183
7.45362243802
0.0
0.0
0.0
15.0666121468
29.1378333271
54.181881792
79.0758128465
80.0926162478
147.904254198
37.228146791
91.3925446495
40.7972636261
4.26393380016
5.2154275775
0.0705326702446
11.7098515034
96.762405809
49.6340379334
81.7603824566
67.9513237298
67.0151016823
28.1881489442
60.0968105962
37.2223779127
7.50986603647
0.0
10.6834802628
12.4223494828
60.1714805179
79.3219282889
65.2523014442
98.2632197868
68.0331101417
93.9640584473
86.0420139358
58.8193464931
37.0565043838
4.1693668859
0.0
7.976437971
36.9998415281
86.5878364238
113.834026085
73.4902039022
68.4036248849
73.6784781775
52.5232579303
121.092049643
30.4976747633
0.471284732222
0.0
20.8842149908
25.787365308
43.103701897
57.848473817
62.7407134752
113.596237326
94.7151504485
89.6433761717
49.1097347717
53.7049357296
78.1088590622
0.0
67.5438215174
40.2100803936
39.9542921762
74.8680800534
74.2845199238
18.4014652725
41.0311363236
121.64035128
21.5611051479
27.045789756
2.75761505215
26.8876858279
4.88940359652
7.08980476855
25.3228784446
41.1782118715
16.6501250826
69.8330305711
79.7861987203
48.3420219914
84.0673798174
33.9977867604
40.6568363606
0.0
12.8444164507
68.6200018934
39.4905391596
88.8324235054
74.799994927
32.1794465467
124.624201013
87.2279214725
237.593601872
45.289536953
0.149458777159
4.10690751672
19.5354391337
81.6230430286
63.1125393101
34.2648973111
78.1180704972
133.074803486
72.3898644559
109.9097392
51.8403617609
0.0
0.0
0.0820341836662
16.931295678
52.5524903052
64.183794245
81.1285817138
34.0079727926
22.2717399756
73.1686377302
136.337693855
76.589913174
11.9848701954
0.0
0.0
30.3691467941
2.31417113543
27.2888705134
57.0991848427
25.4341438896
120.717380662
17.695374839
65.437804073
5.64708445966
0.0
0.0
0.0
0.738172620535
92.19886758
51.4358627479
71.7738659306
99.7000433095
93.2596930471
17.6671846937
40.4115135055
65.2060130057
0.0
52.972680755
0.0542730353772
0.0
60.0384320542
16.9532890767
54.9092882462
44.7804496363
61.0133980382
64.6684422986
37.3588306903
0.0
0.0
0.0
0.0
0
0
0
0
0
0
0
0
0
0
