0
0
3.43154937029
56.7777572124
22.8487343118
28.3681828157
17.8196849199
28.5264380873
122.79698213
19.1997574009
5.7858735323
3.32482416182
0.14333910495
0.0
1.52212864347
17.0713030491
182.153755174
18.3231502483
19.8127953066
55.5210946464
67.7260340954
35.865666557
12.3405210972
4.83032585866
0.0
0.0
2.29785192199
10.7582957139
58.6821274543
40.3462254564
36.6331021786
42.9874719233
100.835224517
115.059134022
7.15841891616
0.0
3.93636573852
1.01178850606
0.0795369576662
46.1812689494
45.0314160046
144.513563395
37.3869456835
119.725395609
94.3586501107
65.561458692
12.3183224648
0.0
0.0
0.0
11.5073106028
34.9405463933
56.3691062098
77.1473779846
86.8857882362
136.504539041
40.7085513662
86.1424951181
15.4175820127
5.08748227358
5.34239058941
0.25074391812
10.8843934536
97.7338165642
49.9156275792
90.6206359164
84.7873182334
65.782980144
28.3519603685
60.3074152982
50.9470975176
15.4764452744
0.0
10.4310062975
11.9372141361
62.1586444193
80.2233948782
71.0929980408
93.5994404386
65.4580969735
96.6495143863
82.7803987562
67.4820232541
31.4247184284
4.40702505223
0.0298918699846
28.7064096629
42.1568481876
78.5686295405
109.269981838
71.1022427158
65.460472866
74.8355876506
56.942496948
141.978148386
27.0625679287
0.613078862429
0.0
19.3783092024
32.2567225154
43.787707122
65.3736303658
70.4894391065
119.080212259
96.7862763125
85.1658011599
36.4159163609
58.5934898258
40.3489108085
0.0
59.0702182603
37.5917869248
40.256061282
75.0495026722
71.7899724869
18.6976676239
41.9092327114
126.291580645
24.033466939
16.6829478331
1.2246337831
28.4697058015
10.6430486077
5.41350728273
25.3965121423
45.1542082932
17.6820675451
65.9157852754
84.8491053209
54.859952652
115.589491501
29.0397070349
39.62443671
0.0
9.31061859055
72.5913611333
38.5715468741
80.7473123618
69.3037369922
30.6898142918
123.980590973
90.1213238506
211.915610241
47.5273227989
0.598077356815
6.42400556803
17.4791930057
79.02783009
66.5061779078
34.5620019379
83.8190412149
136.076204762
71.4162170849
108.50574862
46.6558678598
2.90638697148
0.0
0.0
20.2713532448
43.1513165719
60.1665360778
67.1222383236
36.2413342987
22.4566593133
70.7560973837
135.105173528
82.7660803925
11.5009016991
0.0
0.0
24.6755336774
3.14920699596
22.7235755324
49.3291651906
34.358143553
113.054423109
19.4394400455
76.0916675628
10.1473059207
0.0
