0
0
0.15687527461
1.11452962458
0.63722253195
2.27745142858
0.887671394681
1.56716543366
4.87602158915
0.57992473105
0.193529576063
0.114457821939
0.00771184638143
0.0
0.009980470757
1.32814147207
7.65640537394
1.10890473495
0.76804087637
3.9299129853
1.78881919035
0.329276823439
1.1908869762
1.82449145149
0.0
0.0
0.0346293523908
2.9590545781
0.729437747621
1.69043273921
1.49418811873
2.15655049821
4.0557679995
2.73544895631
0.430792997591
0.0492182336748
0.967649273109
0.00439897784963
0.0
7.21118537989
2.12562607203
6.45179330267
0.626002942678
5.20670618769
4.48100366862
2.68904051161
0.240059783682
0.0
0.0
0.0049482122995
0.491659136489
3.48987266375
2.70028248709
3.34928946057
3.01213230193
4.68086010683
2.08420166175
3.36799023161
0.959018313326
0.0439617214724
12.4570772164
2.71596776461
1.80952066183
3.83054273576
2.51920839725
3.4655752597
4.65445934841
2.2505932413
1.10188972458
4.11204166012
2.43731712631
0.293375133537
0.0
0.0300212167203
0.616618037224
5.03098707087
3.92882492201
2.56052507175
3.37499722437
2.23048148217
4.20824628984
3.09927917179
2.36489515263
0.838297051378
0.580292558298
0.0143463769928
1.36779915169
2.93906495266
3.38135861419
5.24808944116
3.73494676407
2.68073389935
3.63697228959
3.10743701831
4.30843896221
1.41241253726
0.0
0.0
1.26735546766
3.36847177148
2.31224695034
3.60166641232
4.28286698076
7.21058057051
3.93454872025
3.92077634158
1.19116612291
1.74829140119
0.930038351566
0.0
2.76943256077
2.93330895714
1.80396656552
3.07865960518
2.59729654738
1.21281857905
1.78673157596
6.71786798886
1.50134339929
1.06036088336
0.934127231129
1.95461023599
0.0623732034583
4.00238612911
1.1476680371
2.41443332779
0.699070844799
2.7301908806
4.0922876785
2.51983193401
4.98146937415
0.791610654444
1.31064595375
0.101834006608
0.169978805352
5.8920957623
1.71459311899
2.76974660577
2.0782718421
1.32247850997
5.36574821826
5.29578449996
7.45896284585
2.67405012529
0.104913892224
0.456397656351
1.30438747257
3.33540543483
2.44433985016
1.58356283209
3.20354975294
5.06161815347
2.96479531843
4.65065062698
2.82077192329
0.12444280833
0.0
0.0
0.253624081612
2.61719978973
2.51893101539
2.65548322909
2.6289015403
0.8457572927
2.45057122514
5.48337056581
4.80450177426
0.467102617025
0.0
0.0
1.60405076784
0.167685225606
0.596166805364
1.55120286159
1.74405415636
5.72967661521
1.03389436286
3.49945967318
0.898366525769
0.0
0.0
0.393273875117
0.947517707944
11.6232869979
1.3174228163
3.69002517965
5.47153356113
2.47338499292
1.37792816362
1.60282512009
3.07723551989
0.0
2.50402418338
0.00625824200688
0.171463817358
1.91945736855
1.61467911303
3.49801061023
2.17007020093
2.72031841869
3.65898547228
1.39765709639
0
0
