0
0
3.05501085521
80.6970615684
36.3239790648
32.345871679
23.366598607
24.2547889241
109.414918049
17.0113446512
0.264116205276
4.16351662205
0.0
14.764570713
1.19301690348
23.0781463226
147.464501957
27.496249158
19.445105385
38.4186462386
80.1743174494
41.3952594101
11.4486666508
8.47276067734
0.0
0.0
3.57408186235
57.2084645592
59.935198428
29.0239791046
38.9357030018
47.0563052818
99.4873227413
97.3139797747
12.3895483576
0.0
4.13371324538
0.0860033668577
0.324897967279
63.2749100513
49.0151688298
106.611336987
34.2817515694
121.320476652
101.363327008
68.4648037702
0.513916737401
0.0
0.0
0.0
17.0173959732
17.3994509652
61.0934498851
91.4675554577
38.9001531768
160.366318591
30.9055029257
96.147704537
6.00641712919
1.49516512826
5.3193696253
0.0
19.0486915111
114.544580843
41.6894110646
77.2238649242
62.6114220098
71.3248538011
29.1495579458
51.1161709834
33.7981086456
6.94127983601
0.0
14.2364931107
23.2312345505
82.953133531
80.923201237
79.7451627797
95.1808858774
56.5608422784
87.976938785
63.7707194947
41.8599053635
22.1895983443
4.11109324918
0.0
18.2440708727
41.6000339678
74.6850723134
106.477039176
82.455251873
70.7221124741
62.7047356142
47.3390878618
165.251768553
69.6995208041
0.865961283446
0.0
13.4690289167
37.1100801062
47.6009224572
66.450508879
60.4692141871
88.7910862778
97.3685147501
74.2750680149
38.0432905051
52.0350498854
42.1765565873
0.127288095653
46.8752183542
47.9965760707
45.8217319586
76.6675623888
84.0730972253
15.7159266584
30.3979676887
94.6818987989
28.3880012837
36.6773512512
9.19764474593
21.6989941802
3.81107383222
16.8646889683
28.5182663045
36.9343081099
11.4222410889
73.7985201235
68.9344034326
66.3170843962
76.397849813
13.018117547
48.6191216782
0.332636430859
9.11975542457
59.6643565334
34.6673431882
88.8861635105
86.7275408786
40.4203465142
118.97506896
91.3917741739
195.153724864
37.0509837269
0.0914525762201
3.64983534067
22.0562955737
95.9756417508
65.1399572006
55.1434904141
94.911520332
121.362601558
72.5151385142
117.449337138
53.1598411538
0.0
0.0
0.132111378014
21.0741763115
44.1946664081
66.3722903431
67.880624982
28.1088623652
24.2036224315
80.9123139214
130.760668494
58.8574341461
5.51337754726
0.0
0.0
18.6456444114
11.1885065362
29.3766961238
67.0927147171
47.0662917142
111.478855044
22.2913756426
69.0571858584
14.44874686
0.0
0.0
0.0
0.0
82.3278276566
74.6164427194
69.0079399366
100.987562061
107.988595845
36.0337030963
32.6378729494
46.0792203919
0.0
66.5882152877
0.0721034668385
0.767426043749
69.712682873
23.3173926361
49.805898059
22.6986114951
53.1084087732
54.3677882441
32.7537395059
0
0
