0
0
0.633178934455
75.0318598152
34.1658141912
34.7872355422
25.1250020983
20.0914013162
104.194085643
18.5889076707
0.531376523897
3.99140706473
0.0
14.3490743637
3.27672637068
31.6231574602
147.769223034
33.0591366067
20.1237377264
35.4367497862
68.710846128
56.3581220359
14.8062724248
8.47692142054
0.0
0.0
10.1361307483
74.414179433
52.6450390274
29.4744017465
32.4492355642
51.602335129
95.5753397076
89.1771380827
9.89399365337
0.0
7.44784940779
0.0966098159551
2.8936752677
75.616583772
50.373753366
88.3381583928
43.6418745518
117.726205916
105.749706958
68.7677996597
0.364542245866
0.0
5.67132425309
0.0
10.4259803966
19.0394078493
67.6896834187
92.8875071201
25.6061471923
173.701331634
36.8216015556
99.6562582505
31.2252244781
0.911269694566
2.13700570911
0.0
13.4922312498
112.257640902
42.1430272841
82.8327376339
59.6057476373
73.1228741035
30.2497663786
57.2163128369
25.1708210455
5.25041170231
0.0
3.07710345089
17.5845788978
76.0723480248
87.8253904692
71.0899819442
94.2054043058
53.7228059246
94.7925158729
55.831621321
31.8266311493
18.146165438
1.8846563492
0.0
34.6962076128
42.6831072326
78.6885591521
91.9344159029
74.0958309326
64.7074382873
60.7972045932
39.0988180562
148.269780211
40.5183435156
1.2481046319
0.0
17.5968832425
56.061649885
49.5748806818
53.8522574734
57.6070471274
80.3540360062
86.8033721801
74.0537634586
56.635775635
49.0672836005
44.8651041984
0.131389640272
46.707488833
52.9652134766
46.0536219142
64.0842782179
83.7080623582
18.5579717606
25.9077952188
108.141285388
24.8410917437
39.4347842484
0.938494384289
14.8764609732
11.1859988552
34.1676810197
28.6527935676
33.4400304257
8.55550739542
67.0485588089
70.355577875
48.4588537286
72.3334725089
12.700987637
31.3953348398
0.0
13.1849038079
53.125048913
39.7689042566
83.9915865696
69.7387162874
38.4078967889
104.435043544
71.5644655517
28.2435005306
40.5364145189
0.0
4.63666827233
24.470564671
86.3019915036
70.0539324079
56.9854091558
106.210457096
113.144557323
79.7994255648
112.490812814
59.200867759
0.0
0.0
0.0749907586723
7.61307004094
49.3553147558
59.7913550064
77.2566522806
28.581413526
28.1226482642
85.0305402094
120.610046865
52.8882581369
5.42139780521
0.0
0.0
14.0704954863
1.23157862574
16.2032531393
71.1898432594
59.8374033271
94.1960820706
25.7174742139
77.5822084536
22.5720832497
0.0
