0
0
0.710728716105
1.49134986103
1.29521316267
1.90239649988
1.10881475138
1.30435756539
5.72754429653
0.361934253946
0.104305177927
0.0255342037417
0.0
0.00265812594444
0.068767307559
1.33426299272
8.06500038877
0.653317828197
0.642910142429
4.40617925627
2.4031443987
0.58195472043
1.12077770382
0.378211811185
0.0
0.0
0.0260515380651
1.25964482664
0.734902241034
1.02971548541
1.49482157466
2.40503879567
4.25128418743
3.1585616878
0.561256852932
0.0304437689483
1.11344818957
0.0148084154353
0.0
6.1413818635
1.97773698985
6.66200461477
0.73319561698
5.10483085318
4.25253334362
2.73700386425
0.0883053606376
0.0
0.0
0.0435900203884
0.220019834116
2.4968631512
3.18539100792
3.58142887952
2.1118250424
4.13748737215
2.19161161431
3.59023654705
2.29718357697
0.0163913220167
14.706696853
1.36223729188
0.447324618697
3.08232867904
2.89915962494
2.54710786568
4.13585286168
1.94896493852
0.668585000793
4.65307777119
1.97688058013
0.445722307428
0.0
0.598550068215
0.432835873216
3.57724849507
3.11810368672
2.47439348092
3.17901672586
2.33763823402
4.43537866184
3.11158215778
1.85052680969
1.11355823278
0.0540934992023
0.00740233017132
1.049077339
2.53163956851
3.17429334717
5.16953446809
4.01815892628
2.31259157928
3.56033118814
3.6008866512
5.98587032792
0.977457627654
0.0
0.0
0.550166701316
2.21403928648
2.73984382313
3.50697817188
3.35201318096
9.54973309115
3.600341763
3.92176536232
1.08912017802
1.59255983215
1.06254078448
0.0
1.57553671545
2.51726037537
1.50274238246
2.80561178981
3.04842859181
1.44712098362
1.9324347144
7.4671488665
0.868936424842
2.84930942906
0.715324707329
2.09197649825
0.127238304238
1.66551499814
1.20017573773
2.40323871979
0.49728106102
2.63503327104
4.21039070247
2.58866627869
4.38873767632
0.670474041253
0.619846797548
0.0
0.754435019568
4.8662837632
1.96634900989
2.62971782597
2.21642753913
1.27674079104
4.56059835292
4.82885410357
7.35577471135
1.18832784239
0.109186256304
0.378038641065
1.44086325029
3.64102900284
3.17469574825
2.25188929681
2.21441004111
4.89099544799
2.05022509932
4.4640753828
2.43031077937
0.288507342339
0.0
0.0
0.0
1.27773342934
2.38178685051
2.2384946465
3.09857530752
1.02997032739
3.05136014894
5.42017434444
5.86746281094
0.502004146576
0.0
0.0
0.241666674614
0.315868079662
0.620672263205
1.54731619777
1.69120240631
4.97545145405
1.1086755828
3.06443984434
0.481863632798
0.0
0.0
0.0
0.0
5.03861148987
1.12469418813
3.9124115014
5.94227576675
2.31377803732
1.61365992227
2.03242136538
1.71165239043
0.0167588125914
3.75416122656
0.018346193363
0.0
2.22770161554
1.64921228541
3.43871593149
2.7371289084
2.73356501432
3.91330201458
1.41535865888
0
0
