0
0
0.131786648184
2.71574738622
0.804402749985
1.28220938658
1.06631936145
1.03011716949
4.73654581688
0.65065118589
0.011372034438
0.0974197443575
0.0
0.0
0.0720080889296
0.974189388566
6.97140241461
0.879857408814
0.84312057402
1.94194616447
3.22126594465
1.3836172726
0.420871533453
0.357217140496
0.0
0.0
0.240318670869
1.42515038117
2.49497802812
1.5255643673
1.73330974439
2.05875414133
4.18496980425
4.35912571428
0.808751596138
0.0
0.143181374297
0.00259947474115
0.153270319104
3.62694840971
1.89562644251
5.34125071042
1.06980999676
5.09822582919
4.04111188697
2.829055754
0.795139980968
0.0
0.0
0.0
0.481251335703
1.20407480933
2.34891021589
3.31345677632
2.68128695595
6.24350392562
1.40229701612
4.1248503814
0.435673817381
0.149481277913
0.0798527835868
0.0
0.582476854324
4.67183091911
1.93546725169
3.2171089577
2.802210578
2.7140900041
1.1593981249
2.15195273201
1.94684766466
0.501926846569
0.0
0.650732576847
0.882889211178
2.79231467843
3.34529596375
2.46822898637
3.73970248853
2.56335853972
3.63023984618
3.36672323942
2.30110317888
1.48250108771
0.0019202636322
0.0
0.244001677085
1.68897165151
3.38812176487
4.67413617799
2.89105762402
3.08397714136
2.86594014615
2.23319331626
6.79934885947
1.30149092525
0.0176016576588
0.0
0.635845961398
1.34430732019
1.95253030164
2.50292689475
2.46313152334
4.29801739694
4.25257069618
3.59611530299
1.40098133381
2.28661005944
1.76481880248
0.0
2.03020580788
1.61284688266
1.65196567215
3.21587702818
3.77098578168
0.655183846364
1.6017316673
4.11737403122
1.19604203705
1.57261728775
0.136201958172
1.27421605913
0.174693536945
0.266382647445
1.10893898027
1.5706752988
0.551137864415
3.03652575042
2.91317889615
2.55753673794
3.06713264389
1.03006138653
2.12487869151
0.0
0.487081416883
2.4980487274
1.59539762
3.72154933494
3.2332311346
1.5878908725
5.31228818931
3.64486764208
8.09272521175
1.39921087772
0.00972027797252
0.150925735012
0.756823406555
3.66638404771
2.70025555324
1.91045100056
3.98700278625
5.15566452034
2.987926865
4.47040852858
2.3530972884
0.0
0.0
0.0
0.867781650275
2.02628145739
2.79719354073
3.23931666056
1.52411572973
0.831570712849
3.32687737513
5.96565751894
2.88532582438
0.518241286278
0.0
0.0
0.73145031929
0.374063082039
0.87986647943
2.71301709255
1.71808896074
4.55065359501
0.693306850968
3.08491218556
0.27520461753
0.0
0.0
0.0
0.118069961667
2.80368635152
3.07769097702
2.72649623419
4.64931956446
3.98725015693
0.929525231826
1.34930942953
3.20666891523
0.0
3.4769916893
0.00429348973557
0.0
2.88673673198
0.800524053164
2.24308687495
1.32847381849
2.47593562235
2.27934321412
1.45599916577
0
0
