0
0
0.140303879976
1.50810950808
0.744256970822
1.18843329512
0.933222095133
1.13854341046
4.99711331737
0.972654030425
0.317490011454
0.153629879467
0.00536429649219
0.0
0.0723511239048
0.788128628337
7.69989411888
0.851528078201
0.78785539465
2.91749157326
2.4899304288
1.21447000373
1.12395670265
0.227220196743
0.0
0.0
0.0687053003348
0.402861924027
2.27449409885
1.57157749147
1.3703411743
1.80776957562
4.3141373517
4.52367423289
0.227039125282
0.0
0.849958857521
0.0
0.00583687378094
1.89353372669
1.75945935538
5.85420199507
1.4774287967
5.68190444226
4.03533112304
2.67982926068
0.466986246407
0.0
0.0
0.0
0.455894093961
1.48835915921
2.45803473715
3.10845610523
3.46052053996
5.15233340708
1.79749078956
3.59293512092
0.611673733918
0.227745464072
0.0549868922681
0.00884515698999
0.0
4.01138388086
2.06251173932
4.11639271828
3.70890987525
2.79365850962
1.28693305608
2.58829786855
1.8751314067
0.378124580253
0.0
0.521011928096
0.498470425606
2.70248979144
3.31982013886
2.67752245325
3.69629538525
2.50466592261
4.69311650668
3.28525747173
2.65060725971
1.28441818058
0.0188787349034
0.00101844745222
1.22749751247
2.30057829176
3.3935827263
4.91748435446
3.48857375327
2.72900578263
3.20526537579
2.33566011279
4.74704362592
3.10272143083
0.0622283406556
0.0
0.825721591187
1.19620515965
1.83418875886
2.88721512398
3.21113363793
5.53620472329
3.82253565229
3.63829284906
1.41256063245
2.34518187493
1.47746574879
0.0
2.12204368471
1.64766061073
1.54727134411
3.13508046116
2.81538613816
0.679135706625
1.59917245246
5.55564923654
0.850084959529
0.782174247783
0.164031948429
1.58372897096
0.360184602439
0.369082313031
1.14062385389
1.7993718104
0.800082790432
2.97401286801
3.58475607214
2.6245058066
4.30826029088
1.08845035732
1.27968444489
0.237535566092
0.516710006632
3.35813789768
1.44940515223
3.2802901112
2.74679088953
1.24609182449
5.26228245033
3.80305359309
7.60508863052
1.88250836264
0.152960434556
0.472417280078
0.780282335007
3.17887210299
2.77790543623
1.64209078031
3.83192982711
5.2429193214
3.21745339315
4.41701822844
1.78435204551
0.168233782053
0.0
0.0
0.918410539627
2.09978296794
2.28322145715
2.86872801976
1.55296194786
1.03293339675
2.97334498656
5.75549651496
3.97516263719
0.612738013268
0.0
0.00712253432721
1.41122169793
0.094489807263
1.10635693371
1.95814919338
1.52936956706
4.54224138895
1.00161915598
3.13159696478
0.542046988383
0.0
0.0
0.0
0.0
5.85716381809
1.80331511679
3.11029919749
4.47534236469
3.7158935623
0.788202499971
1.68602559599
3.63576767221
0.0160198342055
2.18824500637
0.0
0.0
2.21211452642
0.912178191589
2.67311876803
2.06407362269
2.16386851156
3.17044438235
1.3879301846
0
0
