0
0
3.87101733684
74.9980612435
29.7638876438
34.5200253389
24.3740447369
24.5305530187
112.197187608
17.7937069251
0.270668573678
4.53907628172
0.0
0.0
1.1967788972
22.6467841594
163.139751188
27.6262039618
20.8985083038
39.403164491
74.4634615034
42.2454738468
10.9619363956
8.26075064018
0.0
0.0
3.50821548701
53.214125041
59.3195336201
30.3203772869
41.0257326252
48.7689935155
102.464820262
99.0645061322
17.19939854
0.0
2.90774264933
0.0623873937876
0.0
79.8813383952
48.2662306075
114.517455462
26.2285243738
127.365639573
103.001919776
70.1653749206
13.0809506569
0.0
0.0
0.0
12.0894498601
27.6820842996
59.3857337098
86.4448095559
48.0542509183
154.641615956
29.5342385928
89.8240871765
7.18391274288
2.86169872061
0.0
0.0
13.380194664
118.509365793
41.0738207172
72.176540304
61.9400282297
69.038277805
28.0347021763
65.178319153
41.4918837701
19.9957850799
0.0
16.780248642
25.0449380278
68.4656623901
89.5860012622
60.4325898941
90.9776875042
57.6828246118
93.301150788
78.4087163731
57.0668724161
27.7199264467
0.278120253235
0.0
15.8709772378
43.4521300709
74.831799673
110.479208998
75.1598388086
73.6886508367
64.6181186064
50.9227394045
139.613360943
56.1482494846
0.460980892181
0.0
16.4015350202
36.9204883241
46.5864780396
63.391080589
57.8756670523
97.0964920632
98.5112383094
80.798197045
30.8578255234
52.8344201446
46.3145878315
0.0642485395073
42.4259908999
45.7652371992
40.1753597484
74.7349693961
84.1993303046
15.1623642482
31.3033484426
96.7214869783
29.0451125717
70.0614696667
6.95088207722
23.1203504875
3.26816819609
10.4374518804
27.1551803983
32.6101288106
14.0633469438
75.2893355861
67.2612216118
63.0546942497
66.4283532499
20.296574235
55.2728624717
0.325427502394
10.5368875712
61.9358519688
33.9376846142
87.849852372
85.1761569343
40.5318576526
124.078082554
84.5903949934
201.927413508
37.0020350218
0.183411754668
6.99466048927
18.7828746177
89.0192509848
70.2283130362
43.5931156351
97.7171044238
123.92126289
74.1453197971
108.213926163
54.3189621689
0.0
0.0
0.139443710446
20.2268818617
45.2074329984
64.5709008984
72.3577037892
31.8653407116
25.0213096831
79.7449636346
131.973975733
60.7244102508
14.0187678337
0.0
0.0
14.879288435
22.2309013009
25.9144288022
70.3480950314
47.0545911156
113.327492114
20.1187499687
71.8376658708
8.53064087033
0.0
