0
0
0.0246697887778
2.36016319692
1.14474557037
1.90060637984
1.27304933046
0.786393876188
3.6715046044
0.891617594752
0.314824789762
0.255612215959
0.0191370025277
0.598089118896
0.145828039618
0.868830774911
5.48072061129
1.71973369038
0.94016736676
1.60129707493
2.90068176552
1.60175026418
0.598362921737
1.2690819446
0.0
0.0
0.628600970958
1.29090103484
2.01278483096
1.34961678274
1.83869167988
2.08940238832
4.23428229475
3.66252777679
0.700321523473
0.0
0.974426744506
0.00337844691239
0.0984220165992
2.58221898344
1.9771787168
3.42304006068
1.53264969541
4.82223608438
4.33009843901
2.91510213865
0.0110675470205
0.0
0.236295029521
0.0
0.600225169212
0.659432371729
2.51786848297
4.28876780928
1.08901051898
7.26809524093
1.76897966152
4.18388584506
0.254927585134
0.0194461131468
0.0791161484085
0.0239093080163
0.580524042249
4.62936981814
1.81893305434
3.46168161347
1.84965025075
3.23948478221
1.43837705208
2.17983702081
0.803550045996
0.116855953122
0.0
0.0990984886885
0.751692146063
2.59106486663
3.72084256215
2.09781069099
3.57973729679
2.27114332444
4.08727712836
2.27558432677
1.51658137655
0.978871276602
0.216738644987
0.283630162477
0.626197038102
1.51469479641
3.07454500545
3.34133889142
2.49233174138
2.88462311262
2.33791830298
1.66622020694
6.48502757074
1.87308824062
0.0175441261381
0.0
0.712212050334
1.82307445118
2.09675422125
2.40717169596
2.48144507932
3.42234554497
3.51001326717
3.08203509799
1.66261615464
1.6772794947
1.785520643
0.0
2.15319757955
1.96365290834
2.01837247098
2.89973528811
3.81625147595
0.947048423346
1.01700433809
4.1464879649
2.05085423589
1.91675268672
0.0618420504034
0.652592247352
0.545144442935
1.05005656648
1.3268918512
1.62297331821
0.265926716849
2.68790439935
3.13272735669
2.36189124733
3.49049940309
0.317531866021
0.815879615955
0.0
0.243429562426
2.10665829852
1.51976781571
3.03739342745
3.56508429628
1.82866925141
4.24135446514
3.067902599
1.31518577039
1.98529366404
0.0139930900186
0.177803809289
0.951555654407
3.74572107405
2.85855175136
2.37422803545
4.41622839088
4.6795019749
3.37178586982
4.92115691816
2.71896644932
0.0
0.0
0.00329785095528
0.345730870962
2.86386552081
2.47168100998
3.44983884727
1.54265843472
0.852964607999
3.67644174758
5.23914610967
2.13973063696
0.00975665077567
0.00632098596543
0.0
0.545104026794
0.0
0.845815559017
3.23309114925
3.30847076327
3.089799935
1.1668788488
2.99099133257
1.09526009113
0.0
0.0
0.0
0.526422757655
6.5547502737
1.99898026889
2.51407445548
5.51198395249
5.18141270475
1.93241529434
1.01071050763
1.38883446157
0.0
3.30692403112
0.00610742799472
0.0
2.57986905286
0.754021634348
2.42999103444
1.41263724561
2.84054589458
2.535442641
1.34683893714
0
0
