0
0
2.52455290406
85.83671844
30.5828631074
31.7451123074
24.1090118532
21.3450735044
107.48432073
19.9286708082
0.0481654498726
3.30038049816
0.0
14.9199428558
1.79632028751
30.8438827051
145.211781643
33.8241127879
17.6470717192
33.0284728097
74.7003204077
54.2104800715
13.8799967207
8.4375199601
0.0
0.0
5.69454518148
65.3770496472
54.9822524618
29.3291484187
32.9377227612
47.8791846055
101.271898351
94.0530653222
6.93399329112
0.0
5.93322184682
0.0924093928188
2.27124452591
76.2826678678
50.1620741794
93.6409437898
42.6104594282
116.335479592
104.263456497
68.7876472366
0.529717172496
0.0
5.67025637626
0.0
13.5290244631
18.1387263984
64.8263641858
97.734259788
27.9483539165
144.267739188
32.6938271234
101.067774855
5.51550205798
1.44332949445
3.84962813928
1.02006241679
11.6291885376
112.442011312
43.9780540745
82.9806456977
56.7601724491
77.1555311064
30.761593963
51.9462075569
26.1103321322
4.36672012322
0.0
8.25211140142
17.4078011513
82.1313526778
92.2576603442
67.6680721846
93.7521943543
55.3022329229
86.9161357284
55.1440684274
36.9271663092
22.7536718286
4.27877280862
0.0
35.4243008047
41.9594951738
66.6370613287
96.8783716522
80.4757943786
64.9601669297
60.1292527188
41.008703663
134.955432929
67.4422441162
1.02713343501
0.0
15.188939082
59.690671116
48.6520645469
58.7420161776
58.7070045602
84.328851275
90.8481665477
74.3778391526
41.1474477331
49.2743181288
44.7754923106
0.118510197848
51.8489465146
46.1420787732
48.3038180227
69.4596241541
83.3584601282
15.5556601323
28.4454052505
96.9158172235
28.1723793516
26.8351567313
5.79391009548
20.9230308719
9.91530461842
26.8677376471
30.5825979319
34.7448334402
9.60328254103
72.4618881214
69.1037713586
55.8882196471
78.4253492542
12.3040492684
39.4812269323
9.08603248001
10.8291181549
61.0610202626
40.2956519724
96.5147385468
77.4269999676
39.7925943103
114.111121707
83.410535831
186.940617207
34.2540240101
0.10949293524
4.59632858633
33.3385123015
88.5372581674
73.1227362938
57.5691511171
110.68183725
119.305182667
77.9635659902
110.098808829
61.3345751585
0.0
0.0
0.0
14.9306963682
40.0044309161
60.995879911
72.6076557487
24.9705222482
34.5925706969
81.2957926579
128.396569004
58.5766408452
5.58567559718
0.0
0.0
16.1877264529
1.42996144295
33.755385071
71.7332163098
46.0551759079
99.550342776
22.9163271189
80.3501074164
19.6537127495
0.0
0.0
0.0
0.77615314722
174.019098055
63.4806925188
68.35371387
107.444494665
108.229847638
37.1450274065
39.5871343018
45.4471635818
0.0
52.4079606682
0.0721034556626
0.556485638023
71.0049479976
26.7154116221
51.1149780751
31.3196449298
51.3130333219
56.9105016142
33.1847331226
0
0
