0
0
3.66294345259
26.5859598876
12.5978095131
48.8907097411
21.0620233635
34.5490951985
114.925732132
15.2073047329
5.95028007031
3.13839167542
10.2676739953
0.0
0.169426803477
29.2933368367
184.876699822
27.261784818
19.44985722
108.343272619
47.0298811308
14.8521931395
19.985208258
8.35913982242
0.0
0.0
0.699160046875
61.1074805035
29.4733738498
39.364973478
35.2429299317
46.3660471848
99.1264599358
75.8173641977
18.0149937216
1.35207608342
8.34711330571
0.489657863974
0.0
150.86709588
52.3042126838
152.568728412
22.8992907554
144.384293396
108.634838616
57.2381782942
9.53220493812
23.7404909134
0.0
0.0702886898071
16.4919371903
52.8324236981
66.5678743589
77.0212267042
67.7554624603
113.298345476
45.3566296286
86.8516173362
47.7234989851
2.08810959756
168.199708343
79.2548519969
35.8390796184
77.0372955948
59.0838006091
82.5490255728
108.636839479
51.4222594402
28.6247660563
82.3911083489
47.8142670142
8.03277334572
0.0
15.5263727903
14.6818006039
109.501792096
88.8162562531
54.0174518698
74.9986658664
58.5854401757
98.334614424
67.5287357904
50.1436196453
19.828162875
1.12902867794
0.113832134754
31.7470740079
68.8297747015
80.1763516702
123.923506526
83.9585099676
63.7541143522
86.4923984035
74.9395912382
114.56935358
28.1952712834
0.726849183439
0.0
22.4029694125
62.9429397514
53.3363001869
88.040944878
109.88079413
177.181254747
97.3514296039
95.1560421554
30.9996913188
42.3626071661
24.7786474229
0.0
58.3649790958
61.0395907313
33.6843598243
81.8892650251
65.3352588638
29.1307784189
44.1128286502
154.325937945
43.5606377722
137.740296029
24.0526076407
42.878313169
1.22190725827
61.7789628595
27.9060614873
51.9599358067
17.9567268044
64.5049489243
94.9830502421
60.8555132971
90.3893674426
24.7810933152
29.7416834683
1.35569880903
5.66316350364
127.197829038
44.5859346763
68.2743750996
49.9063686691
32.7801408638
136.779243864
112.849244661
161.743900378
61.8812530339
5.51611219346
9.2286855653
26.7512520031
79.4910873017
60.8786688115
41.1003513
80.2430231777
124.02089891
74.7985524406
115.432720318
58.8929895535
6.54430675507
0.0
0.0
6.44896173478
62.6033228338
60.2872563154
61.243794762
58.362564683
20.8032737933
58.1804500361
138.733240217
110.018482313
10.9319136143
0.0
0.0
129.219511271
3.67631229758
12.8466361686
35.727437988
49.3087223321
135.444533363
27.7192799225
76.5551980063
25.0708886683
0.0
