0
0
1.43237058073
43.7880472541
24.3885401822
47.1932371483
24.4181157305
18.5789420195
84.7644920647
18.056924684
0.253577336669
6.86813423038
0.283188857138
28.4905524259
4.17376533151
20.8848061189
132.278649151
44.5778402779
25.3936334364
38.4179715962
73.9105151016
37.8607352273
10.1494802088
11.4614903703
0.0
0.0
13.611054942
18.4229768207
47.9156103199
31.6237246414
37.135560846
49.1976565382
104.91625341
83.8843148834
16.0455448218
0.0
12.1286778599
0.276898898184
1.90776604414
53.6237215586
43.5559101914
82.0028282837
34.1608729922
118.796717741
111.15009293
69.4971804322
0.267581418156
0.0
0.0
0.0
10.7160344012
20.0375552382
59.9411952578
117.708360393
26.3458842953
165.47867721
44.0699242387
102.30463537
9.6321560461
0.769429530948
1.98228406906
0.637581557035
14.631970346
111.296863932
42.4253039527
82.9033521338
38.3611454861
79.7089812727
35.4325915644
50.8704969418
24.5435622298
1.80906804465
0.0
2.51884957776
24.3829207421
58.3623048662
93.596165562
51.6324525574
82.5264673402
50.5426600529
101.593827199
58.8924139262
35.9313199819
17.0157847032
4.17250049114
0.0
12.5694658309
37.3021592042
80.1349882226
72.589404487
63.2655359098
70.2836527303
52.135773858
42.1649063398
154.313773669
39.5412261487
0.281224921346
0.0
16.7743977215
38.9460065402
51.2786447705
61.2864395846
61.7762867902
84.6996044052
84.6227054306
78.5795533229
44.7679435992
38.0435906052
39.5047760009
2.23666030169
54.1147694215
51.9191041867
50.7889544851
73.3297131713
91.0599856339
22.3375208331
25.966236541
98.8186018075
55.4712505526
54.6030278878
7.32131409646
13.5812734701
8.51543167234
7.91942314805
31.0164489965
47.838815766
8.12335622124
66.2814941705
79.3573957154
55.9459980727
81.4607164039
10.5668528527
31.1353463306
0.0
7.56640372519
48.2435553074
36.9743758478
77.3069102309
94.6247147062
39.1595434932
102.527199185
78.4156804913
40.1280611158
42.5681622326
0.253644011914
3.22473246418
29.4804572314
99.261862429
56.5861016033
56.601188357
111.447297189
118.641437642
90.9337619395
117.466777034
69.224089596
0.0
0.0
0.100858513266
9.20534241199
64.243319437
61.1328930259
83.8911870048
41.231004227
20.8018933553
88.3490916538
131.621111378
47.8506126254
0.143157418817
0.127297695726
0.0
15.24385795
0.0
16.7612659265
84.0756825787
83.1619197022
65.1770446524
34.5038384311
70.0330371782
22.4513112009
0.0
