0
0
0.166350199841
0.893288508058
0.626519704121
1.67268399242
0.764546806924
1.37342602969
5.05079101771
0.685033408459
0.171004787087
0.143153326353
0.0193118359894
0.0
0.0144227046985
1.1508768145
7.75857751007
1.08302230667
0.773689591209
4.22234734893
1.98840833292
0.414723274531
1.26353021339
0.282290317584
0.0
0.0
0.0298204133287
1.95601844322
1.43165151915
1.54261582566
1.40527021512
1.65721739607
4.54414298525
3.34186452022
0.748275014572
0.0
0.709430442657
0.00970054930076
0.00314785819501
4.76665654685
2.04786149319
6.10910271725
1.3479404822
6.21912602393
4.26462592161
2.37244945997
0.325880108168
4.98149061203
0.0
0.042975229444
0.598919508047
1.96692415141
2.653108189
3.03085468872
3.36009731865
5.04140549176
2.0728037002
3.71383037278
2.12910211436
0.122337756678
3.06715608761
4.15356873907
0.30355450511
3.46809231676
2.24168774346
3.60184172611
4.69486210268
2.05776942812
1.16983993392
3.51573682274
1.58837495901
0.658447890542
0.0
0.756575167179
0.352122068405
4.37568722945
3.09968486207
2.31202277436
3.29575505003
2.43615229189
4.59042957122
2.75555038871
1.96683899174
1.4066319305
0.0333424066193
0.0
0.828230446205
2.56906105706
3.61735463003
5.27183835773
3.53610708972
2.72581941728
3.40247646626
3.06792978733
5.17990348814
0.704822670668
0.0302853826433
0.0
1.27880430163
1.95717578195
2.15925129643
3.69867944834
4.5066397097
7.30194470566
3.56290010235
3.60236958606
1.4943541158
1.92252389714
1.53830903769
0.0
2.24482209026
2.34285461716
1.50739341648
3.55625987495
2.70288920589
1.01859222306
1.84655592428
6.68638757966
1.69946780708
0.783364786766
0.198323594406
1.70793178584
0.0569447732996
1.61054539063
1.14140929224
2.21604288276
0.691008452093
2.68062937306
3.86502287933
2.45664624579
4.63948909962
0.669456870295
1.34630713053
0.351374767721
0.35171201732
3.9321446903
1.83715829265
2.87466667523
2.07817819528
1.33955976123
5.73313451512
4.51120200893
7.06892865046
2.48357297946
0.105375254992
0.488897826523
1.20506059751
3.40977884806
2.73103407805
1.42371656257
2.95801637741
4.93846665637
3.07629607245
4.639403434
2.33477725834
0.192166149616
0.0
0.0
0.290353268385
2.16099379677
2.4292087676
2.27834633365
1.93741540378
0.944770194823
2.74352765613
5.76157694589
4.71176547627
0.212812483311
0.0
0.0
4.10768512264
0.0219025001861
0.534394361544
1.93210258475
1.94534910191
5.30812156666
1.09825322457
3.12203875557
1.34105341136
0.0
0.0
0.458073083311
1.38662688434
11.4434181046
1.57731654146
3.71379202046
4.54199657962
2.77883412444
1.32863875059
1.24152417178
2.95143740741
0.0
3.39275553636
0.00266523298342
0.392862252891
2.14449754357
1.59229200426
2.97032821551
1.85694526695
2.53114910779
3.6076455618
1.5047494173
0
0
