0
0
2.98065590858
24.7161395251
17.0237678988
30.9872987112
16.7991461679
33.4419336096
129.534415902
20.3924488686
1.61383885145
3.08723737298
0.507126465439
0.0
1.29654972721
26.6390309371
196.33891071
21.3229875052
18.6225136332
98.0179633555
53.7035425454
14.4568712041
32.8745487929
43.5303250774
0.0
0.0
1.23659983277
21.1602486558
44.5519803466
40.4341673926
29.9391737942
45.2995212442
113.439755609
87.6874108817
9.48271965422
0.0
19.295427382
0.115533482283
0.151150871068
80.9402820914
44.1436518878
145.234451179
37.8673716523
138.368207959
104.387545589
66.4158539772
3.28322879971
126.206222534
0.415444359182
1.86379230022
12.3718396425
37.9153228327
69.5019909739
84.1713095549
81.1684878766
126.891359381
46.5820255334
85.4575920739
25.6700733137
5.16957058757
92.7062095217
386.435967564
0.947280675173
80.091276437
47.8800971378
94.8793155178
104.465613127
55.1641525068
29.3662512665
77.3768864431
22.9217285765
10.5524460683
0.0
16.8530373573
8.79104876518
83.9012675957
74.1838957406
52.2500290358
78.3031665463
57.2791778035
114.430005988
74.2127193007
52.2662927472
41.5374135823
0.577664047481
0.0
18.2733513415
64.4728149398
83.6230488802
123.857226832
74.5055178953
64.3703225352
80.2144982088
65.6471538953
109.315955839
66.1654913126
1.3679870367
0.0
24.3020215099
48.2989028328
49.4524356163
83.5380059256
97.4961494095
139.15048369
86.6358323386
88.4810491567
37.3937732242
56.3425216378
44.0423948765
0.0
29.4743284982
51.5343792737
36.9351497004
89.4145043659
68.6277137976
18.8822548482
39.909291511
157.476359602
27.9284623164
19.270011127
4.70500076563
38.6026918666
6.23621986807
22.83597368
28.1398865059
48.9903415762
19.6437472813
70.1803375706
88.0202536526
60.8848329178
107.330939524
21.1198716536
48.5945149363
1.90819948912
6.93999534845
78.0491432659
38.1359340074
74.3290693536
55.5260361302
31.8809668954
135.015546134
100.38192837
158.646794759
60.3232782482
3.28926582634
9.35163038225
23.7920763956
73.9271018318
65.9559478238
38.89583016
71.3614093176
125.75866985
73.2912506686
105.05022654
46.7698819027
4.3042856455
0.0
0.0
8.72574806213
44.7533838228
51.8918893934
55.1041080504
41.1010173737
20.0589667428
70.1796800774
145.183009453
104.507719142
11.2296795845
0.0
0.0120182787068
100.148358285
0.259208388626
20.2368730559
46.4207812752
51.3591835243
120.983918708
20.8267949782
77.3408616631
23.9706898034
0.0
0.0
1.89904797077
25.1529888511
134.379691556
39.8048722409
92.1609822521
108.770715516
74.4569643509
24.614691468
37.1396512538
75.373913683
0.0
61.4581175633
0.0730588361621
3.01945611835
54.5032845139
33.2132817787
73.1600040626
38.7666245364
61.0054195169
83.604111839
37.0875520706
0
0
