0
0
6.55957420171
37.7578294874
19.9792284225
53.1624873934
22.0236901715
36.1709571043
118.432679504
13.2374455165
2.26067233086
2.51430017129
0.339322026818
0.0
0.174766950309
31.9056337382
186.326460985
24.9697994237
16.9272836074
100.038294168
44.5379476826
9.83557045831
11.7644744217
9.29146253318
0.0
0.0
0.680847197772
70.9562366232
17.4297804404
34.9732048306
33.6145145035
55.1859353016
98.1545756114
66.7382667046
8.97322155163
1.41939461231
25.0047893822
0.0
0.0736323483288
197.954545945
45.0412092946
162.756116258
12.5774500854
121.926641263
101.586788401
76.6047735187
7.1474396959
0.409737601877
0.0
0.0868319235742
9.76958005874
89.1650722771
73.1101220772
81.399584256
66.4680186286
105.279240584
51.5785673875
83.8627195918
26.5383831254
1.24520798028
533.973397315
27.2327110037
54.1399269103
84.543909073
60.7338208565
78.7793565708
109.220380548
52.4407785264
21.8649768289
109.73666692
54.8321631365
7.54162550904
0.0
2.24684867263
15.1118220091
122.409052547
91.7640424934
61.3693016431
90.0301471058
55.9505233615
102.330104224
82.7194804978
61.151096765
20.2048957273
21.266916275
0.309207737446
24.0231346562
73.7795304302
77.2384556606
122.032396209
91.6183906718
63.6919391938
90.0322863758
79.2338460535
98.9854410617
29.313085489
0.0
0.0
27.593855286
83.0338959871
59.2320564463
84.9218067751
101.786992916
163.173096333
99.2920349892
87.603620917
27.7373502775
44.7526828051
22.0604605079
0.0
62.278875701
78.7940918059
36.6998107061
78.2492520581
70.645197697
31.030571809
45.7404978276
171.560206778
103.631245723
34.6339719146
17.0346957743
44.0507446154
0.855665626937
98.1547807586
31.3647716381
52.5731992541
14.3876584433
66.7076981105
99.568875432
61.9059527395
105.372120313
20.2686492205
33.0224444568
3.535489887
7.60563239268
146.568412408
50.0677479432
70.6508286036
55.3570454707
29.6478659995
123.079553492
122.14170321
188.808691733
36.7932579518
4.35006581246
14.0985035151
27.8030340672
82.0996447541
54.7465494134
41.8372356905
64.5645135754
120.92958089
66.3323085197
122.852804169
71.6578308194
3.43169760703
0.0
0.0
2.84425753356
58.2289562748
58.8682993949
63.9802604746
81.0110596754
22.1829497125
61.6215691622
126.677493587
102.8270242
14.9154210091
0.0
0.0
24.1216293917
0.551311142743
14.3183828909
35.0396733955
38.5809022709
139.696056996
22.2409786619
86.073348228
17.9699356556
0.0
