0
0
1.12154453667
1.55852506869
1.40124617703
2.15901793027
2.71214172384
1.47122336854
2.66855240753
0.613578296616
0.0747721353546
0.0201471005566
0.0158462608233
0.0
0.160081355367
1.08268437558
7.88164495863
1.06392067764
0.358359834179
5.40137839876
3.35119775636
0.535919646965
1.2407314782
1.91970645729
0.0
0.0
0.128250170499
0.501804550993
1.21101074573
0.633420555852
1.29332778277
2.67845045077
4.49826172064
3.22894296184
0.459110254887
0.0
1.01737896772
0.0
0.0327679733746
5.26474929089
4.05203723977
11.2661804976
0.70038536936
3.91090038628
4.3134634376
1.59873532504
0.48081828095
0.0
0.0
0.201655083569
0.197730452754
2.05210043862
4.07124408707
4.12359885953
2.76093457243
4.98136125924
3.54366359726
3.3190345515
1.78940746421
0.094777956605
6.10373463947
0.0
0.0
6.07534324867
2.39239915926
2.21028075018
2.19004933047
2.14700571331
1.44307862979
5.80626827199
3.30478284997
0.585797668668
0.0
0.0582089051604
0.767522513866
2.62450804852
4.06461996271
3.74054487643
2.50213313475
1.80455934978
4.17641969281
3.17029453616
2.28365763114
0.761499830289
0.168768183794
0.0147885668557
0.911821027519
3.63642515457
4.58178865112
4.85974849574
6.15795165952
3.20439101476
3.17322594579
2.89515333553
7.35306285624
1.52761024237
0.0
0.0
0.625019516505
2.39097742771
3.01289998047
2.73157827172
1.42832850339
5.20138417697
3.81320818566
4.23523407592
1.66456021403
2.07248035818
1.38244511932
0.0
2.15528194513
2.25774203113
1.80085266626
2.79673375993
2.46900007827
1.31052544061
2.41768317134
8.314715527
2.24596735137
2.8820978431
1.18739272561
1.10143886786
0.576920925174
1.22295114651
0.520557794924
4.57419777114
0.234218926984
5.03170057666
4.72977735166
2.2248069832
6.59284666693
2.802977724
1.00672362838
0.0
1.0584471561
2.51922028
2.24689060403
3.14148573135
2.46582530462
0.816196111264
3.76808492793
4.94736343715
1.07370234001
1.42209415836
0.282033370808
0.192259626463
0.693145276513
4.11052827322
2.92976261547
3.52663971367
2.38832943537
4.68298901571
2.80791966547
6.12298763031
1.64909672551
0.54640597105
0.0
0.0
0.50203371048
2.54861294292
3.28411920741
3.41544550366
1.16057788557
0.697238435969
2.38653419469
5.04859327566
9.15949550644
0.90306442976
0.787010252476
0.000979189644568
0.383089229465
0.170684173703
0.479175775312
1.78753179056
1.63424351066
4.45440119926
0.968625350855
1.58119381964
0.271476827562
0.0
0.0
0.0
0.0
3.08223564364
1.65443532157
3.23156116973
6.08805219387
3.23967765924
1.35992470372
2.29831603169
0.294559157453
0.0
1.1547946129
0.0596837250632
0.0
1.34811660647
1.39234071225
2.59134833212
3.37653449341
1.73252781085
2.87759639882
1.01772026345
0
0
