0.0
0.0
21.3607280552
22.3248082353
22.2544974983
41.3281355789
39.9843326784
37.284561865
112.217541218
15.3697989788
1.42170253582
0.89020371437
0.616969328374
0.445530028548
2.30108495895
35.0311119854
185.295513307
30.3075707071
6.67410431429
134.735395566
73.4170523285
10.2806549594
40.0346465707
47.9834284354
0.0
0.0
1.22462383658
6.08132853917
30.1967658252
18.9431638308
34.2848802096
57.4455988454
106.688737499
76.7396386565
8.56652358826
0.0258446624503
15.1747290082
0.155141998082
0.0
76.9548419974
63.714495359
219.821182047
9.12040369212
121.014194705
100.290190196
47.1189496606
8.65507431329
0.325519032775
0.0
4.68471613526
4.11936577409
36.793112766
67.4011429008
119.348287269
53.956383191
99.1702683802
71.4677212872
77.8812828922
93.6774114612
0.100596953184
130.816459358
288.59276471
0.0
82.9920056462
64.2254618537
55.8413487389
77.3710735795
56.460534498
36.6633938165
152.575370052
48.1326037003
3.32010561972
0.0
0.667365029455
1.46370542049
55.6324999742
79.5457848833
56.8374832082
71.7802846973
39.6407375225
106.395476247
70.3794265241
58.646301169
14.0924463496
5.96909487247
0.161604501307
18.1864544861
87.423688637
88.6134245172
128.492568625
127.55303925
64.6207141214
81.3467755056
77.0758608137
265.878537024
25.1784904003
0.0
0.0
13.8713128189
34.204029485
66.6432502946
52.3312909639
49.9880760982
196.561447425
98.5734460567
90.3396538985
26.8945915997
51.1129555106
35.2647764683
0.0
35.9485200607
54.0914985984
49.0565598103
86.6157790627
61.7379878686
44.5667238166
56.9886516043
183.642418966
45.9139788514
58.8389184828
7.17898093723
25.8900312782
15.3438065518
14.9630438983
26.1803157238
82.360348044
10.1696464713
89.4039710686
108.890982639
61.313942207
193.091896668
24.7197998184
20.8552330881
1.01434376836
23.4346729992
65.5055171549
36.7351281821
55.6105815322
49.5686866567
21.1898607351
106.48491887
124.287448397
18.2921034694
25.6418681146
9.76716019212
8.36032611876
19.0494984761
100.994566374
83.2033791029
82.8363826051
47.3550992254
110.731124947
53.8095246422
131.623662265
51.3338614181
10.8686857224
0.0
0.0
25.6588212401
51.0944872555
64.0970166922
66.0681674201
33.7998167491
20.7991910884
76.5121181868
116.857043713
175.811875328
9.57692170142
0.0
0.0
4.57192862033
15.156024456
13.6380955316
38.4377501438
42.2329825402
112.932376139
26.9443888301
52.4173664446
6.17268893122
0.0
