0.0
0.0
19.362973541
28.9131419062
22.7322921865
40.876832815
33.2781470808
29.9518115446
126.218753748
9.11650502309
1.1260315273
1.66345411912
0.362474329769
0.0
2.79270368256
28.9436943986
177.724054352
29.9732385725
6.38228517026
131.021265118
76.9361079187
10.4139857255
44.6220639199
16.5354182906
0.0
0.0
0.266563922167
8.04701042873
24.7279279289
18.9873254467
30.8515120894
63.019132482
112.446825975
62.6488495627
21.5062981211
0.192583791912
15.3249378987
0.0
0.0
51.1856159381
59.4171557381
201.649627693
9.60801507533
119.040283852
93.3813655526
51.0980059253
5.27245578914
0.0
0.0
3.70630323888
3.98031043634
35.6933471784
65.1142636613
101.507853638
64.0057713166
88.1986944526
65.9196494698
78.9867523536
76.3130887896
0.310323402286
645.854250881
193.838152019
0.0
76.6846371888
73.6872080863
58.8131327047
83.5384220983
52.0355670154
33.8379860501
137.893847766
58.128837973
5.30315234419
0.0
0.336207278074
6.09348320962
66.0517003164
77.0339104627
52.4743622287
71.0021099858
44.4021682106
104.437819243
80.8998373634
51.1082383152
19.6157463491
2.47936103494
0.0357100255788
19.4275926948
74.9336992968
66.7417384834
130.665542247
119.1845986
54.8397215678
81.025375878
83.7419475763
185.61776435
36.5301110746
0.0
0.0
17.9688788289
45.8748831823
65.55830946
64.6841052398
53.2449597492
217.252973154
107.119813627
97.348797048
20.3688904345
46.0356319025
45.146787107
0.0
58.8410667254
59.1702355114
52.3165710233
92.2763496862
67.059949547
43.1576560402
59.9719907278
187.765694238
37.6861760393
38.607084822
9.48606432974
29.4437974469
4.23968415382
11.7688432988
26.6164616066
67.7954108119
12.7520247884
82.6643603369
99.7084614782
58.465292383
193.200731568
20.1390395611
17.6147079617
1.23654225469
18.1901820833
79.042069517
47.4790060752
55.1702341027
55.3283110745
20.8527420648
102.766566966
116.685494486
18.9222987369
41.0500062703
4.34448543192
6.98225929589
33.4578754642
105.027443239
83.4836042981
74.5520081633
50.613750209
113.438024478
47.00021928
123.566040315
55.7501020766
11.0041863397
0.0
0.0
14.9467377663
46.259995278
58.4565076289
65.5811908656
36.6043711044
21.669938419
79.8631988839
133.142815635
158.775974236
15.8707623482
0.0
0.0
5.79999947549
5.53483968972
22.7487977296
55.9424295053
49.2846789881
116.894760464
26.7360378708
56.7245658667
10.4788614213
0.0
0.0
0.0
1.56892615557
77.8051978982
30.6926606717
107.144664176
145.836949892
71.6322843991
37.469844019
53.5186676681
14.6313952804
0.0
29.7859538645
2.82037280873
0.0
63.238699302
34.6462241393
64.9938866095
54.488777401
77.3687618506
82.5114286411
26.1515254675
196.46
539.58
77.7499999999
1.01
0
0
0
0
0
0
0
0
0
0
