0
0
0.679002989084
0.926411370747
1.88326983154
3.32907810924
3.31388141861
1.06628600648
1.74936430436
0.741037957603
0.0638815136626
0.0421619508415
0.00790300220251
0.348279736936
0.0602590803755
1.83427752694
6.62833230384
0.874183340464
0.492994884029
4.45421127183
3.10534153972
0.881111674709
1.88954314776
0.776410375722
0.0
0.284843206406
0.0213050006423
0.390517511172
1.70320719056
1.12517926487
1.66367127001
2.97112439619
4.95184275787
3.31277323124
1.4397521466
0.0
0.507414283231
0.0
0.0
4.82069396376
4.0426393766
9.0887005548
0.782788309269
3.64573373552
4.15585346986
1.45368859172
0.592056722147
0.0
0.0
0.2126185745
0.0845165927894
1.60891184071
5.30090498272
4.59813087084
4.18977209507
3.08427278884
3.59269115375
3.280566709
1.8061093525
0.0116074774414
5.88633910287
0.0
0.0
5.01177137339
2.83551884396
2.90908434428
2.65648883837
1.31544384779
1.20352377871
6.84693683914
3.05277190165
0.751732313191
0.0
0.0
0.0
3.11547090113
4.72159109905
4.36355330329
1.91246892465
2.05716843903
4.42709222611
3.23697405076
2.1223280807
1.01172588766
0.281913179904
0.0377829894423
0.867157709785
3.42859111249
5.16002846078
4.00035694987
7.28041635681
3.09230487212
2.93726347666
3.02524616607
8.77234746283
4.42156435328
0.00538906781003
0.0
1.00159137463
2.50449156296
2.66754837031
5.0815337263
1.81830375595
4.800176844
3.4875123871
4.07725641271
1.65962580359
1.52111333236
0.00395713793114
0.0
2.3481240361
1.47468749294
1.92052389646
3.00731148012
2.69825429074
2.67940847436
1.60879847663
8.06522670505
1.78174554231
2.27297713421
0.518112681108
0.997236295603
0.789046559716
2.19932244555
0.76396547223
5.24530365632
0.164998222841
5.07427552575
3.87047220423
2.26087097486
10.5788146649
3.70449932758
1.29697824828
0.0
0.46556224348
2.16743349913
2.58237671107
2.70944466046
1.85028689355
0.670212253463
3.36079590325
4.72088896274
1.10209673992
1.49280579388
0.0
0.174506298266
0.797316508368
4.71052341023
3.14790672436
4.14299934776
3.60757415649
5.42256629758
3.02587545919
6.58187893685
1.58743947052
0.172967836261
0.0
0.0
1.36305129528
1.94241200387
3.42096694186
4.78520195559
1.46169912047
0.703511325875
2.67745560326
4.98673610436
8.62229311466
0.770323693752
0.219124898314
0.0
0.158584080637
0.0281141400337
0.85113852052
3.31590164982
1.85460004973
3.70341107785
0.901929189917
1.50087502878
0.223510783166
0.0
0.0
0.0
0.0
4.03728902689
1.46023226157
3.86608478834
4.94561071764
3.13544492144
2.00631316006
2.11913750554
0.986394656124
0.0
1.83718384989
0.0613373881206
0.0149673335254
1.54992906982
1.30411725491
2.99701684434
3.01398018748
2.54464433528
2.67766146618
0.987543575466
0
0
