0.0
0.0
24.3633749933
30.4100614786
31.2790478467
49.1713916407
58.6045063344
39.0813496282
83.9696074985
14.1894121896
2.7462624684
1.23737239279
0.29749731347
0.0308837564662
4.1562394537
25.2443740255
195.884378442
26.311211382
7.86720943452
129.377624782
75.8334221431
10.5911304876
37.7262161506
65.7367672361
0.0
0.0
3.45435583591
8.7297599148
30.8557988796
16.6289623389
30.666853901
58.5935268626
99.2077926324
87.0449759626
7.00906016304
1.80352538824
15.9780232161
0.0
1.0829552114
97.058262365
81.0265625138
260.780827246
18.8317175209
104.841116091
104.579948232
40.8750604949
11.5356029794
2.99668550491
0.0
4.32494357227
6.2498791963
43.1251145081
95.8729483188
103.204681931
55.938213503
114.254066303
80.8179552612
72.7638474238
64.3857354372
2.17203591764
129.767732575
0.0
4.13595485688
119.859557793
69.180238746
56.7612753329
60.463998288
56.157078389
41.1778321183
151.475565724
73.9386766003
12.1371117476
0.0
1.3446469903
21.4874138832
60.3765388505
82.3807283174
86.5612457868
76.505563505
41.817328021
104.666637615
89.6561673554
67.0274107865
17.2681929823
1.28300422803
0.496826648712
25.9454262257
83.5861397633
101.058427441
126.376433099
146.924296461
68.9200796597
88.4601217658
78.1604402117
210.781071234
17.3179725408
0.0
0.0
12.2358678058
46.5733583803
66.6660030624
48.3181246087
40.8518288378
147.676231161
92.803216151
100.579580923
33.7643782663
43.3814878464
29.0200395583
0.0
56.9965253491
47.5633289851
46.4899201802
73.526958433
69.6390188522
33.8008664177
54.5240991334
184.028258108
40.478568091
63.6621039211
28.3753210903
32.2536343039
15.2121545775
18.4152782187
15.1889946833
112.833011619
8.04321213439
111.514942305
114.088531917
54.1518809292
182.838296391
28.1526084914
23.2653100491
0.0
14.8468417581
61.1855997406
53.7851287186
69.1943059042
58.0911702533
16.4200588055
96.6828394757
130.499792059
24.1539418994
37.8892339469
1.39567225054
2.33066787198
13.976690568
102.533997492
71.8346585333
81.2820854914
54.9452064838
110.496882152
72.1105301789
146.654286962
47.7802063042
8.02409005164
0.0
0.0
15.0167683661
55.067975141
75.352349639
74.463549558
28.588590391
20.833023157
72.2247335762
126.467020953
216.989136256
15.7414976656
0.0
0.0212744548917
8.30424490572
2.57111357153
9.97501963378
51.0040754378
39.4356065244
99.0600910457
26.4113741539
42.0862502618
6.43768148124
0.0
