0
0
0.636669613421
0.90204476018
1.84031205997
4.24477580632
3.35979325615
1.31103216158
1.8383145663
0.768419341533
0.147549252957
0.0057711682748
0.0039509953931
0.169924236834
0.194586645579
1.92540310044
6.83082390495
0.880828569178
0.691827601288
4.84140586387
3.47413663706
0.886465637246
2.08246293478
0.752155055292
0.0
0.283210843801
0.0384216179373
0.402565884404
1.74396636972
0.925821207289
1.86663272977
2.99315820285
5.16862470139
2.94622263231
0.787716609193
0.0
0.497259524651
0.0
0.0
3.56298703747
4.23583816644
8.72983723087
1.03578384919
3.52021175995
4.28209953848
1.596902986
0.584486587904
0.0
0.0
0.0616465210915
0.0983444191515
1.29369124537
5.25010161917
4.45467587095
4.46090729162
2.93925113464
3.43619373767
3.21482793381
1.90770852193
0.0360113829374
4.09150379896
0.0
0.0
4.79217949574
2.90350969136
2.89663312025
2.56711440906
1.21295845369
1.21009713999
7.78038558131
3.22528147133
0.628044124693
0.0
0.0
0.0
3.04089577682
4.76181751688
4.15871044272
2.10123351729
1.96653516032
4.51192248019
3.1714759185
2.05319515616
0.997761415318
0.45952522615
0.0198636818677
0.864022730326
3.0961499468
5.4344080477
3.8085697685
7.02890586102
2.82930892194
2.76912816055
3.04721402214
6.88983114227
4.9730035254
0.0
0.0
1.124989648
2.50721884659
2.32983203395
6.44617203041
1.85442364053
4.74692805018
3.22514776629
4.09211435402
1.58227742603
1.575565957
0.326373388991
0.0
2.05733363796
1.70264709741
1.78697797004
2.9002499585
2.92278300738
2.68707075762
1.44921998493
7.61499491823
2.38038656465
2.6302421398
0.559449197724
1.1079891175
0.840216894052
1.95096635737
0.719208216178
5.23332263774
0.114299555542
4.79802100314
3.79948369251
2.35523512412
6.51633277349
4.44227711856
1.18356682081
0.0
0.171058074338
2.00993316062
2.58957866952
2.30348322238
2.22312062001
0.817975596059
3.35443934059
4.38289165334
1.02445349377
1.26018868713
0.0
0.0361299603246
0.860043927329
4.45306312013
3.23866540712
4.33623010572
3.53782357858
5.52255305601
3.05729642906
6.51830810262
1.61249964865
0.22565099597
0.0
0.0
0.781270205975
1.72933277115
3.47568767937
4.65019236086
1.67375822429
0.675128263189
2.85098787397
5.06635887455
8.82306286134
0.602355241776
0.231945202686
0.0
0.212533712387
0.0547308474779
1.11543914352
3.09011390479
1.74486490394
3.27591775011
0.929488603026
1.38716826588
0.166009316221
0.0
0.0
0.0
0.0
4.06156430009
1.6603135094
3.93376610568
4.96918758494
3.19729124365
2.03724042722
1.78489800612
0.251551392255
0.0
1.59870606381
0.00317933107726
0.0115026282147
2.00552395848
1.07583688013
3.62759950198
2.8576765554
2.31692201085
2.2869539262
0.852076241747
0
0
