0
0
0.39544354286
1.04107583617
1.81159073487
4.53499766497
3.81067148689
1.43892937782
1.63855814422
0.93832622515
0.296948697418
0.0107981851324
0.0109888862353
0.034995815251
0.144492802443
2.12049221015
6.78074790211
0.832805304497
0.763554431032
4.5116143754
3.16014262382
0.826587022748
1.55611205101
0.38192213513
0.0
0.182865172625
0.269871648168
0.170327890664
2.64702047175
0.935733601567
2.1097766743
3.2990969047
4.83019934455
2.60691604717
0.963541574543
0.0
0.245334908366
0.0
0.0316304005682
2.94143805164
4.33615437662
8.50721379789
0.905982205644
3.38484181976
4.52177862555
1.52949461163
0.429108874814
0.0
0.0
0.167453587055
0.168985028751
1.14158528671
4.0332894749
4.57127319369
4.09499278106
2.11443970399
3.1973446398
3.16023432009
1.70790522825
0.739419347607
6.05318207853
1.00543427467
0.378156036139
4.84956873627
2.8038578881
2.87451672135
2.28305460344
1.14479603979
1.19923611917
7.46168796252
3.57636478415
1.13175805553
0.0
0.0
0.0927581191063
2.44998688437
4.7829883839
3.44903846667
2.03107674886
2.34439556673
4.65557766706
4.14234545967
2.35705714906
0.788269491866
0.459527505096
0.00776916928589
0.792714632116
3.2663862253
6.10019987263
4.02850297699
6.45861523063
3.06658704136
2.65030162642
3.22352290509
5.80208690418
1.91037539579
0.0235049054027
0.0
0.884671492735
2.29833337065
2.20714320603
7.21751890655
2.36187873362
4.64944678615
3.01613262948
3.87134229369
1.30122985644
1.58912825491
0.00323451519944
0.0
2.04651377373
1.94954075664
1.67013481469
2.99836048484
2.59327256004
2.19837718946
1.6620528074
7.80866133096
2.25900853425
0.876930248924
0.96873638127
0.707958925515
0.572478928603
1.90138581581
0.716277211206
5.30995898985
0.158471283619
4.62577328132
3.39749499434
2.4788416269
10.003178067
5.71607493237
1.18667975487
0.338569611311
0.0781084829941
2.58169980464
2.52482991014
2.25384542393
2.40006347629
0.833982095122
3.37426429725
4.36138482773
1.0475610781
2.30379069084
0.0
0.259617451578
1.02023834921
4.65241425094
3.24519880308
4.00088869827
3.32615001989
5.2704916877
3.31083487393
6.19026728394
1.3272827898
0.254897326231
0.0
0.0
0.431476421654
1.81467826292
3.38539960887
5.21595232468
1.64176432067
0.559014602797
3.18318279833
4.84733647574
7.94856227422
0.594775997102
0.226631451398
0.0
0.213716179132
0.0808164086193
1.41029866655
3.52951249341
2.23577442858
2.85718497809
0.937526220921
1.19185787672
0.149461846333
0.0
0.0
0.0
0.0
5.94624212012
1.81979949027
3.4953425494
4.35662337113
3.85826031165
1.95517041907
1.91014980711
0.443944351864
0.0
2.73497015052
0.0813603177667
0.00716633861884
2.03476082906
0.590911708307
4.19013918925
3.90095054451
2.61412686738
2.2150051808
0.807693012059
0
0
