0.0
0.0
8.93797011674
30.197162658
22.4305987134
32.4133929396
23.7872269722
29.9814277562
141.459035531
11.3628636114
0.838431006298
1.69032063894
0.302920684219
0.173800835386
2.06378019601
36.9242232958
189.494156711
18.8650455326
7.44620767236
124.212848213
75.0902563334
13.376988072
38.762691781
30.8213971574
0.0
0.0
0.140153847635
10.3671682142
19.0873753969
21.2865285203
33.7765787467
51.8583714226
115.244430738
75.4426152636
24.5763170868
3.50456571578
18.1115014628
0.0
0.0
85.9217689243
57.7559676468
171.76140214
14.2298023626
109.795993459
101.156657148
62.2393787758
7.42462711037
2.84147787094
0.0
0.792282298207
4.34062504022
46.8501919582
64.4660644219
90.2606968135
65.8738749326
86.351699531
66.0142236761
76.4476654642
80.9282341116
0.478370714933
101.033826403
0.761506643146
0.0
64.5596436895
70.415118157
59.0387052802
86.95482219
50.8816418052
24.2018746034
141.988342628
53.4127927618
15.0079647051
0.0
6.18989539147
8.2790569067
63.1867728307
64.6913290337
47.3710259311
68.8670820874
44.3638164914
110.572169585
80.1175985467
52.2169559486
26.7659777105
4.64473894426
0.0295049725099
24.1072445513
61.3820012546
65.6331944839
120.381376625
105.891136838
47.3706212724
80.9705595122
86.3593592258
191.700264436
10.6099339239
0.0
0.0
19.312924236
37.683185773
65.4979650826
68.6330798446
57.43841145
240.516718469
102.422139298
98.5653401724
19.0502095968
47.946624577
10.920912534
0.0
43.5702506863
64.0602934454
47.1064809859
81.7228325755
70.2109019906
38.1489473842
58.5701136338
179.749808734
45.2778506801
53.4568046239
8.19255495072
28.7644737718
6.55233265646
10.7184105366
25.9493667091
66.6654390917
9.06128640845
65.9520333074
101.245851499
65.8935369439
243.581231062
14.8534765094
23.1566092372
0.0
19.5659497306
88.3005935078
51.7975989058
55.6929377304
53.6634961087
26.1548525244
103.843053784
118.19367818
21.0591785777
36.5706409514
0.681763350962
10.4322157055
15.8736763001
101.929043368
77.7501452258
69.6963142735
36.2902201759
112.538818784
44.419054158
108.158857632
63.8333665668
6.88801717759
0.0
0.0
6.55529880523
46.4377672188
56.6324980651
62.2094308874
43.0526800565
18.7450813875
72.6641748156
130.302463179
159.228456259
18.7908825874
0.0
0.0
7.21858495474
2.05653222464
16.3945014551
58.81766049
45.341523869
118.565817922
26.4626050154
59.8742807707
13.0254052878
0.0
