0.0
0.0
26.575809449
31.4751749486
41.9210045971
80.9221626046
81.6662624417
27.9147558062
46.1047545634
16.5284291748
2.28265171498
0.639971131459
0.317656159402
7.94334608316
0.703133970034
36.4688636866
158.771353506
24.826264847
11.4245972335
110.887083527
72.1713388469
12.1919922642
29.1841684361
14.9651639164
0.0
9.14427709579
0.0780701469631
17.9679794088
37.9172332361
25.3903846358
40.0432523657
68.1196949779
118.061518829
63.5676098009
34.8400486596
0.791484475135
14.8140192926
0.125148821622
0.0
152.054513999
94.0514799902
223.040980468
17.0038588866
88.6130095097
98.6880621984
40.4375227466
14.7380419224
0.0
0.0
5.83301496506
1.80994346738
34.920176357
116.587707594
108.219473071
102.264041953
78.5981126446
87.9431064204
79.4728249464
42.9811500461
1.11882805824
282.376863958
1.97506552935
0.0
126.303699911
67.1862345972
66.3026960407
61.6829389538
33.9962763526
28.1167157544
158.388804495
74.0563238366
12.9982685926
0.0
0.0
0.0
74.2212877572
107.833401667
108.281052114
49.353351865
48.4066466018
115.759352954
82.1815502868
52.6109792311
19.9072308205
5.92618435063
1.97688887268
20.7480046302
82.3133001029
126.17693781
108.08592513
181.045620952
70.7626563461
71.332476709
67.504296037
197.146332845
23.4048087336
0.143949273974
0.0
24.270608249
70.4943450986
60.7770406008
120.352208208
39.0687055382
106.888086844
85.8991536274
93.6039426914
38.5340047934
36.1026527659
6.42035770788
0.0
59.5967066093
32.4915979207
52.3748269296
66.8806961328
62.3615444815
61.5956822299
42.1218120264
213.929880923
52.1883676908
31.1325804031
23.7160649858
20.7155969515
33.925504379
42.4337620502
16.3588407235
111.651355248
4.5142511772
122.421358533
93.3795697102
56.0957856103
195.360351518
75.7464270965
26.0012926721
0.0
9.27753629162
54.3623993789
60.2008168212
65.308974143
60.2433726098
15.7695520744
83.0808487963
110.456946339
23.1082362682
35.9550193994
0.0
6.53310949356
15.1625209116
114.527023824
75.8198346156
95.9809750802
85.0801122934
132.695568188
69.6655597519
155.566850977
32.8243416734
4.2950384617
0.0
0.0
24.328965023
47.3939645962
88.8617514074
112.836556736
31.7440356017
16.6186560038
61.8999030451
119.249441083
211.906186849
18.748949457
8.50782537461
0.0
1.10392695665
0.250319235026
14.4059132449
78.6138446513
52.2366871219
90.4754201734
23.3573250845
35.908784531
6.89810229466
0.0
0.0
0.0
0.0
105.201230328
31.257924121
87.6292316503
122.988447178
77.9680254422
45.298140563
49.0581882187
23.4952989444
0.0
48.7339670734
2.33669914305
0.212263695896
33.574405633
31.6604162604
80.0419104473
73.4443070366
53.5980682298
69.8390175494
22.7261423171
34.4899999999
91.92
1.77
2.68000000001
0
0
0
0
0
0
0
0
0
0
