0
0
26.359651655
43.8678452522
32.2762286066
52.238369437
74.7210139855
34.9431346692
68.8733406365
14.1614709338
1.14649569243
0.92521936074
0.305362433196
0.897899709641
3.94066140242
25.1032912006
185.899637952
26.1924185827
9.16291312874
118.274004355
83.5915749036
11.3792033829
31.3706686198
26.425290361
0.0
7.59660387038
1.90379679948
13.4706098344
33.4059724063
15.6782457065
32.7047763658
65.3466995246
110.770006447
81.5063229818
11.6582373753
1.94150698185
33.9705302083
0.0
0.682528261094
140.321922003
96.1932970807
271.320722143
16.7453055605
89.1908406391
98.2105043801
35.7172239564
11.8275227509
0.0
3.14967012406
4.7102458477
4.6624038415
48.5296667945
101.04283344
97.5698663146
72.2466988507
121.16494111
86.2158301658
81.7996531315
43.0329331531
1.90060472488
29.066172517
0.0
0.0
155.438139673
54.0124297142
54.189483773
51.3651707657
44.1004231834
33.8121332909
141.964809073
77.8861410934
16.3565839436
0.0
0.0
16.6736211777
61.3330952023
90.5536595383
93.5976621202
59.7340713869
46.3245799207
96.8436896364
87.293693807
60.2074604407
19.3832240179
7.12651164271
1.68519268557
23.7997532319
87.5823711943
117.714864307
117.342794057
150.624829061
80.7296956087
78.5196959674
69.7214687561
248.383341708
21.7456848063
0.157768853009
0.0
11.8659381028
65.9695740924
73.5126612113
63.0949609334
32.4756458179
126.465467043
89.7494907696
99.9963549859
41.8563745022
47.3413769602
0.0
0.0
49.8771267012
54.0820581084
47.2997994348
57.1515528058
58.6472770795
37.2974051647
51.5636028574
205.21939568
51.8809012882
100.156202205
16.9478539824
25.1045964806
5.95790630021
32.4401045918
11.1034570495
106.716125437
5.5016560927
117.945779577
108.037248725
50.9700292186
169.927887484
53.6098984704
24.1587486751
0.0
28.9826339911
73.4384558256
51.0845509925
74.8407921977
60.7448548637
19.3882387374
95.0442292951
132.193347082
35.7992388233
36.1754763722
4.71816462278
5.87648552657
22.7424263656
107.617593225
69.0358241618
84.0952351726
67.7978916847
114.17793683
63.482871361
146.554028559
41.367754871
10.5126643181
0.0
0.0
5.7899787426
64.7675671466
84.4718246162
85.5230340259
24.5179218874
16.3041719785
57.4586491613
124.663094075
219.015552834
22.9577619173
19.408311367
0.0
2.82986274362
1.78609961271
10.3555985279
46.427913911
33.5004817116
103.522929674
21.542089032
29.410701558
6.6228679195
0.0
0.0
0.0
0.0
104.224837147
32.8395131863
75.9193656967
140.763211861
87.037065223
36.53447616
56.6658301949
5.59571561962
0.0
48.242096454
0.231714290567
0.0
31.7418061718
36.2509874851
69.8849451319
84.4885100126
54.2291587404
66.5971858716
27.0463446379
0
0
