0.0
0.0
22.9354539961
30.3168480991
26.7056330146
41.4359336347
47.1399567034
40.4489916545
95.6197626739
14.188641116
1.39032720588
1.42995692231
0.412631995975
0.0285724634304
3.76079251058
27.9400787539
196.617848558
32.7834457476
6.99482543952
143.194587842
70.4871517272
12.0839834064
39.6317279489
68.7548670955
0.0
0.0
3.97226978839
5.74468378723
33.1756177526
18.6441695653
30.7162679191
56.646043986
101.681759147
83.1987111624
6.20569248497
1.92593693733
16.5820991322
0.0
0.132010526955
95.0718884412
76.8255310414
240.236105148
16.8897075509
103.288964968
105.478953894
48.5243385024
11.283419922
0.0
0.0
3.81435129046
7.75039791317
43.7258911951
78.8433955685
104.216808823
58.1451341446
120.38172465
78.4446111694
75.1198929101
54.7655798122
1.3073829934
90.8794144392
327.572273254
4.69303143024
110.182206754
69.0810648278
59.1271066862
67.294165045
58.6222372111
42.9401243011
147.392761889
67.0412972645
5.4249462001
0.0
10.985591948
21.4874138832
61.7559715658
80.9177999386
74.0912089956
71.3030868089
36.0973349568
108.595124759
82.968838589
67.0678815293
13.8082763404
3.31587759778
3.61796001346
27.1465110854
79.1721113362
86.7833946571
131.269028988
144.991242327
71.5817920939
82.73127345
82.9890575282
228.742438917
38.2129365653
0.0
0.0
12.671604522
40.061635782
64.4090356493
47.431476851
40.3231176864
158.546053368
97.7549890867
95.8975175434
31.1364789158
47.4545812906
2.15204235166
0.0
58.9252885301
42.3159421944
47.0119724683
74.074960044
72.4643300604
39.9592981562
56.5620962014
187.923586846
43.5679636001
41.1278646403
38.8899223656
27.9027614146
16.6809059344
17.245897606
16.3538782708
98.1775488072
6.43501240387
107.073035946
112.157399252
57.4768474997
119.341081314
21.6418585628
26.2975304647
0.0
14.345363332
66.845433779
54.3721107125
64.0194055661
53.585021155
20.4368545935
99.8145552809
131.335451801
22.3901563659
26.6931576132
11.5419542044
5.06519566476
17.9282283559
105.669163473
78.2019101232
80.378360767
50.0893513318
114.843839994
65.6941526458
144.634576142
51.733601551
11.1977376938
0.0
0.0
17.319021821
43.553529337
71.6294714213
72.3633899911
28.3632946406
17.2573894132
75.2425048985
126.809480656
199.122543946
10.0323307514
0.0
0.197137597483
4.59813679754
4.07262547966
12.2173998523
59.704768146
35.8242444098
108.055366795
32.3712197947
50.4671623922
7.1941716671
0.0
