0
0
0.715974219143
1.32651323453
1.03002307733
1.75141590647
1.06198345695
1.32556022366
5.75439641206
0.34508450143
0.123712584376
0.0268696844578
0.00479538319632
0.0
0.0738138896413
1.34094113531
8.15565947536
0.692552871071
0.687682528514
4.93014581222
2.52421078458
0.677805764601
1.6949785687
0.272091840394
0.0
0.0
0.0192163866013
1.10118773847
0.745346385986
0.898676574696
1.3573550859
2.36289781705
4.43013407895
2.99134379171
0.439593671821
0.0997998416424
0.989925768226
0.00984817091376
0.0
5.33822963759
2.27587942465
6.57868483244
0.685981971328
4.64964838396
4.15886381338
2.75355518493
0.106232821941
0.0
0.0
0.0485079549253
0.207160535734
2.60628928198
3.13223328115
3.3423484877
2.4563768995
4.07174093366
2.21638191206
3.33771460922
1.63610573672
0.0235223891214
8.49592862721
2.06467837095
0.428886055946
2.9757156074
2.96564672102
2.39161939063
3.83274253318
1.92034097016
0.778066693223
5.04189097742
2.06158765109
0.52567274333
0.0
0.229951964691
1.1670846343
2.92997689266
2.82994785206
2.34783411876
3.2686389616
2.09692311194
4.49008651974
3.3196184627
1.99144237372
1.2366329059
0.124360188842
0.00571841234341
0.973323340528
2.16743008047
2.97225545906
4.88184922235
4.21709717606
2.18638473842
3.52162479231
3.73123658705
6.03292301105
1.04298000038
0.0
0.0
0.811545398086
1.7732136664
2.89395601221
3.50605084695
3.03618044266
10.1513447026
3.677532573
4.0365784337
0.986475921236
1.76294221636
0.559666689485
0.0
1.16236662073
2.3270236589
1.59263802296
2.80170243699
3.15817873972
1.42999590421
2.30287444685
7.41865134565
0.880826021777
1.7597179804
0.52593421191
1.80545798503
0.116077039856
0.557181442156
1.16632754426
2.6632310393
0.427903106785
2.72525519575
4.16384194768
2.59718952107
4.58711426053
0.807277357206
0.774426914752
0.0
0.724735353142
4.07944742916
2.15245632501
2.37455293583
2.26356342016
1.26875914191
4.44069648441
4.69522107154
7.6870622281
1.96450746153
0.02090774104
0.217252718285
0.938525671139
4.08411739022
3.51377920853
2.47227448248
2.19434260391
4.60877016652
1.84131809487
4.37127728574
2.4446999834
0.282588928938
0.0
0.0
0.0689607188106
1.62496409472
2.6519284104
2.35787159612
2.65320194187
0.856570405886
2.8378254798
5.7603998722
6.04517334327
0.552523136139
0.0
0.0
0.297057971358
0.541850503534
0.596678703092
1.53963507153
2.49038915336
4.9277317021
1.29533502366
2.87018908747
0.411021998152
0.0
0.0
0.0
0.0497497804463
6.19559046428
1.06319244718
3.50203727407
5.99397521024
2.3351258859
1.67898898013
2.00926117413
1.623014935
0.0110451010987
3.04924347997
0.0187574382871
0.0
1.78279367462
1.5981073
3.1581294213
2.6684529942
3.13022587495
3.8030783243
1.40586044267
0
0
