0
0
25.0115379096
29.8244023248
27.1071557254
42.3732190858
64.6396305751
36.4791836366
69.2890436054
14.1961718872
2.02654787153
0.85980376415
0.386903151869
0.0
3.81024792698
26.2543476989
194.755875081
25.2985518398
9.53388743474
133.52082823
75.0412639306
11.3258418962
32.8210845106
46.9070628583
0.0
0.0
3.54226255416
9.1837942321
35.8183613587
18.3812448811
29.1409799102
58.9727764651
107.339311883
80.5713768386
16.1491151182
0.774786293506
15.2589660734
0.0
1.07951518893
111.964992531
92.557341557
263.465597112
17.5767536536
98.3265332858
103.343005858
43.3349035978
12.2759819403
4.4443641901
0.0
4.93213999272
4.64180812241
45.0583554694
106.758774698
107.337095702
67.9100716654
121.917051271
87.2304057665
79.2907539401
53.7095181048
2.52360664308
70.4549120664
0.0
3.43864524365
126.768698137
64.5662987669
56.3160048989
55.2654452753
53.5081295762
40.7686933781
133.269816622
81.5820853366
11.9177008867
0.0
0.0
19.3357014656
59.7245166936
82.4794156915
89.2858168418
73.9608677198
39.6107156575
99.7184604182
81.2539681987
59.0308900046
16.4155874625
2.28145054355
0.411182885059
23.4652907699
86.4204281434
101.284942813
122.487769447
150.697704803
78.1946764178
81.7035940289
72.4694973374
217.180825207
36.2525968553
0.0
0.0
11.9745168127
47.0034922217
73.5077656495
62.0961420425
34.6464253831
133.04086126
94.564495223
98.7150047198
35.0973134916
42.2296309769
26.3455860614
0.0
49.9852042404
49.8524644934
45.8925957084
69.467249455
67.175351305
31.8170919902
53.9864998106
190.755087256
36.7300331165
65.4634100777
26.6227565333
22.6573585421
6.62448511831
17.0331520736
12.9000601424
109.641851515
6.56542285903
115.935952239
110.604480266
53.4814827713
272.488731869
48.8262205572
23.9505637362
0.0
23.1584910415
60.7716378161
51.5102928571
75.3665527404
67.2100129387
20.2095964998
94.2541755158
115.854260131
28.7817905546
32.6396144628
6.35833132267
2.10801836103
14.2865771279
109.386963181
72.8952705636
80.4415923804
62.4636885106
112.573300218
72.1048609949
151.977478623
47.4662801083
12.3457317352
0.0
0.0
12.4414372444
65.320067346
82.0282432438
72.7587312833
27.2762558273
16.5008701254
62.7224276606
119.952874191
221.525224954
20.0713584423
18.583003521
0.023493940942
7.03717178107
0.686715066432
10.7670919709
46.1177132484
29.0670454949
97.4731310494
26.4091439434
35.5641485006
5.72814383357
0.0
0.0
0.0
0.0
53.8388269543
40.6744130357
82.1547450722
147.911645427
80.5991009474
33.2554898635
58.8081894816
16.6595196314
0.0
23.4393885434
1.25148618221
0.0
41.7410240582
36.0881583094
60.3464559094
90.6533339136
51.5602691453
66.1107732485
18.5708305389
0
0
