0.0
0.0
8.95679810642
24.9392486606
28.185819827
40.4569019918
30.7376893423
31.6964616067
130.631953999
11.3491327464
0.937281299383
2.45477677882
0.236771101132
0.0519042424858
2.47418832499
33.5424375012
181.467025927
25.4056371264
6.06826229767
134.331242323
77.84657304
12.3724793829
33.2106125057
53.7792073934
0.0
0.0
0.126057643443
9.03717408982
20.1196652949
21.6179200038
36.1681136414
60.7795011475
116.256451691
72.324140179
20.4426126424
4.73304319382
18.5683151409
0.0
0.0
50.8408413046
60.6243114454
185.938071638
10.3347602952
112.233252645
100.427602842
54.3015647438
5.34830564261
5.05964630842
0.0
0.713098302482
4.03835850209
35.7208076119
67.5569263654
96.1501986199
65.1783876679
88.371627353
65.6925771636
73.0995772406
67.1832774058
0.105731438845
373.857150346
2.0060402602
0.422281008214
66.6707010158
74.4105125544
63.3236285518
79.5327543821
52.2770257294
30.6096673411
138.465157757
71.3572377338
11.5678773913
0.0
0.336207278074
6.87103414536
64.4599693493
71.3029157383
55.7535558566
67.9435814861
43.2082616743
110.80823564
85.4882515891
49.5880973114
26.3842540608
5.88219542429
0.041206855327
18.121431537
68.705893267
65.634191215
136.015342548
108.529724283
52.548160823
84.3369807516
85.4364861091
183.41770188
32.9832308292
0.0
0.0
22.8049943615
41.3804904521
65.3207617673
67.620157158
56.6667611897
230.756486848
103.294292953
94.5800552359
17.9229646325
50.2247711419
42.3282791376
0.0
54.1989777926
69.8059821221
47.4009934142
76.8555084766
63.327813217
43.8564385102
58.27981407
182.916758655
42.766994873
67.9284886903
14.6363345906
31.8420409373
4.9665526338
5.65551427658
28.4209175314
65.1205965048
12.3528945297
72.081151139
101.761816526
65.1670728391
257.12668895
6.29293397069
25.9322618544
0.0
23.540491811
87.1121825426
48.5635291637
53.5594668053
55.0640576911
24.0699352474
100.080748458
122.377536397
20.4975778204
39.997693956
3.8748010397
4.15056887268
17.5720571391
99.5158507303
79.365961494
69.8742056004
39.9544829064
114.034851328
42.9004892484
109.570730209
58.6341542155
11.8770413473
0.0
0.0
10.6685571671
46.3946730773
60.923788296
72.7894818931
39.0502786702
20.3652189095
77.4650252479
132.152263999
154.911317004
20.9997496605
0.0
0.0
6.39999890328
0.409191571176
18.4564107545
60.1900660819
31.429352112
109.151250333
28.2450176774
54.6113351743
12.9847999513
0.0
0.0
0.0
4.12167441845
64.3892478794
33.6125816285
92.4905716013
155.394067794
68.6947661117
41.1329068133
47.4008164555
45.9392415806
0.0
28.3079054878
1.02039122209
0.0
56.716013521
31.7316832243
60.752010204
58.9758908172
89.9764385374
78.7915392538
26.8889326752
262.789999999
812.560000001
99.75
1.56
0
0
0
0
0
0
0
0
0
0
