0
0
0.592882407829
0.778413865482
2.00835850276
4.71267552185
3.86186700931
1.34733047895
1.85844888445
0.756820963928
0.241766395047
0.00347290327772
0.00395099492744
0.0533912722021
0.248349965084
1.71955294348
6.8010611608
0.740306815598
0.833296465687
4.66237061657
3.36964013008
0.82215278619
1.24865261838
0.428598014638
0.0
0.312034457922
0.0639223404578
0.263562199194
2.19644288556
0.892973035225
2.16045315564
3.19468888314
5.2290062597
2.84676985536
0.880609186366
0.0
0.499738913029
0.00817600823939
0.0
3.12737844046
4.44322015299
8.82104405854
1.1649767796
3.37350891728
4.17483076686
1.44064202753
0.422230402241
0.0
0.0
0.262440264225
0.121592074167
1.2645011358
4.91906655475
4.46962522529
4.15611752472
2.50757210585
3.14652230358
3.11371691339
1.71530910954
0.0361104113981
11.2100720257
0.0
0.0
4.93249956879
2.91589186899
3.12511433545
2.42302322132
1.20217854262
1.17411528522
7.57916428149
3.31308991899
0.807293216465
0.0
0.0
0.0
2.84685962275
4.84655366885
4.0565900061
1.97749980027
2.02840292081
4.59771161526
3.72712006513
2.00638295757
0.992969170213
0.494901507162
0.0180295240134
0.856595921796
3.24550139159
6.06310332526
3.8939963929
6.62769165094
2.7287379303
2.68503481708
3.25396948773
6.39745925949
5.12728867307
0.0156956221908
0.0
0.982995350962
2.26099306211
2.33485425194
6.39469273272
2.04090055428
4.2650882178
3.15994037967
3.81801815628
1.60498387367
1.76633467805
0.0
0.0333504937589
1.60872840858
2.14139700052
1.82077988307
2.89562807512
2.63872917689
2.47819286818
1.55596562894
7.72689107945
2.21217168891
1.77868427709
1.16827547899
0.929978482425
0.51715630223
2.00804647664
0.731415331946
5.1583371103
0.0842175799189
4.69431853667
3.30624545051
2.48135616933
6.3326969929
4.87940630317
1.32700063521
0.320542330854
0.307834178209
2.36146817147
2.49403065513
2.29291823891
2.16429941275
0.834702770226
3.38263753167
4.12739749975
1.40674316324
1.90661106864
0.00214153691195
0.0359945595264
0.902668761089
4.21987684269
3.49977721117
4.26205088338
3.57989361626
5.2276985225
3.35945500736
6.22141937679
1.49691549351
0.266222506762
0.0
0.0
0.560675293207
1.96998783574
3.59583351598
4.85696369689
1.6688991047
0.656811481575
2.92576637509
5.04489412904
8.42829255294
0.477921903133
0.228423655033
0.0
0.24720017612
0.0360610391945
1.22402231484
3.59708412807
2.33238489657
2.90842136415
0.984562879894
1.20970540494
0.211830206215
0.0
0.0
0.0
0.0
5.44520313293
1.78968389798
3.55242646625
4.72259806376
3.71893426433
2.01282050367
1.76347622508
0.669188585889
0.0
1.75836205576
0.0380657538772
0.0107163321227
2.24274213612
0.834961376619
4.0821062224
3.62980681472
2.23486394249
2.06616640324
0.747475609183
0
0
