0
0
0.843527793884
1.20971447229
0.782321942155
1.88850024808
1.53851606802
1.28380866465
4.80009641591
0.612634659745
0.0439739404246
0.0743141779676
0.0254709357396
0.0
0.0942042194074
1.05097881879
7.20819322101
1.17960922513
0.346498238854
5.41904274304
3.19875198789
0.568819933571
1.9251437746
2.62081262097
0.0
0.0
0.0352299716324
0.255027447594
1.11097999476
0.693955328257
1.33335786266
2.59876647592
4.51030299417
3.3524597676
0.401901811827
0.01027416531
0.722339842934
0.0
0.0
2.85557197314
2.52322667942
8.53499335621
0.367334758863
4.97979757399
4.04558318853
2.01458707405
0.248653055169
0.0850217342377
0.0
0.186998288147
0.170787534676
1.79781429889
3.2705590057
4.75264300546
2.29616103321
3.53323331242
2.91253829206
3.23378785793
3.37657249055
0.00961583200842
27.7420611382
12.0779522192
0.235400050879
3.35978389299
2.76596930623
2.49235699017
3.44254043535
2.31252175756
1.31141742424
5.96055786929
2.04662876006
0.391800349113
0.0
0.0197182204574
0.06926253438
2.74185467605
3.31423565932
2.19729735376
2.9862843547
1.68937911058
4.5026967451
3.1128220004
2.39907557424
0.719975511078
0.227786025964
0.00487905368209
0.825468208641
3.55483367527
2.96527669532
5.31192627217
5.37612230098
2.53393274068
3.42806696985
3.33137699071
7.98034289922
1.45145332813
0.0
0.0
0.607388073695
1.99923188268
2.82506524085
2.30389770935
2.3173252102
9.38961124793
4.32190260611
3.8809955474
1.08010457875
2.09598513693
3.3787779212
0.0
2.16444450489
2.38055382489
1.99302828824
3.50744017016
2.59825228434
1.83907862054
2.55192991218
7.83929360099
1.57979754871
3.79536779458
1.10712058283
1.2444646582
0.229983440368
0.438432285562
1.11273018533
3.11426557112
0.427698204643
3.44508373365
4.42118464736
2.52700983384
4.52997802524
1.09093486657
0.868603913113
0.0951645076275
0.729715767317
3.05228443258
1.52707221732
2.24211315811
2.19170226576
0.916542275809
4.76605675637
5.02786949335
0.688638507389
0.85222921893
0.414238478988
0.344180942513
1.85707899602
4.29247129301
3.29235613463
3.42775189131
2.21173224074
5.24830647907
2.06648637215
4.9381244774
2.35753538599
0.453801691532
0.0
0.0
0.800229299814
2.5109645878
2.52613583393
2.85230853257
1.43321824865
0.94994329568
3.2239633901
5.04387652408
6.67531769909
0.565402507782
0.0
0.0
0.274999946356
0.689997798763
0.569031775929
1.89800724888
1.64666912249
4.81009000703
1.13445680728
2.3294735619
0.492710914463
0.0
0.0
0.0
0.0
3.82743968489
1.33417613234
4.71836885007
6.24229388218
2.79794243677
1.31922557484
2.01638384722
2.18725544168
0.0
0.707184704952
0.078754842747
0.0
3.17327522486
1.37824237719
3.00358179765
2.64514363278
3.17987648142
3.31315953005
0.914912268519
0
0
