0
0
15.5021470338
28.8514215946
25.9383450766
36.5709066912
25.2163829618
31.9441133124
134.650785517
11.3420537822
1.40278300177
0.98748716712
0.205222416669
0.0701645426453
2.1163897533
37.3110663816
196.630481385
18.6619009618
12.5668919608
118.058324173
68.5060539991
14.797074236
30.2087675928
33.7649816573
0.0
0.0
0.139930643141
23.3245293489
15.5686281268
19.7657752298
30.5369687006
53.6304384024
109.359664086
68.2824257304
15.8990401681
2.03757995367
16.3544480726
0.26444877684
0.0
101.010036595
50.8423056538
167.583108388
13.1410941929
115.89856251
101.242933852
62.6783650202
4.53578388691
0.0
0.0
0.975792864338
4.12403774635
49.5726647861
72.0008479246
80.2496387232
56.9881136719
99.0553998216
63.3277718537
79.3399777114
40.7892031296
0.885632358492
138.477511771
51.8047719821
0.0
65.8346090018
76.3305232586
60.2877500165
88.7975180671
44.2543053924
22.047857048
128.845950517
40.1343051502
5.19640330039
0.0
4.42490297556
29.6062481402
63.1987090409
66.887022905
52.4419979342
78.0018354077
53.3821551427
108.75286969
83.2526824214
48.53047866
30.1731373073
5.17847809195
0.093224633485
27.9467078225
60.199566096
66.7238618731
121.745239626
101.642416588
50.8659417322
85.7216062154
87.7659650808
130.126410391
11.6423105076
0.0
0.0
15.3540180847
38.4271721765
65.6692908062
77.7173913857
62.7335099503
238.592632905
91.8796690106
96.3934322102
21.7160498276
55.8384833335
4.828017354
0.0
47.3828229737
64.5209836812
45.1640874557
64.9746114538
73.8624793087
34.7964623609
57.2509653317
174.945398346
18.3965295665
40.5093545894
17.6879235059
33.3160065002
4.51492841263
10.8418597542
27.9226258212
64.6941781975
10.0067356448
62.3588325977
100.912689675
63.7507070695
102.875426609
18.9314381182
17.399967771
0.0
17.2327502109
89.9072518944
51.8694276922
58.0010419898
54.7627941146
27.5251294858
99.417626772
117.521885755
22.9099175145
35.8704712205
0.457255929708
7.13030996918
20.1947289705
98.463198468
71.1562132313
68.8584675583
38.5067187958
118.350846313
40.512279516
103.574763402
59.14912485
6.5972249508
0.0
0.0
1.90904831886
40.0285300613
53.6189649067
57.7202712461
51.3037021346
19.3563237246
71.914020055
119.192492489
146.956130326
11.7864346504
0.0
0.0
7.98658436537
14.9395539165
16.1402488947
46.6972779259
50.1764674186
115.580304975
25.3252638281
67.7482876838
10.9275074154
0.0
0.0
0.0
8.82948374748
130.892867312
28.2835074943
84.0330355418
151.301557884
58.321552109
43.0290453694
45.7219887972
58.6756290403
0.0
35.730647089
0.649455282838
0.0
44.2460283636
36.9121885915
62.2549241335
67.4689858966
55.8341664914
87.2202728167
33.3303427399
0
0
