0.0
0.0
22.9276961088
22.3420052547
24.8498348621
48.598187358
41.2495490928
37.4219029416
101.544420607
14.6071057096
1.40506866574
1.03605723381
0.237228065729
0.0313801188022
2.28152597509
29.3942337641
190.907957031
29.7576477554
6.78614930436
140.796094833
68.5151113718
12.6794018894
37.5551708489
29.7027668059
0.0
0.0
1.98777683079
5.198452455
31.5943449811
23.3162200749
30.6584616211
55.2717441526
102.253119036
72.0708748531
5.52029573544
0.0273649049923
10.3513407
0.129859752953
0.0
87.7858596257
70.3667669318
233.922979232
13.6216176823
114.470292639
101.795617193
42.1020255787
9.2825504467
0.390226274729
3.38945066928
4.34698581509
6.79594619573
43.1721375883
70.395949897
103.302841902
52.177487729
109.270697521
74.7324199901
72.9795634188
93.546991339
0.241888247431
95.3791188821
93.3941169698
4.44602966309
91.9652051702
68.249254656
60.3827975016
66.5719974619
60.8876926303
38.223645293
147.026718891
61.3359742044
9.70596714132
0.0
0.768441975118
22.8449343145
61.1956690774
77.9767239439
59.5479462972
69.7014829236
38.6592062282
107.932730831
81.5866915807
65.1356627018
12.2854967304
6.7233702019
0.170330341905
20.7098472118
76.5363327115
97.1733735725
131.982734907
137.279889716
64.2351881918
83.5369744934
79.8642006274
260.069215366
38.9923834987
0.0
0.0
13.6068928968
32.3817486958
69.8206223539
48.1478498765
52.2532694266
195.054583853
96.969076367
97.437297251
32.1999490858
51.4572480619
38.4947805406
0.0
58.9793763562
53.1904898285
47.0991160366
76.1047478942
69.9657036122
41.4183128402
58.7074185619
183.249844596
38.5018522908
57.6401228496
45.2478547207
28.4331513941
17.3360598916
13.3423279188
23.110774247
94.2124474906
7.42162933805
94.3468846903
112.312236462
60.0719989166
194.638145439
26.1786999497
23.0082372576
0.0
14.5016768128
68.2491752654
39.2924112509
57.1036683283
52.7064389494
19.185771972
107.641932291
127.551773627
14.6909282952
29.4075960516
6.56825792045
1.88507536054
19.8670717813
102.46604801
75.8374034717
87.5761392674
55.0915271546
112.056254681
62.9353135466
138.569897689
46.1651358605
7.72116994858
0.0
0.0
23.7478640377
59.788413763
68.6460869909
65.4766370198
34.3944506719
19.952675052
75.8435458586
122.028781526
190.987352416
9.6671898365
0.0
0.204664540943
5.51123654098
4.81011624634
12.1275691688
49.202957916
33.7332209563
117.084981412
32.4019827554
51.7074820111
7.43441113829
0.0
