0.0
0.0
26.7289606332
45.6656246558
32.1279316394
71.7282110789
72.4090628306
29.2873605341
63.5399614591
15.3181615127
0.844876527787
0.30534880981
0.34151686728
1.06416146457
2.08878644183
34.0748225414
184.318541229
29.1711311078
14.0767784826
120.975309815
82.8966658171
9.00642549991
41.79561726
6.71791047602
0.0
7.18319892883
1.12792271376
13.8805442266
36.730668487
19.2384906169
33.0695946235
69.5161363966
105.447212485
70.8740843722
12.8572140592
0.0
23.788565442
0.0
0.287461878732
141.977529209
95.323053209
258.335773164
14.4702738449
87.1408872864
94.8227462098
39.7183907647
11.2446896229
8.94492745399
3.16003310681
7.14615797998
4.19034076296
44.6124964802
106.668508842
99.0476438328
76.3277506774
116.425642661
87.1564201824
79.304611517
35.572608199
2.31013111398
183.039271698
2.09908336401
0.0
149.87196803
56.3452145839
54.505444212
50.8799203188
42.0496976561
30.9612679872
156.210681215
61.3022662829
17.3447969081
0.0
0.0
0.0
63.1853641402
97.1511626803
90.0272390508
56.3642642498
47.4831047729
100.534051962
67.1238119378
59.6802496222
21.9544644803
17.7226364175
0.909572431817
21.9523899369
79.9175578896
121.494658125
118.419756926
154.030807698
77.641496418
76.5001901686
70.0708219538
216.175993835
21.3354404569
0.0
0.0
16.3839832898
78.494759783
75.0319774663
68.977595455
32.8118142374
111.834688422
90.858942817
98.1465358102
39.855759275
41.348081857
5.19562840462
0.0
66.0563127631
49.6112000551
51.5552936309
59.0579246878
55.3867904954
37.6922561042
48.2408739756
209.788771146
64.4195398987
83.0660716742
9.13685804419
20.6232650802
23.4637545459
40.558191888
10.6600100216
116.863267953
4.74290267006
118.346956909
104.001757233
54.9128191188
166.299352464
39.1350171269
25.5724878163
0.0
23.9909051433
79.5638379156
49.005977742
77.0896587744
58.2762366012
23.5281626992
94.5392449423
132.988430657
29.4907327294
39.1538191438
1.15078818798
3.6205739826
16.0113643259
106.565646149
75.3175973465
82.0176824088
70.2922526522
114.663592122
64.1549233049
143.86249717
43.5407256391
9.44934010505
0.0
0.0
3.65266379714
55.2855612338
89.2032806016
89.6075582179
27.8412701302
15.9747640919
62.4803244871
116.251723932
214.450259507
17.6060290597
1.75479608774
0.0
2.87721222638
9.40994296968
15.2539852546
61.0557760968
29.5643216093
100.353125144
21.5868444554
29.4930299074
8.06498292089
0.0
0.0
0.0
0.0
138.533538088
28.7898866405
73.3777250983
138.371382474
78.460319683
44.2276567603
55.4521295429
5.89835947752
0.0
44.5635767878
0.193454790395
0.0
26.2317772507
34.4227429478
64.2222718075
83.3834325614
51.2551435231
74.1539837568
26.1380251049
40.41
155.12
3.18
0.340000000001
0
0
0
0
0
0
0
0
0
0
