0.0
0.0
23.9722031057
40.4780505449
31.3142579645
70.878256537
72.7901087926
27.2138821742
56.3935794533
15.0922783725
2.13108122349
0.208198347129
0.404409840703
0.659104675054
2.3510963833
42.1986086131
173.384316489
30.459697835
12.0470424481
127.258012243
76.4396561254
10.703290388
28.3151224013
8.70960581302
0.0
8.06885290145
0.0519148316234
15.8924090769
36.1709137476
19.0331560643
37.9398457334
64.7332432531
113.496632111
60.6774196253
20.1094663851
0.915936380626
13.5482565165
0.158615302295
0.139335237444
156.982682213
96.126952237
247.930555675
18.8111472577
88.7690496929
95.4312311412
36.2009134591
12.5235708542
4.50424826146
0.0
4.11288034915
2.32760967314
45.187414661
105.879498303
98.6561156138
86.7072573938
98.7718952335
84.9369686014
82.2479437538
35.8164530062
0.485261511058
101.871348012
1.74790281057
0.0
144.91747033
61.643026038
58.5466564363
53.5758850481
42.2061987518
30.7342833
148.737335712
71.8674163939
23.4640527628
0.0
0.0
0.0
71.5405649599
102.22749168
104.574237512
50.3645428308
48.296541497
107.613348588
83.1708089412
54.235245835
20.7091284692
18.3603887083
1.48930006055
20.2498759925
82.2725837902
120.002086823
108.303093198
159.415376195
66.034584336
75.4828862249
70.6913418775
228.564225426
21.9830263853
0.0
0.0
20.7361397613
93.8208552898
68.883255432
82.9765733023
40.331647776
127.974527336
88.8617712034
96.3480823114
46.032564503
40.9063481837
14.9019377567
0.0
52.9909129366
46.5871895849
54.279403109
60.2817666828
53.811225906
39.7316584961
47.0835386441
216.640310073
53.9458579961
45.4578394219
12.238122616
16.0817523301
30.7756146379
68.4226283134
10.941027347
116.033878265
4.49071689696
122.637780595
99.2580915965
53.0341595114
109.586496692
24.3502438142
21.7080734074
0.0
28.771941701
56.3584409393
65.3838084912
76.9654560238
60.258176364
20.9139004089
91.5967203454
113.353831231
24.5116151422
37.8198763356
1.86924549937
5.12601862102
24.295412209
113.973043917
76.856619798
89.5591448621
76.2267486713
123.931593731
65.5088978614
141.412777606
35.1758379658
10.1996455193
0.0
0.0
13.7697110921
60.7029573173
94.4230252841
92.8856177945
27.2497089487
16.5639254982
59.9410046102
113.012268931
213.924318032
20.1338676587
2.75220715999
0.0
3.15698871017
11.5138246715
15.871591324
70.3298190125
36.5354891746
96.1199546623
22.5095669031
25.7412697524
7.24997775257
0.0
0.0
0.0
0.0
100.739738256
28.1095295604
86.7676255982
134.756709449
72.6668681054
45.2983174212
46.2616911828
4.1861555837
0.0
43.1072929836
0.278986955993
0.11603743583
33.8866940578
35.7760013378
66.3579422234
81.3430774771
45.3482756316
71.5363823734
24.5833334326
40.1599999999
128.82
1.64
0.11
0
0
0
0
0
0
0
0
0
0
