0
0
23.8215790093
29.6346262246
34.8616107703
81.3986775996
73.3049491925
29.4114406435
48.0835747327
16.2936038207
2.37311435491
0.236643886194
0.196957737207
11.1417329013
0.500511861406
44.9907397642
170.059882566
26.8043117971
12.5944591854
120.644427739
73.2128979396
11.0464977175
20.5090948977
9.18540088087
0.0
11.5554785729
0.0510443989188
15.4690676071
32.6171893584
20.9651112934
40.5101290942
67.9398339317
112.859244805
68.1061412395
25.5092893447
0.0
17.1571357548
0.165068630129
0.0662033557891
171.177925369
101.117239217
242.0712132
15.8067678921
85.4814956748
98.5557507053
37.8065798544
13.2089896649
0.372488714755
0.0
6.34565949439
0.540312090888
39.7315027714
108.942168161
107.028464042
92.6448527611
85.1000673835
82.3690370182
82.2353001377
43.0492014326
0.627399601042
290.223379488
2.09113311768
0.0
131.114893902
63.4117249008
60.5829182155
61.6837271909
37.5516920462
28.4474442266
155.266792327
74.0614399296
17.1964559443
0.0
0.0
0.0
73.0234622731
108.7055439
104.282917087
47.3433560784
44.552631475
105.278852619
88.1868432014
48.2958153449
15.4940988421
15.8292193897
1.00777689367
21.8107246701
87.9610098972
131.229025691
109.320779697
171.681322242
66.6236796958
71.5476858924
69.1994484799
264.573528931
127.589630694
0.0
0.0
25.6487539262
85.4382159245
63.3355019201
100.620834117
38.173511046
126.88132206
86.100730633
95.6797148232
41.4978381917
34.6096159817
11.9657424353
0.0
55.8831723166
38.4236081801
51.2467143768
58.9787085727
60.114553878
47.6455516889
43.950076715
218.116968627
50.7289399747
40.0345086158
11.1440733019
15.1405260265
25.2937774937
73.1092966944
15.2088690251
113.423254402
4.41110981558
123.175403036
94.9747874959
54.5240567251
143.475315213
59.1930541099
17.3403607998
0.275441385806
25.4013923909
53.5307150558
59.4473760725
75.7904009746
69.1831150577
17.5733284783
84.7192529441
117.680990911
24.9362524152
50.6589292289
0.0
1.94709713012
25.2772805952
118.052664684
79.2421725787
97.0345317888
82.408497937
129.145208616
65.8270737156
144.132408198
37.1745492574
5.1224706173
0.0
0.0
20.1400506198
60.1030070633
89.8221571147
102.843039695
28.9130202682
16.216490373
62.1371299402
115.585804492
219.520272598
20.7485033311
3.37383162974
0.0
2.53966525198
0.830763280392
13.146429833
75.2715952042
48.2308480236
89.8072216586
24.6198565363
29.4853187575
8.0028819479
0.0
0.0
0.0
0.0
83.850852996
29.8764483612
94.6512114554
127.898900438
80.6564598307
46.356620472
47.1309806407
5.55046015978
0.0
62.8354681358
1.77879419597
0.189178660512
40.0765321423
35.4294151068
70.1366636698
79.9374468103
44.2033525855
69.7182492502
23.7291356027
0
0
