0
0
7.67034973205
18.4832487227
42.642453421
135.204015792
106.211300081
33.7965593431
37.6392016188
17.6068053413
7.06115734577
0.243191141635
0.189646549523
0.66748148203
1.09789983462
51.7123241722
162.534805946
20.1848037047
17.1424991232
100.95241262
72.5321941673
26.5796628334
41.1598329396
5.65451221169
0.0
7.38265299797
11.4650598289
4.2964140689
64.173211908
22.3796983184
51.498311201
76.7432596162
116.952848839
58.9149511954
27.6616760474
0.0
3.66676497458
0.0
0.634144306183
70.1241595661
96.209414687
193.302270815
19.9567757137
81.3166451678
109.364861291
35.0784209395
10.0443664296
0.0
0.0
3.49041688442
3.02570011094
27.8388298452
92.8493512608
93.435946416
114.432316599
46.1518124119
79.7709840852
72.993471167
42.6259956379
2.05827079341
106.635069955
22.8384608505
6.65356564522
124.04213938
65.2426261157
70.7147011337
46.0404282398
29.2388440891
30.1268068711
156.768294319
91.2611538888
28.3186596036
0.0
0.0
2.55470260978
63.2168823929
117.68448774
82.7458582354
46.0726565122
60.0396453823
111.413726622
97.3121810239
71.9453036784
23.612138249
8.06711384654
0.179495483637
19.8905904852
60.0067547328
147.205479518
97.8513320424
154.087977989
77.4542560363
69.7137970291
74.342745781
135.109759077
84.3929568082
0.32203683257
0.0
19.5081014112
61.6724823202
56.3056953941
140.87472013
65.1497397703
114.384827424
73.1708301902
94.2087284246
28.7425916455
31.750744991
0.0776283647866
0.0
54.2459576599
44.4006601553
40.2357614386
72.0491797999
61.9836712238
47.2145435381
43.9629687331
180.99068517
74.0336045232
75.3859857247
26.0956770034
15.7448932529
18.8703746125
43.7592260479
14.5449014325
143.147367538
4.57101059239
108.902057815
79.8151333853
57.5462477134
154.718671124
115.312508248
20.4581321552
8.07292556762
2.63694249094
54.9489067783
58.8082676232
54.1204773802
71.0430732686
21.040215455
84.5535320426
90.1208860762
20.5368852876
64.7603773399
0.0
5.82017464937
24.7212801463
113.075435892
78.4854499334
100.989082497
71.4889486358
126.50061397
82.6425386388
160.944496846
25.6753395684
2.83063584566
0.0
0.0
24.4984052182
45.1330779679
79.1095198207
118.440699745
41.2305576672
17.555956196
71.8321180454
118.737254726
187.100012217
15.7320989259
2.71308463812
0.0
5.26406112314
3.92939235271
30.4281791746
115.946058769
45.053430492
69.242345687
23.6893304251
23.1125029921
3.61550514401
0.0
