0
0
0.666399243288
1.21085172333
1.91002755007
4.74522286624
4.06641235336
1.32204803638
1.73095819959
0.944006803446
0.31169578596
0.0114858211018
0.00790300499648
0.00903482642025
0.206246029586
2.40576498862
7.60203016037
0.671529251849
0.419367764145
4.20303910621
2.02702441241
1.05487826467
0.908517687581
0.0666818483733
0.0
0.177894860506
0.787619007606
0.407938300632
2.6665771706
0.659876591351
2.94476027973
3.19341332978
5.6261891881
2.39248491114
1.33618305065
0.0
0.535332137719
0.0
0.0080526669044
2.21903981053
4.1003138891
7.75894858246
1.04361751559
2.68776446965
5.21534436825
1.50496164308
0.443933672737
1.18962550163
0.0
0.0553307998925
0.0565584981814
1.74890952092
3.25025074079
5.11729910772
5.15525651618
2.39450915239
3.20350643579
2.82345901383
1.8232648453
0.0336282690987
6.16648136394
0.0
0.0
4.99298492866
3.06261738774
2.79202346323
2.44363642484
1.13440735079
1.03492143599
6.5856717194
3.71962222573
1.04290025681
0.0564769692719
0.0
0.0577470175922
2.51563713048
5.53576768067
3.62250051973
3.31256596098
2.88350776793
4.35894222476
4.44364966592
3.18874330306
1.25421386212
0.714577259263
0.00482102157548
0.611103301868
2.56407205603
5.44734149287
4.62099749106
6.79651624564
2.83955569682
2.84302448388
2.05294140661
7.04699983145
1.75398335699
0.0
0.0
0.236610416323
2.18173917569
2.27407473221
4.89647916111
3.22119193315
3.68190056412
3.10770908953
4.17651160515
0.802324345335
1.26373175811
0.0259525878355
0.0578093715012
2.4767617425
2.16053085844
2.29557305598
3.38662875071
2.78714984097
1.39859477105
1.75477243308
7.59860435163
2.8729152442
1.76682001585
0.975299587473
0.535362890456
1.40664935019
1.8864726295
0.748814608436
5.10304386553
0.307629570831
4.03311854322
3.66677448543
2.27358715772
7.7974802251
3.35240674298
1.6075251908
0.26509972848
0.433632331435
2.38641831646
3.08613867743
2.24280401319
2.40604197513
1.03927381663
3.45696015446
3.97148923346
1.26387592498
1.96559723886
0.175667315722
0.203243785538
0.705454876646
4.12321850844
2.89146807115
3.68123903836
3.30782464799
5.84531991393
3.66067452566
7.17177490378
1.50478823343
0.084016777575
0.0
0.0
1.18555611372
2.20174494269
2.91562151909
6.83953191095
1.42449266254
0.838410252007
2.94325084612
5.00900445133
8.93959187903
0.937304913998
0.264809310436
0.0
0.507890053093
0.974991369992
0.762617307802
3.97805284045
1.53536028229
2.58784222422
0.878032604232
0.976269858889
0.157274702564
0.0
0.0
0.0
0.021324635949
7.59961561789
1.79027646163
3.12240800494
5.02679902362
4.50128922844
2.32939236704
1.97419056483
0.648074643163
0.0
3.36535116308
0.098878107965
0.0306231090799
1.00232869573
1.04387116572
3.60058997991
4.33397538587
3.30371640681
2.50896435836
0.953364335001
0
0
