0
0
0.132928818464
1.72549777105
1.98892978765
5.55558457586
3.68227815931
2.16577836638
1.46075025672
1.57638766104
0.70531162119
0.00492499535903
0.00859949924052
0.00370854628272
0.587615999859
2.68219152652
8.81973362761
0.612724805076
0.767728767358
4.59850127064
1.3169041737
1.17536447616
1.08625882491
0.213124491274
0.0
0.396720349789
0.677965333685
0.46022249246
2.94693204475
0.539761806489
3.01694547012
2.62440049974
5.2665367024
3.06238596188
0.57602413767
0.0681271404028
0.201849844307
0.0
0.0949708395638
4.39513325226
3.4693170407
6.61237302492
0.828061306616
2.60600585025
5.72877539805
1.08575562964
1.14889527787
2.46536442032
0.0
0.0356090776622
0.0638849274255
2.2804200137
2.90131585253
4.91704068513
6.6216997435
4.18160369003
3.19614142406
2.83951387909
1.82443658053
0.0820889454335
4.02098769229
0.0
0.0208788719028
5.30467222608
2.57471196377
1.89832982235
2.61762612313
1.88919730973
0.770734266145
6.52533870703
3.21143098403
1.02639072039
0.0232966579497
0.0
0.0955412909389
2.026805136
5.16359222023
3.08375864464
3.58532658825
2.62333657895
3.9336502403
5.13244949421
2.11298641656
1.78314521769
0.583833967103
0.534034503624
1.18189120479
2.78979638917
5.22970163357
4.81917580235
6.00227963389
2.98012506729
3.23072477104
1.53803029144
8.25015875697
2.10079508164
0.129638005048
0.0
0.916221553111
2.89173934306
1.54123184038
3.80313485803
2.70004408062
4.08190528827
3.09697774565
3.85685252585
1.07097656885
1.69045605231
0.00726698990911
0.0125577580184
1.34243576421
2.1184008657
2.60405763297
2.76928301371
3.67132570269
1.65906424518
1.82937998744
8.45131786354
2.42157810717
2.32759614009
0.88565282803
1.0992024024
1.79176097829
1.74512249697
0.981230125763
4.33925018483
0.396965323365
3.44097003387
3.56410798337
2.44784017117
8.28222031705
2.13737385906
0.948791420087
0.0
0.0575666393852
2.12018029869
3.08684015321
2.00628524553
2.49411028298
1.21555875847
2.93748878315
3.42973984662
1.25598669937
1.96521441638
3.37892646063
0.28028576076
0.394007398281
4.32839708473
3.2462712964
4.23616254819
4.15355401393
6.17187703622
3.52525773761
7.26429221837
1.8267914172
0.088912203908
0.0
0.0
1.32573240995
1.20793749765
3.07394717075
5.4313405063
1.685205766
1.26235885615
2.26221711189
5.35658918181
6.30965068028
0.776736930013
1.0096770525
0.0
0.237445086241
0.455142917112
0.588270771754
4.91713504214
1.74453498423
3.80130784423
0.656189074274
1.50842830841
0.0835462454706
0.0179419275373
0.0
0.0
0.185531366616
6.63529741857
1.79874502169
3.47256500646
4.54316077661
4.36541997641
2.45443838229
1.82475536957
0.665741225239
0.180210741237
1.6702306692
0.0240981914103
0.138253227342
0.895942309406
0.858194488334
2.20456141233
3.54367817985
4.15966814046
2.75679115858
0.677356470376
0
0
