0.0
0.0
0.0
25.8212697209
32.9488211275
116.129774094
163.948071686
53.1554376566
27.5110116341
25.1199666475
9.75105701945
1.10318318009
0.290056513622
95.6828806399
11.2725787461
71.3566566934
194.81827122
11.3923949199
22.0183398798
122.27086078
23.8755181767
44.8688474671
53.1339208781
2.05142945051
0.0
0.680937543511
36.5903280526
10.460909402
50.2672442458
13.8598536453
80.3296065638
79.4211969674
117.043407518
71.177326097
8.46702298104
0.854018390179
3.87785272301
0.0
6.34892885573
111.668496475
81.7155934442
136.727420792
12.270091245
50.4003279358
151.720562511
24.1002546391
9.26073776186
0.486789643764
2.03355360031
0.16645359993
1.30893973634
55.8823359758
61.0026523265
120.738407152
250.640534386
75.042253375
70.745748125
52.9017554846
50.370248557
1.10617004335
97.178062398
0.0
0.0
113.408854779
71.5109540707
28.3706138806
94.362410291
43.5425858405
9.37038348802
111.944864625
55.4577646378
3.41990514098
0.169861178845
1.45642478764
0.408044591546
46.0139145703
135.856059561
53.1715888186
92.8324890341
62.2363204099
101.160645741
105.69092723
58.5506664031
43.9744144454
22.6628980637
0.0690186079591
16.1865714127
65.3364553234
106.684545661
118.983790269
185.738362515
64.9123321082
101.001553685
35.6800146103
145.883086838
0.36449370347
0.0
0.0
26.7841348015
80.3640655874
54.1820992939
67.0681188629
49.6905344556
87.1067963316
88.435908061
109.796444477
19.9898627177
31.7408606597
90.5599422456
1.43417912722
33.4627340064
49.5612848746
49.4611000567
78.3517634366
92.165179789
43.8101194092
47.8729172554
207.848074324
58.0656251683
51.6725720465
34.6182017774
35.3621679917
29.3449708522
51.7556982917
19.728151761
73.9567321222
10.0352686644
94.5989704366
71.6865306458
65.5488889608
172.053012729
27.803889798
8.78806241602
0.0
5.86711124518
47.6481224746
78.818541144
29.6818528985
60.9102680124
44.6200883834
89.0597337624
77.3491908499
45.6863261266
25.1552753225
123.896461889
1.9199372828
26.2961641476
117.296475403
79.1484803707
154.113394942
56.3329367861
151.258178501
105.489852531
220.703966707
46.4368772366
2.28705149889
0.0
0.0
14.351600647
49.6401796862
93.0229282826
111.717460482
28.480264049
44.3534621335
55.6786032413
156.58340058
146.171392925
13.4152337378
7.87822222709
0.0
4.04281720519
12.861510314
26.9941778184
92.2149825209
70.82299146
162.471136518
30.0767855839
45.9783841522
0.932184750214
0.0
0.0
0.0
0.869878484868
81.6736279428
41.6073725602
70.7601680887
124.80998075
103.265196785
49.0284586642
33.0945738852
7.02777083964
0.0
50.932627855
2.99759891443
8.31896956265
31.5942332558
37.5102278441
60.0039294362
97.9372694491
95.0043331682
77.6324555129
11.4949415624
31.5700000001
69.4300000001
0.940000000001
1.78
0
0
0
0
0
0
0
0
0
0
