0
0
0.101178608835
0.931064143777
2.1326102562
5.58225964033
5.02350402065
2.25548245758
1.41309119842
1.71500295424
0.393172542797
0.00837855157442
0.00422416860238
0.00433205254376
0.600631985813
3.03797846264
8.58030798257
0.661710093264
0.680594019592
5.32824339438
1.24157154537
1.23188018054
2.52844319493
0.211122482084
0.0
0.310116678476
1.6999930162
0.653235849924
2.99869936798
0.510422321036
3.2020330485
2.49914304237
5.13743758202
2.85642881948
1.61342000426
0.881655875593
0.38182836771
0.0
0.227229341865
3.90530712518
3.66009924165
7.04264281015
0.999694115249
2.24494390516
6.3284363469
0.890453900676
0.678450575098
0.0
0.0902023464441
0.02396334894
0.11915333569
1.76807513321
2.66685482813
5.09754701721
8.49066184362
4.17044312041
2.92976805242
2.76615662238
1.82502842136
0.0687758410349
8.30150302406
0.0
0.0
5.90953034861
2.76934581855
1.61447029561
2.70955366502
2.07060024177
0.687843936495
5.68414375809
2.78806247393
0.709299813723
0.185938939452
0.0
0.126619625837
2.16026825598
5.3938684552
2.68232043483
3.96402545203
2.83494497044
3.64381623222
5.35289097903
1.78072234453
1.24782508798
0.807784982026
0.0
1.14419208455
2.5669119099
5.05209622532
4.77741808805
6.11115505022
2.50339981844
3.59190335032
1.29358162917
8.28358184948
0.896216996014
0.059331022203
0.0
0.992777618114
3.05328000989
1.86534316232
3.01138957497
2.48751543998
4.25938058132
3.3771090298
3.77516412968
0.801989460364
1.426503703
0.242368683219
0.0611248090863
1.92516400455
2.14223248488
2.54522551782
2.65511995729
4.27905810252
2.11687242147
1.74084666892
8.32022461481
2.69783574098
3.65250829142
0.837465546094
0.433719373308
1.27587760938
1.32532083709
1.03730328148
3.82925588894
0.366970292234
3.25695853779
3.59074746678
2.42960490298
6.77717424324
0.974361285102
1.14046123112
0.0188221186399
0.241851119325
2.08612171799
3.28116011922
1.87800643768
2.89126382919
1.26762209483
3.2782525199
3.42308804858
1.24633058743
2.6922121346
1.40189464018
0.180385023355
0.562185940798
4.50707155
3.12548715028
4.79863108741
4.3179805642
6.23384704394
3.71663242765
7.89279364923
1.96908899711
0.0744383484125
0.0
0.0
1.62091879547
1.35053181124
3.16914278176
5.2789006629
1.9029218636
1.63748890464
2.14654360758
5.35158813465
5.43667087355
0.689852181822
1.33337664604
0.0
0.169039487839
0.314753091428
0.60856364033
4.99650136475
2.05988532305
4.95679619978
0.835053118411
1.57179440837
0.066442405805
0.0
0.0
0.0
0.126854136586
5.8363241367
1.68878798035
3.23742222646
4.0832956587
4.69964047894
2.38099213666
1.75402636675
0.457244668622
0.143091745675
3.16510628606
0.0280276425183
0.302678026492
1.30175930657
1.03391396173
2.09569159802
3.32456462877
4.34098993195
2.85327295214
0.53640248999
0
0
