0
0
7.24788137153
28.1621155142
44.1831613378
123.493455207
168.560138821
54.0045862128
29.3750277144
32.49037182
4.12955792249
1.17710736394
0.198917582631
114.463768602
11.5341270268
59.9574257378
193.215324506
14.6249587052
21.749556392
123.130840944
22.2644778248
39.6409620233
58.6207036078
7.84858055971
0.0
3.35026752948
29.4391276538
8.21401068103
61.656329725
15.4155956386
78.9528126194
77.2845154814
121.961030133
77.5098521899
11.4912395636
0.647354409098
1.99848461151
0.0
5.16973544844
108.811402671
77.5841692937
148.253375371
11.1290323567
50.0844165283
145.957705761
25.939724855
19.0009566061
81.3420940339
0.0
0.190028630197
1.71282631718
55.3119056225
64.4749241174
116.503011759
234.378389176
74.5961824805
69.5610913123
54.181352676
50.9489681573
1.22139487043
145.652665654
0.0
0.0
111.637077011
62.1725353618
29.5742377219
87.8588179462
45.7321548835
10.5903188568
119.807793528
65.5158937834
11.8813870009
1.38760122657
0.0705012939871
2.08288121223
45.53952498
138.061415036
56.4006631546
86.2729504668
65.2053817212
96.1205628365
104.539563859
55.9971501622
39.5667100958
27.833032608
0.122213009745
15.1191057265
67.1058470215
107.19544205
118.713765149
168.218235926
63.5942998706
100.845348392
36.1850050286
150.09332972
0.278795166874
0.0
0.0
21.5005853986
75.3139287158
52.7840853072
65.7072994123
52.2156639955
89.0930818039
86.2077826805
107.467912724
17.6121483743
34.158377543
5.72046732902
1.97353760898
33.8470386787
52.6591521017
52.2477434054
82.4051305018
96.2113890499
41.0463128686
48.9960805903
206.556110423
57.3776601367
29.2429499868
31.7717805617
174.792323526
46.7075319662
49.5107026594
21.8884705044
71.0484821275
9.7135438649
91.9135314523
81.4975268338
58.5617816671
189.500073373
3.98207845354
10.0428286493
0.0
19.8119306881
49.0361631252
74.6812249906
31.3913442521
63.1807924099
42.9883664148
87.0443810443
82.5960067435
49.096150428
20.699475836
125.961216308
3.0831938982
15.8417633884
106.874578266
73.840097353
139.17601454
56.8005006014
157.141743427
104.836529391
222.274940212
55.7888820874
2.27196854353
0.0
0.0
20.2805542946
48.4635542482
87.5232390984
116.238534358
28.9691180438
46.7262405641
54.0508897639
154.338782922
147.099305123
13.8198330682
9.62639021873
0.0
4.70475536585
8.11359865776
24.9790353029
96.7780626622
82.535541265
157.787933238
30.5967233777
40.4515410662
0.738740684465
0.0
0.0
0.0
0.501871461979
70.9513935149
37.3000458065
65.4571696613
114.476104246
109.352944762
53.2766526473
33.0239320994
7.17315090168
2.03819811344
83.206231093
8.77141714097
6.60016442834
39.1347662398
41.870903045
64.9156946093
87.9884103386
89.6036405527
71.816490937
9.76655394583
0
0
