0.0
0.0
0.0
29.071490407
32.892398053
105.210343
134.603655984
52.0902279821
31.2358152643
36.152614709
10.7114872802
1.02373114228
0.557978102938
141.358588993
12.1286633313
74.0990130566
194.43323512
14.2980888393
24.9795788136
124.117120888
24.3071523718
51.673841603
46.974609241
2.25667816401
0.0
0.565417036414
22.861388281
12.2111204239
48.2906248457
14.5120236059
72.9097739174
77.8301910571
110.733633712
75.3998894021
22.3673377312
1.06307065487
5.20412881673
0.0
8.05030782893
109.797157992
75.9116885662
127.738460366
12.328540097
48.582407808
147.176204947
21.7592364103
23.4405103773
0.405587151646
2.03293955326
0.370055682958
1.10481758416
56.7052952006
62.7450325764
117.602720859
249.516211577
73.1235809074
67.4527179523
53.3129565948
47.4616957774
1.52908017486
110.674721316
0.0
0.0
105.430624835
77.0032416154
27.1615967508
97.9884111286
40.4969575927
8.79736079647
115.253806326
51.5776765714
8.13376382926
0.0
1.40403629188
0.741019763052
51.393588893
135.985549685
56.5461340668
96.520649705
61.4842048037
105.742967695
95.4423827491
60.6584919245
45.1092963907
26.7939927048
0.0
12.824570782
66.7173979282
104.924389074
127.704875171
187.158409847
63.0514399913
101.970298961
34.1121074035
145.30613861
2.54129248114
0.221373103559
0.0
25.9943371872
74.5554413069
55.7906811274
75.259110516
53.7973743499
92.7152760811
88.8132033725
105.694476079
23.555995658
30.123870559
93.9651359926
1.39322712086
53.290848691
46.9987374516
49.0862635541
82.4141415283
90.480293747
49.6899126024
50.075688271
199.442454482
51.5468281238
70.5630713402
30.6058909447
14.9910130352
26.4353258909
54.0567718373
20.5536969267
75.6164149087
11.4387783254
97.0813307707
70.2755643026
68.468438303
165.126813233
31.0017193704
5.89839689993
0.37940481305
4.02258870005
47.562336445
83.4098105561
26.4589423668
53.2655177974
45.2261217535
87.7541100396
73.4190953561
58.244212403
32.722493995
154.666914739
6.84473973514
17.3056489527
122.370118193
77.9200503958
154.70582588
59.9703964591
146.650749966
104.147324497
207.415042777
62.5456043011
2.75454998016
0.0
0.0
18.6904892922
38.1449223497
91.746826373
114.856784059
27.3309520483
42.9920519292
54.1072807694
160.85594932
142.554559663
13.2932247995
11.1483163834
0.0
11.1161016673
24.3276836201
24.203636393
96.7536567686
100.515447824
163.220933095
30.0141976253
39.149101764
0.529855281115
0.0
0.0
0.0
1.40690980386
82.741625905
45.3802300618
77.4116267861
120.334028542
106.428490296
51.9137521795
33.3721798361
7.0245271325
2.9001070261
59.3039078806
7.55950069428
9.57646505114
31.1642532014
38.5399819092
64.9170486331
101.674641028
88.7499758453
71.5854671225
11.9844813198
32.7499999999
58.5400000001
3.67000000001
1.78
0
0
0
0
0
0
0
0
0
0
