0
0
0.128631263971
1.66982897709
1.82340655476
5.48019384325
3.63159504248
1.89538266044
1.71983821644
1.1789047292
0.468131030444
0.0158126559108
0.00956623721868
0.00465774349868
0.565942988265
2.15005847812
8.57482835837
0.649626238388
0.847138440935
4.37484601047
1.40197392832
1.53238835093
1.19386340305
0.169116192963
0.0
0.494537711143
1.39414678141
0.438710546237
3.04651548376
0.508704002714
3.13753203186
2.57453718595
5.45355244726
2.96533929987
1.85497772554
1.08164905198
0.162400294095
0.0
0.13339240849
4.16870195745
3.86696047988
6.28481573
1.00012340012
2.82248814963
5.71206239471
1.2322071548
0.883209978463
0.139459643513
0.0
0.040052421391
0.903699384071
2.29973402247
2.58679926954
5.23945746152
6.97742017836
3.77688717702
3.08553580113
2.93830686813
1.489034086
0.1402251455
10.0032675467
0.528294980526
0.0
5.64051553165
2.67061429471
1.82784921117
2.96186817624
1.86712808767
0.836849164218
6.44072591118
3.83691402955
0.981495635584
0.0
0.0
0.121683388948
2.10475912917
5.06805524399
3.55424091546
3.58538292348
2.77309225162
4.05808172468
5.03266641824
2.27473559347
0.985827152617
0.639274032321
0.162512123585
1.13310093188
2.62458264641
5.18012117967
4.52623669244
6.24129075522
2.79583146144
2.85576913296
1.55478663807
6.8891039372
5.11139924824
0.0
0.0
0.795472161146
2.52274383372
1.46004171087
3.89784822497
2.81510277931
3.91083358065
3.12092634221
4.02822808293
0.948759926483
1.54854339268
1.97470200062
0.0190082155168
1.23121642682
2.29749517661
2.60251893708
3.0184400088
3.33807634073
1.60759317456
1.73622777872
8.58396355016
2.44763179426
1.84338742681
0.854466553777
1.11988191959
1.36094356701
2.42377901822
0.929654506035
4.67272340914
0.414132141508
3.76808608102
3.70180846751
2.26533752331
7.975636316
2.12901459914
1.0045865397
0.231595633551
3.43621500139
2.27806029835
3.20401086658
2.35372668668
2.31321744807
1.17872580187
2.97116543108
3.80108777451
1.25734937564
2.19998543151
2.14334516227
0.417094537057
0.450739089865
4.45078030508
2.76029812894
4.07456465298
3.96042451402
6.0223646306
3.50371844857
7.1400017282
1.74538332806
0.109622232616
0.0
0.0
0.664132595062
1.30920971814
3.06016333494
5.6224732332
1.57888116408
1.06555655855
2.40768815298
5.59466876485
6.83493939927
0.893080294132
1.59604716301
0.0
0.27964611724
0.14929199405
0.439123714343
4.62776250154
1.51884018071
3.47052857128
0.767079515848
1.68580955686
0.191487867385
0.0373137556016
0.0
0.0
0.139966323972
6.00502247363
2.0305697468
3.72601988621
4.33037825394
4.61803225637
2.54663184658
1.9722294081
0.613865446998
0.403178423643
2.67728872411
0.0240981914103
0.0895095383748
0.854853207478
0.936734132003
2.83641499828
3.30172283668
4.38620461291
2.78397235041
0.735158827156
0
0
