0.0
0.0
2.41301509738
29.1680694446
37.3250778281
104.235776849
101.131270974
24.2357471174
41.6861850322
27.2440949342
7.21712814084
0.500446949155
0.321677383034
0.512494549154
1.99707936868
62.933551021
175.963055525
16.5917222402
11.7475103466
99.6612396686
58.5725547262
29.1630790382
22.5582366474
5.17111777514
0.0
5.0963537693
25.4678186438
6.14949624986
55.7165336316
16.624554303
65.0142588614
79.0826730766
137.875756217
60.6441367097
29.0268358961
47.7365312575
10.838184759
0.0
0.117893798277
61.8763361801
92.4809280598
189.135651715
23.392582912
70.2154830526
124.28735091
38.6484186156
13.063181106
49.0707550049
0.0
1.0054948926
2.13047680724
38.4995568283
86.4082631729
123.497722093
124.985862834
53.371772021
80.6899617667
71.0123430014
41.9405840748
0.445221114905
149.621793715
0.0
0.0
117.491366867
74.3020067978
68.7538324291
57.5264212937
26.4507546499
26.076338807
152.826327525
89.6461163191
21.6772440523
0.0
0.0
2.19623954594
55.9710502178
131.443916508
78.4328942746
68.4684374635
66.125093135
109.579058558
106.957928181
77.4541269019
26.2083604486
18.4150205785
0.113935276866
15.1141040982
62.5450864783
129.803090067
106.767837181
149.340245646
69.4102086648
96.3632390498
51.7941654101
162.385401713
43.5940656737
0.0
0.0
7.27554471418
57.1149952858
56.0771484626
122.393770781
78.4706309438
101.953459639
76.1069613564
100.392783246
22.8005186431
31.6432614773
1.20166392624
0.613341227174
53.6086441577
35.6232678742
49.859628763
83.7758011502
66.8411253077
34.2516262774
42.1627896242
183.599538433
70.0955664636
50.352850601
18.6533191502
8.09373197705
38.4561153072
50.9930751175
17.7175674029
139.368446756
6.46641382946
92.8164552413
84.8352195806
53.3227494881
150.180008171
61.5549545287
48.9077123254
6.23809066416
2.8568363171
64.3678494744
76.5446624402
49.6596428844
62.4541825606
23.0814290224
77.084340253
95.4620694391
28.7105461154
50.3802773729
3.63158404826
6.17429856955
19.5962172747
107.813418087
71.0935068278
86.9770215713
73.4338564798
140.583058845
81.1092518772
173.910648717
35.6768486983
2.62992668153
0.0
0.0
15.6305292249
50.8937878087
68.9059324265
146.84721696
39.994957734
21.629522698
71.1071379929
122.20136879
216.539880216
23.0006303787
7.26403570176
0.0
11.4434712678
18.163762629
25.5201172829
104.149927807
32.4780471324
64.6397064048
21.9562628008
26.5122545174
2.4581362009
1.13649228215
