0
0
0.71632707119
2.17036831751
2.29931347247
5.4227429615
2.69490475493
1.54272817745
1.96349178348
1.33458475326
0.375194032909
0.00669767986983
0.00790300406516
0.0152524439618
0.491414249875
2.03819420305
8.53606954589
0.679435573693
0.657404212048
4.16867555853
1.71077171131
1.617481336
1.09454471618
0.125677529722
0.0
0.328748136759
0.792338324711
0.495743182895
3.42103795853
0.842469111958
2.9554152824
2.79418921703
5.5914052939
3.10025041352
1.68403182644
0.0
0.267662152648
0.0
0.0578620128799
2.86940704071
3.93371389876
7.14891547477
1.31916338042
2.86950167408
5.79380256054
1.34243726038
0.495791156311
2.03435204178
0.0
0.0578259266913
0.0600964445621
2.44959461689
2.9093441664
5.54151866958
5.54936167528
3.16646840225
3.1383398844
2.81503432232
1.74395892303
0.127066202462
6.05876133195
0.36663877964
0.0
5.42871265393
2.98881885363
2.40572875342
2.73973182566
1.35723839502
1.08734134724
6.37504165387
3.67097478779
1.32023160276
0.0506498403847
0.0
0.26940663904
2.58833419345
5.27761948528
3.80115571292
3.31977278634
3.0022799843
4.27672087797
4.87267963029
3.10695146106
0.935810408555
1.0103627335
0.0
0.811481414072
2.44578029303
5.2598467418
4.52604950068
7.09190541168
2.55872366228
2.98708510352
2.0661536323
7.20945641561
2.72160592163
0.0156557662413
0.0
0.426990584121
2.05108722346
1.98896185891
5.00892728515
2.78327937861
3.68414455
3.15004550992
4.11693813303
0.794671450276
1.58930411655
0.00382662541233
0.0226328577846
2.43582800904
2.29251239682
2.38511598087
3.128201126
3.1313315006
1.64133867808
1.68749263324
8.1902082311
2.73931321292
1.72572012711
0.50402997341
0.812027015723
1.12657108251
2.53038175235
0.98073107563
5.24716412713
0.327056695824
4.05973837711
3.67917079525
2.27707663458
6.86802948895
2.14364204276
1.02561671846
0.251703205518
0.161452328088
2.35810247518
3.33874271065
2.3604532429
2.84594822302
1.02630539425
2.91918914195
3.62589416653
1.6855324069
1.9653921253
0.164313718677
0.190867240541
0.671707952861
4.57302852743
2.47598760523
3.79572299786
3.55285332073
5.81476513151
3.92165845865
7.4300640006
1.50265343551
0.101666919887
0.0
0.0
0.675878629088
1.4654372423
3.20451351162
6.75021583447
1.2349340464
1.08172777144
2.77049333416
5.22755073756
8.14558022376
0.78017488122
1.23254311085
0.0
0.50658429414
0.290273565799
0.495418573439
5.12354779989
2.83516915329
3.15306578926
0.917829880957
1.43344925321
0.269025370479
0.0447230786085
0.0
0.0
0.133522015065
5.88735305518
1.77626474015
3.45277780481
5.1463559072
4.7413884243
2.57852243772
1.71136986744
0.907678589458
0.260851025581
2.5194838848
0.0
0.0546261649579
0.776219939813
1.09292202909
3.22103543684
3.76086468901
3.36202603194
2.84532419406
0.788869121112
0
0
