0
0
0.56569764018
24.0321308522
50.442734785
149.536428784
156.089778554
52.5463159942
29.1329182126
34.4857995864
9.48913376033
1.12799540162
0.206955090165
0.0
12.0437110383
67.68374049
197.622767195
15.7542433888
18.6379233599
128.111909324
26.8424771446
27.860546004
36.3140236438
8.4101185128
0.0
7.64840340614
42.6164941193
5.5925105363
75.0992286173
15.2452048324
81.7717645615
65.4931932706
118.811871948
79.5784777478
30.6620145701
78.8675393165
6.26300489902
0.0
6.53015376626
85.5075291031
83.3672133497
159.761239453
18.8018288976
52.6159801037
149.206641179
23.6080807149
21.5289511085
43.4668545574
0.0
0.228256076574
2.45761733875
45.772879243
66.9118453133
124.768921874
227.539806247
87.465808902
66.5464480212
64.107713867
48.5744493194
1.01343559474
141.387744991
0.0
0.0
135.606066763
63.0791871586
37.7231082694
61.4420199283
50.6835818002
12.9568348853
126.248472339
58.9050989057
13.22332572
2.52798054367
0.0915622897447
3.78541910647
41.6192477165
131.503636373
59.0671196525
81.2591252849
73.284807589
85.4882233814
117.10856089
48.1229789621
32.3405619542
18.1437347084
10.7072825432
12.6278003119
69.9058544081
128.895753041
123.792180181
147.376459555
53.5724303239
88.5407127254
35.6189001091
180.549702527
12.4196259901
1.28459134698
0.0
20.5797769669
72.0728305802
51.761742876
77.0545499102
48.6945033912
102.207681097
86.4973426956
98.1330870074
18.5808090884
34.7929945886
91.4566522836
1.288964957
19.9599645138
51.715515185
64.2086988799
75.1788451332
98.3467617127
50.9478460718
51.0986537318
185.46685666
49.9151475449
84.608248651
25.345122859
108.179120019
38.6165722087
33.5352417744
22.6081553511
93.7037782073
8.21479798481
87.9494500793
83.2091920032
69.092414862
219.1825279
7.9395891577
7.89625824989
0.0
7.0824390985
51.6137205698
85.4155274438
42.2072156779
70.2408444005
38.8348626662
86.7747917009
72.6336510758
55.4681798033
34.4335303454
38.2294125706
4.4926636219
9.0780822113
110.99691138
73.6096232234
131.165494876
80.9380152142
157.53855267
93.409313796
200.051197328
63.02572599
2.12664735317
0.0
0.0
42.5117619038
49.7968948613
82.1935806871
119.006492497
46.6584079452
48.2197644264
46.835420262
134.954677172
122.790039282
15.7705372665
33.1973791123
0.0
6.27373051644
11.320874691
19.2477900339
133.184684727
56.7570428141
165.926138464
24.4477283434
37.3656608575
2.33804608695
0.0
0.0
0.0
1.72304928303
119.842690565
29.5751504414
68.6394282672
100.366724677
115.577032954
58.7655009739
42.362364024
7.80171719798
7.36466199161
53.2281773798
10.5510520935
6.36666264384
40.6799214631
26.1009465382
52.6331015378
82.3506150703
86.3109913097
73.6590679474
11.2337681204
0
0
