0
0
0.196507576853
0.707656363025
1.51920284191
6.05312869605
4.31755586405
1.01011150586
1.48862419464
0.699702286161
0.174035182688
0.0192343657836
0.0139089934528
0.0416745347902
0.00171724078245
2.04716849793
6.67066484049
0.727168501122
0.543340789736
4.23706355621
2.49588412698
1.03900818154
1.32721618563
0.21565440204
0.0
0.260043203831
0.567777227261
0.215550439607
2.56042221218
0.906431421172
2.25435806811
3.42074895347
4.94774916815
2.64797766262
1.3998180842
0.0
0.158537939191
0.0
0.0
2.90302741725
3.91731750732
8.10410584346
1.07776391413
3.26890738576
4.66477816156
1.30604495807
0.443677722011
0.898336708546
0.0
0.131110574119
0.148920562118
1.3542967895
3.51814807532
4.10876958678
5.27549647773
2.13373107929
3.3533565113
2.96330166073
1.81986746856
0.032964090351
6.22612811485
0.412203192711
0.30115583539
5.26964332885
2.78962938953
3.08878920472
2.08940762701
1.30119535234
1.264987409
5.7067964552
4.04253229429
0.8824776439
0.0
0.0
0.10474480316
2.47547315064
4.99121268094
3.24620753271
2.13437288301
2.66199732327
4.94342322939
4.65869967465
2.4815952098
1.07720128354
0.373573368415
0.00482102157548
0.839439254254
2.44310942484
5.74164823128
4.23222690681
6.11031779484
3.24367719982
2.61554363288
3.12021260057
7.79854273307
1.41724992916
0.00651011243463
0.0
0.520867864136
2.55778222083
2.28125603613
5.43274828838
3.05315897171
4.36743411212
3.22090127086
3.97467625805
0.972914563958
1.61120898277
0.180854490027
0.0
2.2094672047
1.20987505419
1.74233845249
3.13905308815
2.7380450794
1.95234648511
1.83215659577
7.41571236344
3.67238771473
2.12323502079
1.13527432363
0.666910866275
0.857211940107
2.16076491494
0.54890460032
5.71593563119
0.247629145044
4.62241699646
3.2542634519
2.20121076936
10.1205857247
2.25575739145
1.23354445538
0.205380437896
0.129999613389
2.14915245993
2.48575951078
2.16952288244
2.45486769639
0.702310907072
3.30727878981
3.89773021761
0.942678801948
2.24509767909
0.00263350247405
0.131294787396
0.947352253366
4.65361317107
3.50352843426
4.26645609969
2.83872030198
5.23427441804
3.58760415786
6.81393669941
0.952684768708
0.062634639442
0.0
0.0
0.716441433877
2.2669716439
3.10318239708
5.41060789011
1.81727116928
0.867134674918
2.90188138513
5.06220944179
8.95284006
0.833237484097
0.121745184064
0.0
0.272281631827
0.164576947689
1.51166603807
4.2422253124
1.58456368465
2.47742027114
1.08863790147
0.700949426508
0.138602009043
0.0
0.0
0.0
0.0810585469007
4.75065806671
1.66777345072
3.13393325428
3.94592185132
4.11820286664
2.10633902322
2.02878878452
0.339828834403
0.484437614679
2.24471628037
0.125142589211
0.0157348662615
1.60353413783
0.740131409839
4.15905258642
4.67739725159
2.54732679483
1.93527823919
0.909500718117
0
0
