0.0
0.0
0.0
36.8723919132
34.5571851768
106.059229687
108.145246443
43.2314015021
26.3427058495
38.4393513725
9.88076600642
0.958297044038
0.386851496995
2.16006678343
13.5361524224
84.3876259848
192.213231057
15.0135372989
24.310618529
127.722596113
27.0195206926
41.9184319898
90.5872776658
1.45754662156
0.0
0.0
32.7361720819
12.2691741865
46.9811797478
19.1343234102
61.5320018074
69.4391736557
103.933445284
89.7981634027
16.3521405961
0.571973785759
4.22814251482
0.0
8.37372682615
122.500677735
74.3937842623
138.405460441
10.3059698604
43.8313790002
153.345159
18.9477219768
24.0811528042
6.63322395086
2.03472179174
0.16645359993
2.4433774799
48.9424030334
66.9213936463
113.973800758
277.773835565
75.156414427
66.0364300562
53.70451992
54.3631051826
0.265275076032
171.892594479
0.0
0.0
108.846310113
79.3354378771
25.6003857348
69.8595466913
44.144098319
9.5908256136
113.501740872
60.5499902023
10.7874635719
0.0
0.0856331381947
0.763111442328
47.9907128345
129.047529023
59.6110290828
88.8984943294
61.9554719702
106.647732312
93.587792119
88.6953276346
39.4315839485
25.9916664878
0.0
14.4728260171
66.9030568601
97.8128434382
119.988568031
185.407897557
65.3648161757
103.287460886
34.9807392509
144.235388294
0.386137601918
0.154884852469
0.0
31.5251727552
81.2377198488
59.3101065718
77.0847014599
57.5557355472
101.467046214
84.2503047343
108.025696005
23.0924491435
31.1898455321
97.1998872756
1.40668135509
43.6273209192
56.4283889244
43.7753056214
79.9913946838
83.7013589424
60.3642941414
47.0823657643
195.289996661
65.481898219
64.1731992065
23.4439566918
8.6389083378
29.0897600892
54.0234298781
19.8342155367
67.6399491727
12.2785960017
94.7843539584
67.7133795674
77.3420378342
134.909238517
13.0278866552
81.8997622243
0.0
5.54827562906
49.3967005704
86.8465590588
23.9745029267
53.6513576434
44.4848898415
92.6095511746
63.8878885097
55.0354917348
28.0255022942
171.470905982
9.99811971187
15.432811372
124.676010914
79.9244773685
151.289735645
55.2187517882
156.176155619
103.136528637
204.122684978
43.6316042575
2.8050327301
0.0
0.0
19.937212944
44.0069239699
97.5384112894
102.090281412
30.4634214257
48.4208596162
55.5399682334
163.143548168
140.336591855
9.79115867614
12.3920717239
0.0
9.67498639226
13.3133497238
21.0744606033
93.2205361104
126.548540721
148.859240748
27.7988574319
32.3123923615
0.565434113146
0.0
