0
0
0.117439649999
1.44865445234
1.84768115659
5.66245984496
4.28443254298
2.28303178307
1.50246059569
1.65250666742
0.584952187957
0.011558012804
0.0041545922868
0.00449209380895
0.652348880423
3.10190177395
8.77786978998
0.561959614686
0.734720998444
4.95268844673
1.16077630548
1.17041034345
1.13594658673
0.367331035435
0.0
0.462193757296
1.24324150104
0.68714795803
2.95949551789
0.463854943751
3.23202168755
2.50648425054
5.29256653041
2.90507778572
1.62840557261
0.0
0.139041535556
0.0
0.13258946198
3.8262028452
3.46935820696
6.94318017963
1.01563733141
2.27691753767
6.01127798483
1.07494899287
0.801264082082
2.45271431422
0.194600135088
0.0220603756607
0.113619467244
2.00729621388
2.96180320857
4.9389633364
8.07825691451
4.2815724127
2.95241028786
2.79977191193
1.76251521218
0.0486928615719
6.17674734071
0.00259334477596
0.0
5.47141473764
2.67637418001
1.75223087054
2.51592487702
1.91312932898
0.755864433479
6.34887436056
2.66916063457
1.0267171599
0.128607559949
0.0511936508119
0.109661150724
2.41622291249
5.07791531429
2.66111737536
3.36825025454
2.72486640076
3.61157074384
5.38082300848
1.97184468876
1.05528484657
1.07708471105
0.540683269501
1.22602566588
2.56938880606
5.21775967441
4.81787438923
6.20331600728
2.77706528595
3.43620382622
1.38138316665
7.51353963837
1.64979242696
0.0478494022973
0.0
1.17822530086
2.98451779177
1.62129588646
3.36117144255
2.47053978499
4.29680075776
3.29081376013
3.4164980494
1.08061965695
1.77456481755
0.351210914552
0.00562648801133
1.38728261087
1.88586591324
2.49094341742
2.77742495527
4.16526440717
1.53516931832
1.80322190281
8.23725979496
2.51305555867
3.21575396601
0.59564682655
1.00140800606
1.15356831392
1.61319223279
0.962214537431
3.87569735752
0.461740649538
3.26923844777
3.62439837074
2.14757870371
8.31646597944
1.00965470169
1.0056933444
0.0
0.1939100991
2.02452732064
3.55453627044
1.85264296969
2.75599098578
1.4540342259
3.19704423985
3.71795599826
1.39838582557
1.87967204861
0.581729896367
0.194505229592
0.61571308272
4.55932160211
3.07310673175
4.63050252234
4.12945587933
6.08871299482
3.46252006944
7.72232400579
1.82497658493
0.0905515477061
0.0
0.0
1.74747985601
1.2405851786
3.20866771601
5.43976083345
1.7954568963
1.48607714265
2.21456555277
5.45490804152
6.06331863953
0.774506866932
1.45108103752
0.0
0.229315923527
0.589384566993
0.692223256541
5.40855714772
1.85919070616
5.06237614086
0.764709036797
1.62791743223
0.0422504078597
0.0147104151547
0.0
0.0
0.176854890771
7.1396983536
1.99641475081
3.37433403335
4.01862835418
4.26879927749
2.34952745913
1.7017119698
0.474829142215
0.44602547586
2.30388602614
0.0257265456021
0.147221366526
1.0897278029
0.902776166215
2.55748798046
3.378913539
4.64742730977
2.70514599769
0.600444704294
0
0
