0
0
16.6861710548
29.6399542987
53.479301557
124.327023099
96.1485642312
32.4617394329
45.4213640167
22.6638953984
8.6271725893
0.115869384259
0.189672075212
0.354130089283
5.46145103126
54.7902151421
189.18130964
16.3888539858
9.11802957953
98.5719025181
49.1872659065
34.5371898785
25.241806224
4.3015106544
0.0
6.05665183068
26.591856108
10.7543366351
67.1241677105
14.7662741616
68.444775805
65.6578937285
137.826437619
72.8547713784
27.4006248749
0.0
10.9554375708
0.0
0.215228816494
54.2989254823
100.726019455
175.846842818
23.157943083
65.3385666646
130.779598413
33.1491132473
11.0778034218
53.1751285942
0.0
1.50156587362
1.08754612506
39.6493556275
74.6125968425
124.872949976
133.018352682
68.8244235506
74.9355798103
66.4310838674
38.498425925
0.520688384772
93.639880266
0.0
0.0
125.316096017
70.6747382172
61.605360805
65.1678672619
28.2400977014
25.7277154774
151.680747181
84.591159138
29.4971209913
0.0
0.0
2.16261278093
59.3786206282
132.091016554
89.0384569927
78.7904624837
75.7017310114
104.289910385
117.103697341
76.0164657895
33.304770559
20.4424508717
0.0610332749784
20.8261951134
60.4809434758
126.59729014
104.324928302
167.792089893
59.7888930067
67.7708657664
53.5566856702
166.553277461
40.0159566588
0.0521862152964
0.0
6.2891200441
48.7444231399
52.4176895544
124.753036834
70.5639010762
89.3774534539
76.2557192779
98.784892721
23.2179465741
34.982479535
0.45432515256
0.0
63.8239542079
51.190813411
53.3290771766
70.0225708186
70.4608907102
32.9540544526
38.6442858874
183.698192362
63.4583516791
35.239989169
10.4309521392
16.9884096756
27.8026902638
44.6049983203
17.6142329536
115.267625713
7.33069434854
103.74116271
90.4232869874
54.8066037967
195.051340529
39.2334638201
30.4393613376
0.35588146001
13.2389899884
63.2227393718
76.1259945854
52.8185841144
61.9277985818
22.4864409082
66.7653271229
97.2078130637
43.1304504722
41.3229466975
3.99568605422
6.81088538467
14.982957311
106.122602446
64.5523289256
92.4804030312
83.2789970431
140.227660489
91.4767665266
169.31771883
36.9210654893
2.19378179312
0.0
0.0
16.9346573353
40.7603285239
75.6125151516
162.424514148
33.4142348393
20.0804080814
69.2777827195
120.776732421
199.884600431
20.0700427294
5.60929727554
0.0
11.0656228066
19.4704484157
27.6717491002
94.3120551725
46.0595188738
74.7856844628
23.1994351074
29.0417918153
6.61619496346
0.0
0.0
0.0
0.0
128.009344071
39.7125443815
92.5348297433
129.979590051
110.167977825
61.3658375033
41.9635880011
15.8637935095
5.83328318597
58.4237259998
0.0
0.734954595566
20.747363627
27.1854545251
76.7243525669
95.1497580259
74.9664624408
66.3931897414
18.8672362268
0
0
