0.0
0.0
0.299320310354
24.3483084775
49.2744567907
137.735885102
177.573219147
51.0570052675
29.7924118973
36.5741583667
4.44973754882
0.0
0.0
5.00694859027
10.4902896769
62.9503587358
199.227283493
15.1837142017
18.8181912415
118.17395483
23.9943032367
36.8489446063
44.509807393
7.53419208526
0.0
6.70466923714
48.5623691083
5.30761444754
71.957027033
16.2568631033
76.9875855893
69.823552603
123.2412339
81.6393453442
7.88708878728
55.2804329395
7.09811818601
0.0
6.89252353459
89.03863452
82.719440639
148.249988794
13.7827410819
47.3460945859
150.675112146
29.4204406253
7.73117572255
0.541538894177
0.0
0.237669087946
4.32237730176
47.5203140527
68.5140759442
116.471254242
234.233025251
80.101725541
70.810268797
62.7056311594
47.7939776201
0.758586756886
199.260702451
2.8315499425
0.0
128.809444131
63.1707407813
33.3339021067
67.4990789518
45.6388793885
12.0683490224
121.543667363
56.3208209741
13.9916243032
2.43787740917
0.0
3.80010259152
42.3473303654
136.069316411
58.5607903759
91.6047996226
72.6640029922
86.5233084346
99.0184641845
45.2227558716
31.2264242582
18.6969517479
10.8307367172
8.90475807154
73.947927996
123.992096892
116.009349679
149.665671967
53.0642293013
93.123698473
35.5681183265
186.537453003
38.3903955818
0.0
0.0
17.8331966121
68.1952211832
48.9008027957
79.4103468173
50.0236711577
92.4165068866
83.0958241644
103.402150361
16.1749254316
39.5383603872
90.9505810999
2.21731001884
35.4079188722
57.5528394542
56.2021311074
84.5766032436
100.547797322
52.2746600657
50.5035818741
188.254086832
49.3242157898
60.8453855551
26.7111154498
138.001636821
44.4989416414
35.142185077
25.9356536976
77.5553648911
10.0793822939
88.2669145279
88.4607696506
66.0077874739
222.894782536
6.54008688034
9.88330183178
0.0
6.33048603125
46.1351880581
80.3239320991
37.9399562515
75.2139521801
35.7282785642
94.205022907
70.2423627377
41.0291601866
36.4004359246
43.2794558107
5.34386734666
12.4611373711
104.259029782
68.4456834197
135.423977125
67.486651685
160.158043994
94.4564349689
213.594537299
59.65096317
2.59429246188
0.0
0.0
13.2293486595
42.2657239003
82.9844761267
111.72433986
36.7354974468
48.3891413659
45.481844701
136.591277976
138.385994464
15.1944730282
33.8146505357
0.0
6.19999909402
11.1258015186
13.9488414888
116.243171878
118.604178652
143.748835679
27.2502210103
38.370552499
2.23207466863
0.0
0.0
0.0
13.9266460687
91.8116895295
35.2735225819
65.5628465618
103.638024621
109.907307822
55.540140708
40.1745489389
6.20189336921
7.73889863491
65.347799454
14.6849198341
6.23256097733
41.5073382742
25.937363539
58.7960714846
94.6254871488
97.3119372166
76.6677741854
11.5818778574
34.5700000001
122.79
0.799999999999
0.12
0
0
0
0
0
0
0
0
0
0
