0
0
0.0
51.0464447626
28.5516213252
105.561674539
83.942077903
38.1656840026
20.6537424764
27.3654415627
7.11410292936
0.0
0.219420254231
0.0
15.338324368
81.680559732
180.038062178
16.42383283
26.4181143343
128.143975284
23.701068487
39.0077236891
130.372633103
0.416806876658
0.0
0.0
31.0255946069
5.21382344887
47.5260746414
19.9928866318
57.3057873175
68.7124202381
103.14811369
88.9182585888
12.5114869103
11.6525108814
4.77137135714
0.0
7.45787667857
132.744107427
72.6349316239
139.921314583
9.64094405808
42.3861071506
152.160044521
20.1689716154
23.9617822655
9.56828856468
4.07815289498
0.203602083027
3.76583379926
43.5466316342
63.9109924658
124.517419964
254.705025125
77.407148514
67.1220564041
53.0494979484
47.6524946458
1.24628046155
169.27485513
0.0
0.0
93.9527030458
79.614834901
24.8437758888
71.662699283
37.0620911009
9.8343754001
106.870451109
74.3038674434
7.66133067571
0.0
0.0707414522767
2.00992783438
48.6983426842
124.71273429
66.2049141694
91.3549185264
65.1690436118
101.899836078
89.2186691388
89.130022019
39.8316373565
30.826515487
0.0
12.3859080523
69.6485027018
101.571964446
115.934568839
182.842891878
70.6300251055
106.944887012
33.0191364437
142.694794212
1.24708084948
0.107834916562
0.0
34.8262558327
86.8986908868
62.3853562922
85.1584568834
57.9530811142
97.1874517946
78.2218797002
114.944326714
24.764532443
32.7218361497
47.2144475206
0.0772507656365
51.6662296279
61.434868008
45.2025100776
85.655476302
79.4844610243
55.3629701323
45.3110322583
196.002171848
54.0177611942
66.9886057824
24.6507346183
4.58276376127
31.9272272698
63.2097807638
21.6168601946
69.7197550423
16.4226592714
96.4316776915
65.1473324597
76.0378315906
149.797347709
26.9723141491
130.554310508
0.0
8.85380088072
50.0258626788
85.0709888376
24.8632540404
57.5685269069
44.1871847213
89.5023418315
68.2941319831
75.1261585951
50.0459998102
187.069841009
6.62954574823
14.9015056249
127.557794228
89.2171551437
158.855966494
56.8014181838
143.631336976
104.442373255
211.390253216
65.1067262976
2.77213364839
0.0
0.0157539225183
26.4450130462
58.5672405547
110.286959969
111.697489165
35.9433787186
46.4116803948
60.0697555169
160.58155323
137.721262693
9.2377076405
8.27633357047
1.39876431227
6.10114493966
8.94594936096
18.4967841273
76.584581539
108.710539196
145.653506337
25.2617942914
41.3129997478
0.930943116545
0.0
