0.0
0.0
5.84191462397
26.2828913033
50.3386436021
126.332176052
169.988516193
55.5959532336
30.9349012246
30.4065204934
9.58298272267
0.0
0.154416801408
4.69401419162
14.6744612753
71.2273679618
196.610338949
14.5624597846
23.4214908667
127.116502594
23.9357558722
37.8870086465
45.5553654134
7.8276231587
0.0
4.52994310855
48.2130725383
8.64326905646
71.5229763185
15.6273326995
79.4974865244
72.841765277
120.695122965
81.3141378974
3.95059789298
7.36591288447
5.33072751761
0.0
9.46455728263
96.6918924283
80.320513308
143.606807947
12.251876059
45.5762088653
155.185777904
27.9296372215
27.283763269
67.6699261219
0.0
0.0
3.27852402626
48.8362778575
66.9395074714
115.475455614
235.88947467
75.6475474694
68.1021548314
57.3111017234
52.5661356859
1.34235509857
195.828885823
0.0
0.384361848235
114.848196013
59.7952733952
30.9725299961
75.650509145
44.4931781887
11.8490406862
115.360516797
52.2940530461
19.3526618108
0.218315050006
0.0
2.43981474638
39.0316425338
137.248797647
53.1188654489
77.1264048648
68.8811434061
92.6958959112
96.3368529305
53.1326357424
40.4239398893
21.4523002217
0.113491494209
9.35009555518
70.9722753041
118.157817327
118.561398874
157.662899729
56.981896218
98.6659680718
38.350503534
160.050171386
0.193553455174
0.0
0.0
19.3742655041
71.1626784727
50.5851759967
75.1368693122
53.3893986773
93.2286677957
86.577196992
107.060692387
19.1679604054
35.3505961822
43.4505128861
1.90614885092
34.6567003279
50.8318700642
58.1909178235
82.7483803219
98.461221965
44.8335321845
50.8120043333
201.668030776
54.2470989763
32.9538297504
30.1364278346
138.52773761
43.4273439701
40.9764655474
24.8027984575
79.4182614571
10.0022362378
88.2376808076
82.9217879038
61.1115338606
227.077761881
1.69553734548
17.0090135112
0.0
9.63800306618
47.939528089
76.1656859494
34.411526183
69.0816898606
27.4035508073
86.3105945885
75.5398399718
44.9676664843
19.1572453491
36.2761431634
3.45863020421
13.7531946749
103.738594037
70.8912884743
136.842871137
63.4467598536
155.495069504
98.7594213019
219.765742097
62.8172716106
1.76330655813
0.0
0.0
13.4227809906
44.0117800241
83.7285100222
114.445145686
31.5260055977
44.1858045122
48.5773757995
143.316159077
141.2215143
13.2765569631
17.646633625
0.0
5.56892216206
11.4569180086
17.3507975265
104.395954203
153.793521144
151.710919339
31.4254992864
37.1558749358
1.99500017613
0.0
0.0
0.0
1.14859619737
91.460399598
30.8612550655
69.2572733482
109.148128932
108.669433337
57.2855461082
38.696177177
6.70875282773
5.16068261861
75.9415989629
4.65221822261
6.09802799765
45.3235189318
24.2445005849
60.6290487348
90.4830391109
95.9186534957
71.0954550281
10.0487700999
32.88
102.21
0.589999999999
0.550000000001
0
0
0
0
0
0
0
0
0
0
