0.0
0.0
1.16225668788
25.553719327
46.9051964585
141.820117065
143.587484538
52.0100336875
32.9011615253
38.987802744
10.771159865
1.16215474997
0.10308317095
0.0821142252535
12.2302493602
65.015609147
209.463052908
14.1960344016
12.6569939554
126.967781067
28.213354175
28.2639576048
41.1278947591
4.82248777896
0.0
8.17345476151
41.675541535
10.8096855897
74.6205194592
12.4349012752
79.6368765682
60.8365008413
119.734778261
80.7595381596
22.9715176262
17.5456616879
8.07412120699
0.0
5.57658782602
83.3913393811
86.2828444918
168.893872993
23.8772950256
52.1130824424
146.01467276
23.1858001817
30.7786988988
7.3271677494
2.16653037071
0.704621046782
2.05363276228
41.7271675094
65.5079525616
119.482614729
209.627924463
97.8106545991
63.8152858754
64.5421146266
46.6964382828
0.557358920575
92.2349607869
0.0
0.0
130.315909244
63.3263820336
42.0989895499
64.9939054438
48.9179935483
15.4960972471
131.429783609
69.9085774385
16.4547646847
2.68674856423
0.0
4.08653604984
38.0402813628
128.197999718
65.2385941073
90.3884417618
75.349876117
84.9097474656
118.076226996
40.6503858715
30.3009371069
23.3635010719
0.0
14.1762376428
63.9960604697
128.784366164
114.213725609
142.691854749
50.9297876832
83.728761155
32.1813531266
183.328898219
18.1982051879
1.44516769051
0.0
23.6503176126
70.0328365937
50.2012725938
72.3436673842
53.757538939
109.788445596
83.6939011915
97.099621525
18.4567652643
35.9080731869
47.7291229963
0.595777317881
32.549069345
48.7315087058
59.7881273198
63.1262392262
104.707540467
51.2607397567
46.0811064638
193.614820629
60.3602439794
61.962707609
24.9762894362
26.5211120182
33.2116787117
37.3261391222
23.7669583876
91.7942331991
7.18038172646
79.7681515637
83.254968725
60.1391588278
225.561937552
7.70807748288
6.86135347188
0.454493612052
12.1261350922
50.3690939695
81.3010629974
44.7924698107
70.4935881487
33.2683786546
83.491393542
77.9003756438
27.7403253559
48.7790177242
65.3882690371
5.98125113546
8.65760926903
111.164659962
77.8968665069
120.789610391
87.3746254406
153.735130599
87.1058751662
198.793317684
45.7529181646
1.34934818745
0.0
0.0
44.0858402251
36.4631925523
77.9890055806
115.26593627
46.1482993327
45.9131393731
50.3797303195
127.45079634
126.204478433
16.1683548689
34.9907770157
0.0
4.08308538794
12.0862212181
22.012465233
125.116969585
52.0976783038
125.146047489
23.4990782887
37.6874403041
1.59192033112
0.0
0.0
0.0
2.05507940054
134.36423783
32.9525908603
72.4953514003
86.7178012579
108.732131526
57.8750295974
39.9038754758
8.50350624276
5.69852632284
65.2592141201
14.183619976
6.8697373811
36.3313651505
25.3149696355
52.422132019
84.8949569743
98.8459753543
71.6830370575
11.4431416914
50.6299999999
158.05
2.34
0.15
0
0
0
0
0
0
0
0
0
0
