0
0
0.138444280718
0.862824829295
1.76039251639
5.1277009449
4.52627103747
1.03471087129
1.48552921572
0.933306112653
0.227385477745
0.0130615173839
0.00790401175618
0.0313581102528
0.0729291792959
2.40027244389
7.14895487996
0.732540064724
0.473932827706
4.28782489174
2.36668206612
1.19036757015
1.30621603457
0.240664295852
0.0
0.341839581728
0.615848154237
0.214417615207
2.67394354666
0.728457559657
2.55980627239
3.4520606664
5.62602443947
2.55595912639
1.59979038243
0.0
0.277273319662
0.0
0.0
2.9649175402
3.86667028582
7.91628258117
1.76818490779
3.05495577957
5.07897213218
1.5331357948
0.490131053375
1.02749252319
0.0
0.0602371832356
0.0919287384022
1.30177448597
3.6076771603
4.61983855162
4.87213573395
1.81963542383
3.44974791561
2.95070324821
1.84826489119
0.0136595331132
4.20462100813
0.568337736244
0.322146117687
4.98961948976
3.01010108646
3.0787635778
2.03850938845
1.22562957928
1.17771451082
6.20316059608
4.1024297789
0.774583820719
0.0
0.0
0.0765836555511
2.47282888409
5.36044713011
3.30106906337
2.51768362895
2.74906404235
4.75078471832
4.4806228755
2.78822996479
1.03419092344
0.744350697845
0.0025430531241
0.730077506043
2.41762565891
5.53852012206
4.38896694325
5.93587705866
3.00929130614
2.84788920591
2.80055071786
7.49557933677
1.49040816817
0.00962017662823
0.0
0.373295489931
2.53207193688
2.4966386694
4.87213556981
3.18824141193
4.26597916428
3.14517825376
4.16475758422
0.930474743247
1.43607462198
0.0518033220433
0.0
2.79584652529
1.45906837401
1.95951461536
3.33547395328
2.60760091827
1.63339496101
1.7044218923
7.4549058571
3.41579610342
2.7059550304
1.0345188044
0.280862463638
1.08032042021
2.12839938514
0.675817806739
5.77700523427
0.29942969
4.16023189767
3.3844862585
2.20705274306
8.48976325803
2.48834256828
1.8794047446
0.011443820782
0.181380138965
2.5203310108
2.85614158155
2.02833973709
2.65629224735
0.721659912262
3.17374783242
3.91402206954
1.10094043799
2.38937449548
0.16512028873
0.17046169471
0.906275465153
4.91714006709
3.2419031029
3.6583404647
3.1289446447
5.65645861195
3.55093837716
7.05519807595
1.38336703888
0.185887604952
0.0
0.0
0.482330776751
2.39901135
2.98654836579
5.98840243346
1.64805117436
0.996411313536
2.90801188536
5.13700608769
8.79859343171
0.856453180313
0.0724576190114
0.0
0.232220858335
0.260683201253
1.34331673337
3.83265139442
1.42717282567
2.62123491918
0.968350052834
0.996590464376
0.143432585523
0.0
0.0
0.0
0.0
6.89687120414
1.59003606765
2.70216285554
4.22962612193
3.91829254432
1.97543130349
1.78747439571
0.471023648977
0.405307918787
2.81073922478
0.0474699512124
0.0306231081486
1.38252493931
0.81934051821
3.91150756157
4.85014351923
2.52326721232
2.05760117946
0.865095943213
0
0
