0.0
0.0
16.9351372719
45.1257568673
60.8636827524
121.893942495
83.9364130358
40.1987470267
42.2854493614
34.5035437234
12.3301851824
0.427034212277
0.338655598462
0.309503428637
17.1981339119
48.5466490778
207.159885675
15.1337939543
19.9403352672
104.862212366
35.426022509
39.0866656154
26.3215452432
2.99138134718
0.0
11.4386358261
20.0510679781
14.1921379189
81.5986741289
17.4564919299
71.9223970325
62.8260141984
131.739547256
70.91519799
43.5691976621
32.0366642251
3.82259134949
0.0
2.78902503847
87.2266201973
87.8942378294
165.830033317
25.9338672125
67.1122409719
141.861483844
30.8348012539
13.7613137774
5.0000409186
0.0
1.00516578555
22.4112219941
61.1375195683
63.1317791808
126.092590915
148.299101015
79.643727271
77.7686577415
71.8967043758
37.4753004034
3.29543709756
194.917495251
9.04340600966
0.0
131.687491572
68.3452182077
52.8685849272
69.862867523
40.7687505708
21.3503916487
147.716029792
82.4842485012
29.5933963862
1.21574109793
0.0
5.20109315542
57.5820336314
125.674997695
87.3854213544
84.8696799986
64.4337200616
100.803467025
123.343025316
64.7108496214
22.6065414548
16.4228942469
4.80793690682
23.0000048694
65.2118822784
125.174867045
109.593729087
169.313061487
68.8116685879
69.9178541153
45.1172824517
163.86755445
61.0011965633
2.34597033262
0.0
12.6961685652
57.1239213295
41.5305874078
115.956933637
65.5585845598
92.925687611
73.127484287
99.7153211162
25.4239402414
36.4695305676
45.5668738279
0.214536733925
29.2671088836
53.567739185
61.9121215994
70.6309503588
76.1984410733
32.8919575699
36.931421701
207.024216861
54.620393023
59.4333046229
31.2976653948
25.3046962022
28.1839754059
68.1736271633
25.8705711701
112.217008334
7.39656394534
92.0261781122
88.1699285042
56.9580646735
217.932527523
44.1045427099
9.74545021356
10.8950785026
72.3470035046
53.2951752422
78.6710877566
56.1462076529
57.3117011021
29.3203745206
70.4851236698
84.3173086625
45.7678119466
42.6668349355
8.03251791
10.5870185718
14.6171842329
104.933993641
60.957596472
91.577169967
98.9899169729
139.599580547
86.5508439475
174.043380132
38.5579893746
3.30523073674
0.0
0.0
20.5105705261
28.7683119485
76.3542753607
135.570446167
37.3958131783
27.4446294139
62.4309265538
125.37308903
171.929204676
23.3609148916
31.4297647476
0.0
13.1660072208
1.76120142639
14.694156915
112.016572936
63.0265608178
68.5805931799
19.8695501983
41.5691969208
6.01864939927
1.05048823357
0.0
0.0
3.00945076346
103.299866974
45.521642617
93.8160162298
118.523037884
110.428168506
58.864208065
47.0879983306
20.5710693654
8.49914002418
94.1872134694
0.0
1.41133057326
17.6063262876
27.0972150677
71.2902374714
81.1749038995
102.150537159
69.4805860409
21.1269080937
117.43
404.46
15.87
0.499999999999
0
0
0
0
0
0
0
0
0
0
