0
0
0.0
52.7633102825
38.6420430242
57.1583372551
71.8775919266
18.1048144475
29.2717657685
25.3811172322
23.9816989331
0.0
0.17053340748
0.0
15.5680470765
88.5190757364
162.828493341
15.2392047756
38.4105981449
85.8350270112
34.5285737515
68.6688923724
46.9093898534
0.696482151746
0.0
1.70487892628
28.2601876846
23.1093879305
41.7418165337
16.341474018
32.6479842178
72.6516717598
89.1411133166
69.7678748808
8.24251289292
31.4237530231
2.26723976433
0.0
0.310126058758
140.359259494
82.8386563193
186.695786754
16.4455054644
50.5004354306
156.732950404
17.1140684048
38.8155124224
25.3245213031
0.0
1.29967144132
8.18061120809
13.1602730798
84.5214514286
97.3825457278
139.102863606
110.945339768
47.4386409168
74.8341432187
48.3978998638
0.549084238709
193.336701438
0.0
0.0
100.556994846
96.6756835178
32.2418885306
66.7938992009
47.3159116042
19.3425578149
80.0090801558
58.3016059034
23.0603815215
0.0
0.220383480191
4.6170131173
39.3269605246
108.754809156
55.9253841271
90.1121881754
62.1184484549
78.4460288678
76.7850477636
173.48504981
42.0274502412
35.1798349378
0.0
13.4282043306
37.9368968959
63.752664797
74.1380963287
196.411653321
83.4784881547
78.748019753
33.7174582752
99.6293041985
42.933568608
3.21347102522
0.0
40.6434602388
100.724763776
52.7399307154
83.742869988
57.8171529696
106.699733114
78.0067528634
127.145750775
28.7323306176
62.9383844734
44.9832435922
1.30435764045
26.454158239
73.1718751006
66.1689343442
93.4881327634
36.7005296275
88.138183063
61.048976088
167.02585725
103.949621952
37.3712774477
9.69096661358
14.031910412
39.5770583266
62.9154164827
27.0531188753
64.5994331093
13.6130214706
99.9079443588
53.5927710206
88.2684052632
146.267590553
50.3887671233
69.8865437395
0.0
3.8962999871
48.7493042071
76.3404863923
39.1071467009
86.4798604538
27.5437518955
94.4787281155
60.0808805599
79.508239271
85.2627109476
25.0054849013
8.03420001269
27.412320301
136.884566411
75.127778015
126.126618884
73.8842848913
123.636239245
93.7344108446
240.063769327
77.4460217357
5.53839755059
0.426843747497
0.0
15.1547999382
48.8734863605
101.178637449
57.5309733487
30.6332993602
43.4796102718
60.4096764139
151.946094409
154.327634538
11.6406054497
2.44551032782
6.49185419083
13.3029684573
3.463606596
9.17204904557
106.864262265
119.757170789
113.250384841
16.0944190454
72.4063848406
4.40172273293
0.314863108099
0.0
0.0
3.71584850549
71.5274521987
64.4834791591
103.928932585
116.954044115
102.618648827
54.6983232718
32.381403029
0.0
5.54216171242
49.5627705305
8.737729311
1.06189669669
21.719152607
25.9759726188
94.0016806126
124.380677104
88.3521275371
83.1501472817
6.46301400662
0
0
