0
0
0.0
1.63903189404
1.50492248684
4.29322133213
3.44925888698
1.22163468529
1.03503457946
0.992022262886
0.360814347514
0.0
0.0150202735094
4.59668302536
0.592697655782
3.26921015326
7.7143823076
0.8515428846
1.08795810258
4.41145747853
0.995221967809
1.44212884549
5.15020981617
0.0242288950831
0.0
0.0334436111152
1.04093547538
0.243452259339
1.92741782061
1.15335995739
2.12698072474
3.33074276987
4.40509329364
3.87899722846
0.871907300549
0.0447618924081
0.381397664547
0.0
0.263620080426
6.28680669889
3.28063457611
6.26472587022
0.693245677976
1.65195686207
6.66708659544
0.727969917585
1.64211613312
0.340203964617
0.0966107472777
0.00846173334867
0.157190656289
1.6494990997
2.64846291646
5.38821091154
9.46549408324
3.43623677245
2.84930241026
2.49628141103
2.45895389491
0.0974654424936
3.1055273572
0.0
0.0
3.70151726622
3.44097433519
1.09438372706
2.59907099727
1.66845562146
0.534856937127
4.02911625965
3.41753549175
0.334189195535
0.0
0.0758381839842
0.107948136865
2.31247733871
5.22209959594
2.86622872786
3.61627718073
3.06881552655
4.11404234392
3.71579465782
4.77682282496
1.75612507644
1.28053416096
0.0
0.554788607638
2.27622276824
3.96835657881
3.48955688509
7.31731320929
2.8472229105
4.5808657296
1.18334695138
5.87930309912
2.0908145858
0.166244648397
0.0
1.2958483682
3.43730787188
2.61923960038
4.14011264406
2.08205559547
3.83704755281
3.42800903646
5.31728737988
0.991321283858
1.38497883268
4.60909732815
0.00872308947146
2.32855284307
2.56394080678
1.96711572469
3.48755354434
2.73174309265
2.91288148798
2.05436377268
8.13184724806
2.25292192472
2.58715050481
0.698331373744
0.279644396622
1.17177384207
2.31925580627
1.02839873073
3.29308307613
0.596143647796
4.41075430985
2.47267352056
3.43873914605
6.09852008335
1.48706602771
1.08267657785
0.0
1.33040492993
2.49020378268
3.28822135925
0.779732757073
1.7792145256
1.59172382695
3.68653899792
2.99720448989
2.81845647848
2.27207298204
7.47503019101
0.311279982328
0.646038322244
5.22658155113
3.35606823536
6.94726462639
2.21206078155
5.66569120716
4.3585679892
9.30213322118
3.56024468294
0.168198376894
0.0
0.000728585000616
1.00025103986
2.05092616659
4.10211758316
4.47625873541
1.2488884253
1.85791371553
2.63304428733
6.25667809352
6.0300056329
0.506269812584
0.195368871093
0.0750980824232
0.681325078011
0.451478821225
0.868104939507
3.63429702615
1.92005555262
5.35110991634
1.15561068151
1.85296552838
0.0575302261859
0.0
0.0
0.0
0.0
3.0990646258
1.6064945719
3.32776395045
4.27722646389
4.08753647469
2.15547126473
1.57858013734
0.257100038521
0.0243659093976
1.82172632869
0.370190929621
0.485199694522
1.30261330632
2.15815205174
2.84429233923
4.73812738573
3.73536779056
3.82358340453
0.379577643238
0
0
