0
0
0.0
1.8131205379
1.56690013967
2.7327149976
2.78984822962
0.776838895865
1.11851624167
0.755549367052
0.774979241192
0.026004774496
0.0143753971206
0.0
0.409517269582
3.29447200336
7.32065395685
0.645699489163
1.37883011717
3.44358540839
1.01860583108
2.31105397013
4.41204230487
0.0485072992742
0.0
0.0863103792071
0.694269566797
0.136433651904
1.74587115285
1.24204784498
1.46165460953
3.06349505112
4.20117784373
3.19891494489
0.670382450102
0.360596120358
0.161119089462
0.0
0.151661429554
5.8990052226
4.00521097076
7.75009136414
0.378527287859
1.92503474187
6.58598060056
0.518532536225
1.63966692379
0.323028258979
0.0
0.0181460338645
0.267235289328
0.819479458965
3.53450700338
4.37049154419
6.36459675676
3.70145727403
2.02654735977
2.7428938786
2.54264840594
0.0264297956601
5.04707065318
0.0
0.0
4.33707493148
4.20174462558
1.36379768932
3.04647788545
2.07754042093
0.64827092801
3.52534137596
3.6652193889
0.816571357194
0.0
0.00438910815865
0.0601973360754
1.3883300795
4.79422934534
2.81391066732
4.04449885362
2.3183990228
3.68217627204
3.43250863161
4.29330526898
1.72222626023
1.41252958705
0.0
0.504997749347
1.69770389795
3.34861153289
2.89584679296
7.03246949334
3.51051371265
3.65792329423
1.13998172811
6.03214230249
2.00120422535
0.159584449604
0.0
1.51484986278
2.61565849604
2.46021856135
3.33277598419
1.98793985473
4.15290320793
3.33306372282
5.11507270939
1.41740707587
1.76591355354
0.95122051239
0.00664703128859
1.0787864225
2.83549256017
2.66753575171
3.63054600218
1.99428211572
3.2815557206
2.40421386005
7.0072066898
2.87797212566
4.5977298771
0.959062252194
0.396046802402
1.68338583375
1.73191468511
1.14974851243
2.90709272982
0.563518230338
4.54885956878
2.29636215279
3.52729319315
5.06120365765
2.37675892562
0.887696370482
0.0
0.359544784296
2.61131248251
2.94296197221
1.09162790631
2.95540301548
1.29707237706
3.83819433814
2.76068614179
4.06833607936
3.59456883511
1.04962462839
0.384538482875
0.787546298467
5.26663598046
3.05046812893
6.16979777231
2.82329675904
5.39722598065
4.14628269454
9.25529059034
3.32985907223
0.125998139381
0.0351123772562
0.000963282014709
0.240583650768
1.31926519773
4.16100598196
4.05817563273
1.29503471986
1.58934545261
2.37573777232
5.81211596157
7.65867261996
0.42477300216
0.263861808926
0.101587451994
0.0590101095149
1.02956867218
0.288928132504
3.37671738747
2.24762772908
5.35080098792
0.907276207348
2.31887768555
0.244446862489
0.105139222927
0.0
0.0
0.0
3.66863232804
3.34382598707
4.72411036352
6.26528673014
4.45391006791
2.10305202857
1.52924036607
0.329643636942
0.20576678589
2.10146486852
0.241389714181
0.0676915179938
1.02394782472
1.58241160214
3.94186881976
5.77438275144
4.17795835249
3.85910354275
0.355371585116
0
0
