0
0
0.00226939981803
1.34493874013
0.919286124175
2.06548339402
1.973685437
1.46478828113
1.65963183099
1.26660369756
1.30695494637
0.0
0.0212555476464
0.93817204237
0.828633997007
4.10895599704
3.026353986
0.974844165321
1.30584571348
3.57601457206
1.85042280983
1.46906989347
2.95758100832
0.0196101162583
0.0438814163208
0.0359372198582
0.311817657202
0.964575884864
1.10898702254
0.567217126139
1.23996415827
2.8716008584
4.14939393732
3.31860249827
0.067012341693
0.329306356609
0.102296197787
0.0
0.294895738363
6.58701668959
1.64863093744
5.48095969087
1.67508796137
3.40101297805
7.13084710843
0.588586859172
1.03208867833
0.0576563291252
0.0
0.0538486959413
0.301785679534
2.70184563659
2.45402321103
6.09451106552
6.11927695299
3.1084203925
1.69655449246
3.8011275531
4.95192750671
0.0560407135636
7.2664987212
1.41260480881
0.0
3.89279089216
3.45596159995
2.04992564477
3.15111893509
1.54876407422
1.43863123504
2.06088184472
1.04421251034
0.18853967078
0.240914999507
0.013012437732
0.481030784547
2.99608886708
3.81795726001
1.47457579791
5.04290507123
3.28768039169
3.87048562814
4.05193167995
10.8592838906
1.35343504045
1.39912945358
0.0
2.53807667829
1.85373400443
2.68967798748
4.6966279709
8.54172329721
2.57630528044
2.94663818413
1.52613458317
9.26941658347
3.01291888487
0.157000955194
0.452655881643
2.07454264443
7.55757668894
2.66416841
3.26694570982
1.75030629197
7.34608484944
3.22651075979
4.49779158318
1.65511806787
1.82542843651
1.05476808734
0.00242520659231
1.11278065154
3.43469149218
2.19723353413
3.53637162189
0.882956678979
2.6886503445
3.00497378665
7.83118787315
5.81464588025
1.6025655705
1.25743930787
1.09244801104
1.44665116956
3.08258563839
1.3478412407
3.09381760098
0.31313816458
3.55424235156
1.88712563732
4.8381010989
6.76356726699
0.482431324665
0.439448762685
0.0
0.983279111329
3.2684637513
4.31939902063
2.55094273679
2.68784782477
1.07147310488
4.66440006671
2.91750627907
5.33346279431
1.42253643647
2.75570322387
0.746137179434
0.974276067689
6.77475718595
3.31448011321
5.56175382453
3.24284808245
3.85476110876
3.27829353092
9.4546886161
4.07284342498
0.326301330701
0.118698507547
0.0
0.450926154852
5.21317383181
3.77498659305
2.42161646538
1.98619630083
2.05165583611
2.90141128353
5.91796783416
5.52781442925
0.46035383828
0.029637045227
0.0895781442523
1.86423492111
0.380040518059
0.952756070343
2.96425038436
3.62420498859
2.91696333385
0.412237159442
2.68162033988
0.402803780511
0.352292180061
0.0
0.157927826047
3.64474422485
9.13782103546
3.92939515878
4.51678064629
4.30420926865
4.04365093634
2.69281686621
1.75745529309
0.0228762608021
0.233859943692
1.2970409207
1.67847642582
0.578498831019
3.26699709147
1.24104521424
4.58680536924
4.23418494361
2.38342583663
3.1654757103
0.30867370218
0
0
