0
0
0.0
2.0984539059
1.41584557202
4.55909166578
4.2321042472
1.47111414943
1.0064572884
1.16703891265
0.558692441555
0.0
0.00622453849064
0.0
0.615967797115
3.2239261358
7.37387503847
0.775934867561
1.15983655537
5.06646321435
1.0438023298
1.46647719061
5.50673541753
0.00532818259671
0.0
0.0720077380538
1.40356600471
0.231174162182
2.03988695261
0.676608858746
2.19809734914
3.03702910151
4.42300897103
3.41256264818
0.878459585598
0.206500902772
0.228893606924
0.0
0.295198048465
6.11903057131
3.07034092862
6.17608786351
0.413132423535
2.07201787014
6.69106470502
0.927578941802
1.34937542211
0.46183786029
0.34484744072
0.00998305436224
0.196403981827
1.69402582385
2.68019154295
5.1977195756
10.6995256488
3.11323561845
2.7473056555
2.54176748882
2.14649128937
0.0781676303595
4.15769058093
0.0
0.0
4.09155597026
3.44854603522
1.05791098357
2.82597107871
1.70070032356
0.418167594587
4.15522636269
3.36440407252
0.10531528655
0.0
0.0743211247027
0.101026736898
2.23986102786
5.13436374441
2.90934365953
3.50973053928
2.97649809672
4.16394994012
3.52134350454
4.68345681299
1.56006520125
1.25496611372
0.0
0.567339038476
2.47918875515
4.33218947169
4.08309160545
7.22027160833
3.18046957394
4.49954620376
1.27991775313
6.03745235642
2.30406326335
0.170412555337
0.0
1.21629073867
3.6288167946
2.6751170503
3.72207535268
2.40636204963
3.94602194522
3.47043478629
5.24609230994
0.937736631604
1.31443067826
4.53440854326
0.00613226788118
2.25291655911
2.59097316721
1.85469221557
3.55589026865
3.05436502118
3.05803551665
2.09092201031
8.36200471269
2.1505775963
2.70941688493
1.10333034582
0.188201576937
1.42615513876
2.42137462553
0.989479187236
3.45465636021
0.624473900069
4.36720788875
2.62551998056
3.17685240658
6.15164157841
1.7925512623
0.328655387741
0.0
0.490162773523
2.45802181866
3.4369376055
0.971335169335
2.06484222366
2.05727860704
3.78522521944
2.9829892281
3.29441143695
2.56679643504
7.49613279244
0.284062229097
0.585149622057
5.45413869293
3.45388027874
6.58840790903
2.1964933672
5.95411105431
4.34047786123
8.96288901381
2.8475745449
0.120792850852
0.0
0.00144715805072
1.67351227999
2.25588330254
4.18124607857
4.23128494085
1.32661801786
2.03166084597
2.5785675291
6.44353427185
5.78557606041
0.406436026096
0.188265874982
0.064834870398
0.184550726786
0.291177734733
1.05840458721
3.58771913371
2.44964397745
5.92113183485
1.10141224554
1.36310115177
0.0649466589093
0.0
0.0
0.0
0.0275425743312
2.18655284774
1.72198593919
3.4636802515
4.35675330367
4.37389525771
2.28551533353
1.60805257969
0.234301375225
0.0212416108698
1.25281229254
0.831707045436
0.434067400172
1.31049148738
2.19050892862
2.54336994421
4.39675812144
4.2136422086
3.71865468286
0.431134476326
0
0
