0.0
0.0
0.0
49.4625169224
26.3979361094
55.7617893862
64.3367720666
28.0366909392
37.5580105454
15.8415732086
48.5414109989
0.0
0.0250898720698
0.0
18.132139653
64.4862244874
112.990131956
14.323627688
35.702792921
64.8370478489
37.8112670705
42.48915039
32.1284162923
1.24078870565
0.0
1.29791897535
4.42670632666
10.2748318724
29.7431179262
17.1736439969
24.5153554157
82.4631358954
90.9610947221
88.8276251549
6.35403647738
10.0770995468
3.60946290941
0.0
2.92598587274
127.856535271
54.5482144178
155.829013243
24.0533485339
77.7804428078
159.231843699
16.6244479429
41.9233644799
1.50056451559
0.0
1.64254564047
7.69234764576
22.1091209385
61.2076714138
107.757094874
152.791099856
89.1663600504
49.6914645955
74.2732254142
97.5339967562
1.55920596421
155.560150288
2.66087700427
0.0
77.6921411789
78.7182073966
33.0140872915
68.6098471954
41.7196922042
25.2865984524
62.053769622
33.751328797
7.76443031431
1.7936732769
0.629626158624
3.92066618801
37.5086606071
112.673136556
35.3630299879
125.396898461
80.641446881
108.99287658
95.5670453143
333.845429498
34.7594324647
34.4533480704
0.0
20.6535520088
34.6126945274
79.4520191364
97.9532451053
237.116542116
78.3054333636
89.6871251743
35.8932834418
133.462355979
83.1358305998
0.927362769842
0.0
50.7879976183
111.085703686
78.444451589
101.424377242
51.4738235311
193.602393066
68.9679099118
123.231882177
34.2523502909
50.3768170886
53.7100440859
0.0
42.1259202696
72.336499639
55.9298005714
86.308170774
22.9769974574
91.9041995443
66.6585607874
167.072837383
131.330861536
43.8607564867
28.1380455941
8.52979968487
41.8487813472
42.188330412
22.9332671366
69.0932494433
10.3881345168
83.405111879
49.8024408259
79.6462295455
133.166866511
40.3244744093
16.2688812018
0.0
12.9853551351
74.0071426034
85.3807786478
60.4220879338
82.2004539146
24.0108850301
117.878741579
58.5569949886
107.47492455
36.4958806783
105.872570688
7.22834640742
27.6153561809
137.280556932
80.9934390262
127.467761412
74.8131219343
112.592988649
95.3581226407
217.006056368
85.8603353743
8.61961904167
1.86865246296
2.76431858539
12.872856617
86.9764423817
86.2367077656
50.885647159
36.2548388578
57.2966797538
51.4950178788
146.868599924
135.318749964
15.6172477975
6.64519375562
4.54127383231
24.3611598036
1.91909016576
14.2005400209
81.1506345794
68.4540409594
100.802150767
14.1957799494
60.6133501846
6.7698112987
1.30981528759
0.0
0.0
18.1700827181
88.393701559
79.4970573763
108.681780718
99.9703771322
92.9001813679
60.844538659
43.4193818719
3.75107818097
9.01896062494
50.6076103226
23.4721741676
2.23688033223
40.7776178642
24.465875365
118.975473303
122.220935091
119.376020875
83.8285693433
7.28704392538
24.0199999999
101.45
1.79
2.0
0
0
0
0
0
0
0
0
0
0
