0.0
0.0
0.0
39.4836488302
28.1361149107
51.254017001
58.0996373222
23.4694031105
38.4069241135
38.2633496112
37.4518554936
0.0
0.140649536625
0.0
16.7375290096
61.4822885693
103.800788909
17.2349035442
33.1636874657
67.7954569682
36.309942305
44.5618434631
32.18668326
9.54927181452
0.0
1.34309703112
3.72813888732
15.2795915008
31.4925469862
21.3891280945
22.6408062503
76.3072396795
89.435208533
86.1546069235
4.78380455683
23.3255960941
4.71685816346
0.0
4.2223560065
141.243477389
50.1131682667
152.413466357
29.5665071681
78.8432195246
165.120670008
18.0010846755
27.8839434106
37.3097339719
5.68914270401
1.5635587424
10.2626467198
36.6732567922
56.5172886326
120.589113532
154.094996581
82.6582861171
48.3491021712
79.5946563463
107.434610032
3.57172447442
124.290316969
2.75217729806
0.0
81.0657977045
78.1151045858
41.20045932
64.1582621746
36.7204030642
28.551555125
57.7851125748
25.3647804893
12.2482587174
1.24090906978
0.474712413737
4.09346495568
45.732657683
108.439837543
34.1312083807
118.90768762
82.3915914259
112.950151901
91.5413680322
257.634588014
38.379816005
32.1378225535
0.0
28.9237118242
34.5757263574
75.4130044207
98.0169675142
236.148189705
70.8186852768
86.5890623234
39.9568801838
171.592260945
77.2331839046
0.887850869448
9.59728503228
34.2958856486
126.353633255
75.3104984666
95.0952138053
45.1756545883
225.997608701
70.1301618358
117.25821026
31.0581614693
58.4304050803
110.281822175
0.0
33.2457379382
66.6403190419
61.2777324566
87.685238442
23.9865699392
82.3643576671
64.2448254665
174.426926876
136.172835127
46.944529362
28.7212468385
11.4090318829
27.5269046388
54.6056366767
21.8924189843
74.8909862191
8.88310607338
85.7564846878
49.1914969404
85.9022966594
143.334483594
43.0837477594
13.4729318395
0.0
10.1508973092
70.1085952519
89.0379565805
69.5508265346
79.9744941965
24.3320544362
112.871891661
64.8793867555
104.484163776
50.6645210088
17.7516813464
11.6139341667
29.2404326498
153.044932723
78.9533317274
125.040731426
79.2060500323
105.771547074
84.8774864227
218.409730509
84.6019331218
8.65578380227
1.43749210238
2.62588477135
20.823102951
109.472301252
84.5000803248
43.5376218372
36.8472807761
65.9459515829
57.0842705899
140.343105306
140.477213278
17.0327532235
4.15561656653
5.6956808567
44.640954852
7.3553391695
14.0611755252
88.6135143936
37.9718331154
93.8475297437
13.2189428955
65.0652879048
13.1333069131
2.5225340724
0.0
0.607246443629
20.4565380178
98.7185713202
79.3515997454
106.619909964
98.1876900605
96.697732061
65.1440110356
48.0769527108
3.23498591782
38.8723624349
65.4787474795
30.2425861358
4.27261519433
52.6743155122
19.5829985216
120.369857032
116.322007667
112.970431544
80.7008081227
7.83916487172
24.21
76.7299999999
0.48
2.46
0
0
0
0
0
0
0
0
0
0
