0
0
0.0
1.57184799726
1.12915985798
2.07765027345
2.24015850585
1.06090839393
1.50046342169
1.44924239488
1.63253520214
0.0
0.00557305756956
1.85748887062
0.682974609546
3.36257954687
3.82306276727
0.785327976686
1.33598019509
2.90719954891
1.44714705646
1.70988122793
2.14433717867
0.0209373952821
0.0
0.061649184674
0.16064809938
0.75947871618
1.28313408262
1.07428646926
0.869257688057
3.28446580656
3.81487799226
2.92554810178
0.0666912461747
0.933706520125
0.369142360985
0.0
0.249255576171
6.02899075579
1.78156786133
6.49076232244
1.35509772971
3.51784888434
6.58398785186
0.747227852116
1.07151329715
1.39405118674
0.0
0.0650384109467
0.438448240282
2.30837029498
2.53787715983
4.94448392733
6.40683365328
3.25055697747
1.95191409043
3.61617122148
3.81660617515
0.178795929998
3.76898524165
0.150427427841
0.0
3.58067281882
3.29438598361
1.82511856477
3.02732117986
1.55838845577
1.35960740456
2.33964580949
0.892395297531
0.635841569863
0.0
0.0208113954868
0.296581193805
2.08209135826
4.66257800581
1.53989444231
5.16998843011
3.49998351082
4.42308437603
4.03307308501
9.89519114955
1.63839112397
1.58003129764
0.0
1.58787196595
1.4912724201
2.91942335898
4.11354569183
9.4561157095
2.87235892605
2.99599971366
1.57367465156
8.67253954336
2.63967887452
0.0955695332959
0.436711937189
1.7152361013
6.65035020281
3.01219070633
3.66795309936
1.68082300038
7.25590940844
3.38373049535
4.87299812818
1.34369809087
2.35306983441
1.40720024891
0.000592356605921
1.20766440616
3.37055094913
2.50108563976
3.28685295302
0.973387396894
3.24496195512
2.5426716191
7.47036779905
5.91370895458
1.19122191286
1.1912450809
0.487175151706
1.31437069178
2.93512420123
0.934548610239
2.88619264332
0.260701079853
3.51423701225
1.92184073472
3.81561359274
5.56448751874
0.921984378248
0.598656428978
0.0
0.590994040016
3.34478570335
3.90112849744
3.18030463648
3.11082226411
1.0206930954
4.48836376029
2.60491352563
4.50498578977
2.09741026815
1.38887353661
0.655567569658
1.26505967509
6.94805441657
3.35275494005
5.22523209924
3.18536210054
4.2675664674
3.34337842953
8.92997702397
3.83175309375
0.406011350453
0.0942745283246
0.101061798632
0.870837509632
5.22863775585
3.30059764627
2.39101918507
1.84513812233
2.66143340012
2.50986245368
5.93752914935
6.05412842613
0.727483361028
0.240009613335
0.239883601665
2.44152738899
0.442726552486
0.79529442451
4.37565386164
3.00592682324
4.18735448364
0.457307981793
2.594579136
0.64384506084
0.156729688868
0.0
0.185028232634
1.12667510007
7.79375667591
3.46889484208
4.48532895092
4.11158917658
3.88128969073
3.00142433483
1.863360947
0.0785983782262
0.745750777423
2.29048251919
1.04064672254
0.0876656793989
2.90932720806
0.86723885918
4.62277032604
4.81536571169
4.0009521083
2.98340903234
0.338181942701
0
0
