0
0
0.0
27.5626276284
35.5180189646
74.2073670394
76.3000791986
19.1729582995
29.9386819135
21.130362533
13.8111451026
0.0
0.473725796676
0.0
18.6902779788
81.2833837421
189.474430002
18.4135036804
34.3906530943
85.8040388525
22.2948337169
46.4019490109
103.702040434
0.954302161932
0.0
1.97809016705
16.9204261154
2.35964604607
38.791890096
12.1731150336
39.3735735118
78.6048249007
105.347073991
69.0591840343
20.9365475178
12.2814776301
6.90185254812
0.0
5.13756528497
123.054594219
94.4626326341
161.647745557
9.71258115302
61.1594014541
171.276854608
15.8546140194
33.5848681704
10.808672905
0.0
0.309961896389
3.74109524489
23.7793342173
71.7741872482
105.027525242
159.375572051
87.0230399155
50.3027198407
56.0598600818
47.8178784941
2.74649222196
69.6514446437
0.0
0.0
91.0545408055
97.6969596398
25.7526535951
76.2743453422
49.9311022013
15.0178348878
88.582443215
91.9502845891
14.9423731416
0.0
0.0
1.21738782898
26.7614556485
118.497397999
79.3374680467
91.842157063
57.6993954218
89.7964877542
75.7888088263
121.096746482
36.0270779952
27.8647910594
0.0
8.59498770163
37.9470619932
84.2487469442
74.2949901
169.476400249
79.9695908726
97.777408015
28.2666697414
140.306865983
23.2719372162
6.09421759843
0.0
42.6116330678
69.9356878771
61.9697794318
78.7079729796
50.8879939243
99.7334732395
77.7894646414
124.198139973
24.523827307
40.2502556741
29.2225145995
0.530509505422
25.0109066069
68.6219834285
58.6606569161
88.2322386252
49.5305485836
59.1647922979
51.3378039413
175.116530296
60.7171617974
80.4383904487
11.578085348
3.6396884881
27.5277973226
35.8282899074
20.5411399081
67.0379167814
15.2125255074
111.462236619
59.776572439
93.3893213393
141.976846643
51.9486179798
10.5528414175
0.0
16.7647336833
65.4801216535
74.9563866024
28.9815435216
51.7176158131
30.271539318
86.7882608772
71.320921265
73.4723781869
86.1635782867
54.146143578
10.4704910517
13.3046187982
114.753564969
81.4925001283
151.880828597
52.3353023306
131.445397876
103.445859963
216.283680945
71.2511878918
3.77705837321
0.0
0.0446486352012
8.27586704494
35.9764500259
94.763551075
87.360955895
27.8342365846
36.3184306752
54.1337940396
143.050336184
169.677168835
8.03483099815
6.18590998649
2.20948684216
24.4776098729
19.6563155651
8.79176265518
74.0227704845
26.9762311584
134.98471578
22.0489379866
69.1122971539
3.62332105637
0.0
0.0
0.0
0.0
98.6658004754
77.7810581177
132.275732953
119.570325751
105.49225688
56.3083146382
30.1662455498
4.33287388087
35.1341720222
46.722542555
26.9538505822
1.39681282639
27.2126552537
47.1117346733
79.0414847285
152.014987104
68.2881527357
99.1147013827
9.44189847262
0
0
