0.0
0.0
0.0
45.895220789
24.496403832
52.7795126215
61.4300400986
26.1737133238
37.3602935112
15.2895513922
45.6503233351
0.0
0.0
0.0
17.4733332843
63.7070291786
127.027865812
14.6115852669
32.818452509
65.1234220694
37.2524594609
49.8892100194
48.8808694706
1.09553793445
0.0
1.00338622928
2.58470972256
14.0322545897
26.4841271234
18.5237664208
25.4227141589
84.0639553517
83.7091631702
70.6790619689
7.06015178561
16.5624508783
3.92795091122
0.0
1.53766036034
134.114075761
56.1081621778
152.515471556
22.1306047635
76.0593498024
163.159770772
15.062420825
45.5795832014
7.2163950205
0.0
4.65145727993
7.2840715237
28.3690360766
69.4757325473
102.299053647
149.84703609
96.5531584471
50.4963577128
68.1794112046
62.0687818704
1.03826156259
111.330037035
0.0435917833819
0.0
90.9219070925
90.1558046155
32.4259181266
84.2720123604
46.7522646859
23.0561184883
67.2655217126
33.4857052505
9.19624536485
1.6426743865
0.680788245053
5.36649902165
36.3826432562
112.300246652
34.8119686706
119.846029999
74.3133724853
95.1628218158
97.8243900742
345.990226354
35.7411816941
37.8307415285
0.0
16.7759610666
33.3230319125
86.5057476406
94.7522304989
237.636589877
88.5023857188
84.0449173562
35.0513231736
142.448802849
47.3936885297
8.52141809462
0.0
48.6658505424
103.973249428
78.7101806066
98.8022304475
55.0523354417
141.756066777
66.9531533969
126.92544524
32.4130718345
49.6611594557
102.60847646
0.0
22.5385285243
54.6731322706
54.7408973076
87.3790500406
33.3305720239
76.9279504102
62.3717875262
168.553781804
120.956272275
36.3212812879
27.001620859
3.8226788789
50.3722610352
44.0782157666
21.8725787625
62.8809020995
13.0509374533
85.3975788737
47.4174537914
83.710928508
133.415280528
38.6701947749
10.5321431011
0.0
11.980588356
69.7745049298
76.7441063729
57.2447455656
83.8350533544
23.720102191
131.0327501
60.1849842444
95.8362428582
45.3420402557
139.679818824
4.98949885368
34.134317983
119.853616811
78.2027830663
130.40787258
74.5739255938
109.763043433
93.5850331318
229.450860126
87.391080427
8.1976363063
1.27788797021
0.0
6.95112133027
67.0766294897
89.3993537686
49.6791227292
33.531674562
55.7985829711
53.3232533578
149.500344892
144.343255475
12.2021957729
5.18690675496
6.23340153694
11.8950379729
7.419516474
11.1614565272
87.5497048145
49.3241076283
92.7102387247
15.9425472915
67.232881763
5.82837901265
2.76237098873
