0
0
0.0
1.70691274991
1.61850900855
2.43208800722
2.88628328801
0.675736475736
1.1633204259
0.691568127833
0.711705520109
0.0226146485656
0.0062049520202
0.0
0.580670619383
3.32204665244
7.11638935772
0.608633374795
1.6850173627
3.51493509673
1.39584509749
2.45566969155
4.62341741472
0.0756702192593
0.0
0.228034295142
1.2452889448
0.30907236354
1.65218176518
1.17610839102
1.44698858645
3.12076719012
4.14377218974
3.14555492823
0.735396014526
0.967830656096
0.0917771793902
0.0
0.146298483014
5.61747584399
3.96163818799
7.92712232284
0.592242830433
1.75535816629
6.54213127133
0.53577625961
1.36883401964
0.242727778852
0.0
0.0587231228128
0.318553646095
0.812476239167
3.57795180567
4.12918957922
5.95445721119
4.46135497675
1.93025553226
2.72484960873
1.63731773308
0.0227004308254
4.76624189829
0.00462610507384
0.0138815930113
4.03727521678
3.95607770048
1.32308437303
2.76708359597
1.99368979782
0.62330528209
3.40684834885
2.93326069147
1.35971768433
0.0
0.0248639886267
0.0813598487875
1.50918253313
4.65351940319
2.9692652956
3.66510724719
2.43175318488
3.73771932092
3.26602409175
3.43707917398
1.7132467404
1.3941070023
0.0
0.471144643612
1.5601902022
2.50191511388
2.99342908664
6.96207004262
3.22765395604
3.60388742108
1.13472555589
4.9781015832
2.5842892169
0.159113481641
0.0
1.94020351954
3.02879352495
2.36415972281
3.41162821976
1.97238010715
4.2705048176
3.44177184533
5.30493877613
1.35260138661
2.09161734264
1.24115820881
0.0617883312516
0.823744890047
2.71821303084
2.84665862005
3.71433170402
1.70189911593
3.10747697391
2.48817425058
6.95198865957
3.12877413188
1.4851837575
0.31887511909
0.353181861341
1.5452854652
1.85862590978
1.01073144929
2.65351613332
0.552848214982
4.55748575483
2.46258774679
3.21692865575
6.05757253943
2.41873209621
0.887923342641
0.0
0.371192862629
2.42135711061
3.07525664891
1.32530066313
3.4488150822
1.14713685721
4.02850575512
2.74243472039
4.09384371096
4.39633915853
0.90246376954
0.214982390404
1.03124217223
5.5794946719
3.14243323263
6.01585266972
3.03526388342
5.2851452725
4.14863267937
9.37207067024
3.31821477291
0.157934695482
0.0
0.00094654847635
0.187271464616
1.48079691792
4.24006384145
3.14996077493
1.13136117742
1.75464390777
2.48284129752
5.71852776001
6.91340446752
0.384525243193
0.165137741715
0.156528249383
0.153822109103
1.07927682251
0.297596624121
4.15233738457
5.94155877689
5.51201400626
0.886541217566
2.3498153598
0.368378003128
0.105407415889
0.0
0.0
0.0306575912982
2.67789381952
2.9147604825
4.4235850987
5.90600386867
4.37075616792
2.25391219114
1.41020279378
0.0
0.295551143587
1.55777813541
0.212642706931
0.0587946716696
1.12477704417
1.49711866118
4.26547674416
5.42042050464
4.10909939767
3.51307191583
0.24006639421
0
0
