0
0
0.0
1.59489597264
1.39646368241
3.35531743837
3.72146587248
1.01990164863
1.13753801142
1.81517717172
0.310590741574
0.0
0.0128444925649
0.0
0.654483676888
3.17228612117
7.825310627
0.800816528033
1.35743277939
3.79405735969
1.17819491378
1.53095466038
3.20478450507
0.0291340630502
0.0
0.0825009793043
0.503813642077
0.12630605977
1.55032129213
0.458612626418
1.64388739993
3.4463375248
4.39898207458
2.96148815169
1.13453984261
1.21694053523
0.165761265904
0.0
0.272007916123
4.89798256196
3.76860071963
6.49095368898
0.528575104778
2.27154858713
7.0148065323
0.765174981207
1.37082313653
0.28921470046
0.0733952224255
0.0100704943761
0.0961862504482
1.05841702875
2.61756920256
4.52255079342
7.24915419263
3.78561785771
2.21955471369
2.35238444968
2.2360414798
0.085712691769
4.87628602516
0.0
0.0
3.49906954682
4.01253735309
1.20380763925
3.10227758763
2.0381388329
0.571050259285
3.89454082915
3.48294976936
0.827839358593
0.0
0.0127582678106
0.067522353027
1.52986372774
5.15150754387
3.26549281678
3.54263291636
2.64978826931
3.93079634267
3.33020929247
4.99195245793
1.43198962463
0.955796977272
0.0
0.460597652942
1.4993621012
4.05477883082
2.97597805131
7.50049961638
3.35908677243
4.24736396037
1.1161371147
5.5416566499
0.990596138348
0.255433413433
0.0
2.16128412099
3.19278831314
2.59905356448
3.57209911983
1.85075030476
3.7900251965
3.29533037753
4.94913431327
1.49698245805
1.70101076365
3.42142588273
0.00809458643198
1.02473020018
2.64102387358
2.37162358989
3.50223739794
2.2554724894
2.13756347843
2.17431771266
7.96032055502
2.683698537
3.41475279536
0.400169080123
0.218089560512
1.12904164288
2.01377591817
0.924471231003
2.83992285666
0.647823050618
4.72674657844
2.57267816446
3.56772668526
5.59611851443
2.01312731206
0.394167302176
0.0
0.906067035976
2.81617448421
3.13239161484
1.03954665101
2.36947896949
1.40031536896
3.6245882893
3.01623281575
3.33843765967
2.99047010019
1.19930073526
0.259240686893
0.255565587431
4.6048979403
3.35180351988
6.68860826734
2.0207662133
5.38778002374
4.44326699269
8.89554101974
2.82492570649
0.131756271352
0.0207493491471
0.00328232999891
0.167062859982
1.42017567743
4.17957768729
4.116549053
1.14026629634
1.23331201263
2.25654939283
5.76494298631
7.0838818656
0.360120467842
0.166640385985
0.0725625380874
1.37215923518
0.590198179707
0.483443340287
4.32143063197
0.921260015675
5.48304603435
1.12234532071
2.2313288484
0.144031558186
0.0
0.0
0.0
0.0
4.77882837877
2.80433738371
4.97593201324
4.5804113925
4.19735884853
2.43777875323
1.21289206296
0.24327134341
0.541801676154
2.05706688971
0.343862503767
0.0586809720844
1.16509659402
1.96292328089
3.20885267109
6.21549178101
2.77065472584
3.60786791611
0.398752912879
0
0
