0
0
0.17048163712
2.15383186517
1.1639615288
2.41427300498
2.77777802292
0.85721273534
1.41944062174
1.03508892702
1.07669532916
0.0
0.00544017972425
0.0210950151086
0.665159324184
3.85111910198
6.19039455801
0.559198314091
1.44868876215
3.29859735561
1.38917263085
2.68824617798
1.89838637877
0.0288455900736
0.0
0.0572062432766
0.819849163294
0.715853228699
1.704310228
1.19660042122
1.46096947149
3.07396873459
3.79409054713
2.58457464632
0.245680607622
0.122107863426
0.137466687709
0.0
0.0
5.91570297256
3.57846995798
7.48242192622
0.845305787167
2.64970011299
6.47287217784
0.589041970903
1.64206284424
1.01068996638
0.133187398314
0.0553920567036
0.365778209642
1.17095124838
3.52273205214
3.75603739457
5.70965503179
4.88627736364
2.11220569536
3.1891459178
4.02928903338
0.0107470247895
6.31632996537
0.0
0.0
4.00319701061
3.85074083321
1.18542333087
3.12138318212
2.09719138406
0.864370915922
2.91497796014
2.10073945031
0.743813140318
0.0
0.00841271784157
0.147127431119
1.67293455801
4.46554712299
1.93115677242
4.28206743603
2.5390300802
3.50282089785
3.21095607802
8.8300108097
1.81046817824
1.52245732024
0.0
0.439430112019
1.50794679625
3.30880437198
3.26260911813
9.29687863262
3.52119903825
3.41329338774
1.52255977603
4.81553275837
2.46190764196
0.143485615728
0.0
1.32412507822
4.67278883327
2.25664893253
3.79747518548
2.78522272781
4.47769650212
3.17375139194
5.23652118642
1.2473101276
2.10759712011
0.203016637824
0.00515755964443
1.56720365235
2.87525584595
2.3941943603
3.80798609077
1.56776940613
3.78285842086
2.50116558338
6.67090642161
4.53692891204
1.11068988871
0.385695428587
4.47159732413
1.9569826636
2.23749967152
1.081157882
2.83468807396
0.536481149029
3.86908680163
2.11740395043
3.60280439712
6.60020744475
1.95949331112
1.51835339796
0.0
0.220564826392
2.28438308951
3.14778031851
1.89087112481
3.55589343433
1.19467998762
3.78092170181
2.30174826435
3.635228239
2.91079117404
0.699573631398
0.385308027267
1.19491787534
5.1641631457
2.98862410337
5.24257382751
3.053980703
4.96835511271
3.99329645897
9.99774245545
2.99513410905
0.170486500487
0.00745004368946
0.0
0.321456253529
1.98079288891
4.02887482196
2.37004941562
1.26097773574
1.81320846558
2.38237314485
6.34458037128
6.48292710679
0.346421584487
0.115060679615
0.295177131891
0.539779755287
0.314411304891
0.353393499739
5.61573814973
1.9307154417
4.27125638584
0.72479511518
3.29591565765
0.188561707269
0.0348957488313
0.0
0.0
0.161855168641
3.03867346747
2.98967948585
4.2937114425
4.83434539475
4.24915801547
2.25645152805
1.36528820544
0.0592802166939
0.348343335092
2.95416079368
0.852185249329
0.0418492611498
0.847357271239
1.01428518398
4.37926579872
5.08622912504
3.71378091909
3.14386830945
0.337023854256
0
0
