0.0
0.0
0.0
52.1914042922
23.9075393602
52.5060034097
58.0101045761
24.8120919598
40.5275182855
48.7815374136
19.7294782642
0.0
0.0
37.3777620346
16.8589883745
83.5091785267
138.445472472
10.4210527875
34.6843181402
87.5680774973
34.1300270575
51.9433386103
65.7878162786
1.36232846975
0.0
1.00338622928
14.0544191748
18.4621881545
29.6134424311
25.5385733926
26.9927236418
81.1723184734
85.5128763634
84.326684771
3.59481190145
5.40482586622
4.30160365999
0.0
0.690731853247
144.812318489
72.680293925
153.523612236
21.643682057
65.2423855774
159.635485356
13.3154183105
50.4108069576
6.50319814682
0.0
4.43235620856
8.01145483553
28.0477038101
74.9428239343
106.548967056
144.174753841
114.611829445
51.6321564317
73.8462589332
44.1027129377
0.859419196843
230.969339892
0.0435881316662
0.0
88.6769413109
90.0978291929
29.764041583
83.4534791316
50.366752211
21.4283401854
70.3320790711
39.7744139429
24.1597504802
0.0
0.593742904253
5.6974979639
35.1929443181
110.907262921
35.2233909163
110.508990863
71.2997928187
91.7673228252
81.4135288037
354.057232999
36.9296597242
35.943292955
0.0
11.6363656037
31.2761325595
86.8958734596
89.1028699949
233.224622861
82.1320051001
87.1225173566
35.4340002202
137.068064332
31.6075587048
1.21495074034
0.0
33.7132797708
112.701723442
60.8616578146
93.108416291
56.3098740746
131.807422165
71.6504354774
127.46352929
30.247133099
46.8178253174
64.769976385
0.0
23.0988531914
76.6365613303
55.6746333358
88.8426869054
35.8120657951
86.9880535361
57.0037423774
164.93847653
105.443403818
77.4532406107
17.1627189964
6.00061033666
43.0745576186
41.3765850103
22.1141428677
61.1594589679
11.5563338734
90.1548879859
50.7453846792
89.8026575558
143.73460646
32.1364777387
11.8934845626
0.0
8.30299233086
61.2887426354
75.5665688218
59.1003029477
81.9121237742
21.4288125783
110.397122841
57.4291679318
90.8412527741
45.9735528902
29.8528265321
3.74941456318
25.5153423473
115.569402537
75.8070278232
128.578235591
73.3366848418
106.723918386
96.1606109664
233.668331824
76.7674972344
7.02752950788
0.187315385789
0.0
6.60775279999
55.4546041601
92.9670224302
53.4857045962
32.8045535143
46.3756347187
61.509834223
150.939738767
141.873738935
13.7237124844
3.52766203879
9.06660318374
13.0572245121
4.15739401615
11.9671542942
98.9315451979
94.0053796022
103.8770478
16.5899654701
73.6811502948
10.5313486978
1.04795256257
0.0
0.0
3.5076802969
52.7242768183
74.2379237102
108.053713214
100.443900252
103.863033235
62.2785865366
25.4406949728
3.11018836498
7.56030517817
57.4959594682
0.0
2.60789662598
29.4304469218
18.7479928834
110.7859906
115.632343613
113.42431511
79.8773840033
7.12540101259
33.15
115.23
0.0
0.409999999999
0
0
0
0
0
0
0
0
0
0
