0
0
0.0
37.2388845943
36.0026662051
86.0697709992
88.4524177015
27.3188887574
25.7138817998
23.1134702023
7.87222456397
0.0
0.341099238955
91.3328475953
17.2247315347
73.2690486499
195.196807332
18.442496893
28.1059443019
96.7472273503
22.9311172217
31.4473507181
91.2227098793
0.688987892122
0.0
0.930813521146
12.1904632151
6.25089530647
42.7755495106
27.609965417
45.2508543468
81.0112573318
102.75117932
83.6997962258
24.7444343158
6.13824677467
6.48609101772
0.0
5.44975814222
149.375397518
78.4138261601
154.720382256
14.3083516276
39.1135532494
174.03551637
16.7180866236
35.0168972501
7.72654688359
1.7687394619
0.193414019421
1.73368701339
30.7341545009
69.9189721606
109.165246038
216.951250548
90.9057484454
62.8203684446
56.0228154602
60.3669587261
1.96070223302
67.6157720537
0.0
0.0
92.6343395635
88.5244221725
28.6657862134
65.3479705956
45.5463955812
12.5375747234
97.9268634031
83.308350042
15.1898363521
0.0
1.43751841038
1.66130829602
50.5910642026
125.700387541
71.5399883407
81.0811625522
71.7797823418
108.18342319
91.3333443348
105.328999143
36.7353819497
25.8515883497
0.0
12.8392729321
49.2654846199
103.802807392
76.8421366586
163.679528311
69.5151903871
110.428265512
28.3150378169
137.272915162
78.7476522346
5.25857457518
0.0
31.8789470354
78.8034267984
61.3426359259
95.4123375379
50.6102791596
90.0882745133
78.5552564599
121.243925446
26.37859023
32.0956676602
139.142503161
0.138631191105
53.5752215311
60.4679654678
53.665287299
84.7378742472
61.3099567574
63.5229491182
52.2132134429
198.445468306
55.5294780386
83.3495606035
11.3067295477
3.16014845575
32.1855018754
59.5640414302
25.0540591423
75.7856307077
15.2780780532
107.198273555
58.6370386406
77.1181870289
122.877983943
46.5810165257
42.2813476994
0.0
4.27578889579
60.1892846412
76.2234754265
18.3975283513
49.8861473947
31.7931252346
86.286653202
77.149170618
71.0251206612
54.626279533
88.7720516714
6.0454208851
9.52580277622
127.503559314
73.7021962562
169.167471215
52.7833057903
138.248064436
107.431444667
228.133664578
64.0729613342
5.20866543521
0.0
0.212293960154
20.6655893326
39.8780589401
100.517880231
104.483534306
29.5540923122
37.6949712931
61.4710247218
142.682931013
164.642743394
9.90646147728
3.73750090598
2.5357938409
19.7735466063
8.18939785658
25.1544898824
74.270861515
46.0969924402
142.036045902
29.1641511396
45.2403837742
2.5824493915
0.0
0.0
0.0
0.0
73.092382349
46.8577961047
93.1884067822
113.336932663
104.036782578
53.3459217456
37.4660793542
7.3221560754
0.0
60.2098409011
8.08685758709
7.51678423584
29.4029882402
56.8846789598
75.541920935
116.289305002
69.2863176876
85.5494084582
9.69017726184
0
0
