0.0
0.0
0.0
40.4444589168
34.145873526
80.2148746512
93.7541873026
28.1875273212
29.5253245476
23.174940275
7.43623293936
0.0
0.488295614719
98.2401258946
17.4819847047
74.92739781
192.407276429
17.3544439087
29.3706399053
93.4247260961
25.350848917
36.8367931656
92.0179959386
0.298579635098
0.0
1.42677479982
11.800387837
5.86965715884
39.264209725
17.2504006396
41.9509854074
83.8381337822
106.996452846
84.9084667387
26.4547071922
0.283375024795
6.4142535031
0.240729779004
8.31756958366
124.054306447
84.1582084056
149.523911448
11.9294279041
45.219764214
174.976479113
17.3525962899
35.0750033633
6.81231504679
1.76346409321
0.527624499053
1.22996772453
25.0077381804
72.5946869887
108.580773443
191.969258904
85.581357018
60.4051024932
57.0127778258
58.2455212903
1.46171779186
118.187131293
0.0
0.0
88.4981699302
91.3823407414
28.2693960713
70.5512758944
46.8406460657
13.9437980466
92.2340288143
82.1617310141
17.9213614929
0.0
0.356816640125
2.22932257131
41.469369119
128.744556572
77.5676220562
86.4475655426
70.9655554555
102.044983006
88.7182429265
150.874680368
34.0037364588
28.3099860787
0.0
11.8452380821
43.5989823192
100.056079533
70.1169636324
181.515663035
72.3855668446
105.741898768
26.4344319804
137.214208671
48.9625470154
5.83910402657
0.0
49.2718553496
75.8275527209
60.600890737
89.8710318581
50.7580622882
92.2973070648
82.5976098665
123.023934167
26.7424094081
42.3681916147
121.908762321
0.165723793209
53.4827505202
62.6102701966
56.0988048055
87.1173569933
57.8454928771
62.7816266148
53.6661614868
194.633642653
57.5367643721
55.2880289107
8.29467190056
4.10883429274
31.249706749
59.7835643402
24.5551396524
66.7609178004
16.8272213917
109.253655553
58.0027194545
78.3577737542
141.295248225
35.8826860339
13.6768113971
0.0
26.3666662351
60.8990804515
77.9886422306
20.954607313
56.2988368822
38.5348250604
89.3608132639
72.6263859998
58.1610230227
60.0484973676
33.2850915828
3.15944731236
8.3432950303
112.972788043
79.7255089176
167.459745831
50.9798997631
132.105622128
110.72866948
213.405061528
55.9441398048
3.76191283296
0.231389589608
0.104711260647
2.12202572823
32.1734430046
97.8151528202
93.0701688007
28.282189387
37.2883664669
56.282498171
133.497561369
168.072731475
9.1273135543
4.04574894905
1.74067443609
36.9422999918
6.61975641175
17.9482478946
87.7032986731
14.6575264275
131.603725042
25.933683678
43.8002256677
2.98400428891
0.0
0.0
0.0
0.0
101.776474446
57.5942184739
121.572910644
105.465611056
102.580299407
56.2113300898
35.1801529526
7.92773205041
0.0
37.646648459
9.08653633296
6.53521759807
32.0803014749
60.0446725488
75.5274111406
142.293319859
67.6623096679
93.7222369798
10.5950052738
319.159999999
1045.85
84.8800000001
0.370000000001
0
0
0
0
0
0
0
0
0
0
