0.0
0.0
4.06366789342
47.0827456714
23.018616423
53.229862176
58.9729252831
22.3018666645
39.5903482865
39.1152269839
23.6826391392
0.0
0.11045107618
37.7557918579
17.4104374051
77.7096296846
146.939295279
9.69539107382
31.091069201
82.4232803062
33.5743615385
64.3811031617
61.5151260718
0.544920835644
0.0
1.0231063664
17.3516202271
13.8456469104
35.2563888206
29.1276303715
29.176773006
78.1615923197
83.0686866689
64.5996931716
2.85347610713
0.479223489761
2.30749062449
0.0
0.0
139.239508152
76.3327117973
158.307920521
21.2890374474
59.0240211468
159.82772897
13.0709855491
43.4774104246
14.8153554797
1.47242215276
1.51769627631
7.01066536457
29.1280967659
74.4073276073
97.9258297531
132.329057157
115.224207625
52.4195749714
73.8392664931
86.0174224879
0.881526008249
233.1600236
17.7389016151
0.0
98.3517603055
93.2221967206
26.9262555912
83.5987579474
49.2501085774
21.296014633
63.5600379187
40.7419920238
28.4728855714
0.0
0.360550641082
3.53265661932
37.8775877059
109.959951632
36.811324194
104.427188535
69.996847121
93.4001220041
87.1176560484
288.358777704
42.1267993524
38.6086735222
0.0
11.2598081008
31.2909105643
88.2340373957
89.235194575
230.819715835
91.3933483176
80.1481655398
34.0739792995
131.148114391
47.5239227525
0.388274587692
0.0
31.0782236767
106.908701956
58.7404619402
92.1067794374
65.7480683102
118.092812039
73.9855554113
129.439770194
29.0713877203
46.7119635343
25.0666695312
0.0
25.6056344491
61.0541716999
56.7630655006
89.1807448226
37.964347193
75.7096660865
60.0327272414
164.567847177
112.273368104
26.6522397996
23.1952351257
12.3723843656
46.7602804675
40.3819078915
22.6054569874
71.6576523017
11.3600919284
86.1037058201
52.6690173084
82.0701984158
183.994674959
56.2854064553
8.8074605316
0.0
7.3428276619
58.657315068
78.9982463736
52.1907392974
81.1709696213
25.4954436197
105.422964262
62.3301852629
102.483333925
77.9560513795
13.3399487771
10.6827507019
26.8679017145
115.839589627
77.4145935187
112.33591331
75.8540914579
112.887465097
99.2861464591
237.796996348
70.285103987
5.05034928024
0.804392695428
0.0
7.81552934647
50.4572623373
90.5620567202
62.7205818593
34.8941101637
45.7406518198
57.8254330466
155.423524462
152.173321925
9.13617226481
2.85997903346
8.9003841877
11.8152825236
2.39787966013
8.77886293082
98.6380758583
51.5298294202
92.0638351646
17.1079685334
81.4751808658
4.03428744526
1.31193244457
