0.0
0.0
0.0
38.7678197035
41.2047491669
72.4509084821
72.4080614978
17.6074003503
31.980412812
17.6600817181
9.46351420507
0.64313520491
0.51243540924
0.0
19.526641041
77.4836412818
182.759759612
17.0653256178
33.2742600934
80.288687814
21.4615911632
52.2154550794
106.18786633
1.16052212566
0.0
1.54064065218
16.8405923769
2.18604457425
41.3816931434
25.0193605944
39.6410859972
73.1157830134
105.612121504
78.3334525013
18.1959958076
31.5631568134
5.76829688251
0.0
3.8550642617
126.540944405
97.3952182685
174.087133476
8.63363111112
69.1287709548
162.198810554
13.7656013891
38.0809581355
10.3402984142
0.0
0.114349253476
7.47198101878
23.1337062791
79.1370900626
107.294612382
158.979986499
84.9918322675
49.5074940473
63.0207870166
51.603783329
0.294749222695
67.7330851034
0.0
0.0
98.940485861
98.4007146907
28.1567028122
74.238862127
49.8396580294
14.2818954131
77.5676612556
80.8949944536
14.805186633
0.0
0.0
0.602186020464
25.3875323719
115.150091196
72.1149868817
88.9472387018
55.7014717274
88.055559419
83.5156561843
105.815611856
44.1002784223
39.6687080842
0.0
10.0080123693
39.3984860146
78.1033306886
75.3005089759
168.112418242
81.4994061739
93.9807093144
31.4233595431
133.105181517
50.4519114979
1.92399813048
0.0
46.9140694925
67.9873491343
60.6072484776
83.0941546339
50.2642171747
98.7390220128
75.2344830036
130.133196141
33.6205970942
38.5444326103
11.8823187947
0.108702379279
36.698795557
58.8830260942
63.9999187198
87.6305503781
48.5443645874
69.535843961
54.3773170766
175.489566129
68.2209028476
21.602831237
19.2658552453
4.30528892578
31.4830031208
31.1517103202
27.9046434871
69.2489133329
12.9790229201
114.40032525
57.7933148537
87.5514180958
151.228303537
56.3310094402
23.5018130913
0.0
21.868283635
66.0344340986
67.560491983
27.2828097996
70.1519577653
30.6153542347
88.5594448735
74.1978526601
82.2239968478
85.6107164362
23.11684113
7.18002489209
15.5699271373
120.674721904
77.2245909547
151.442556286
58.5961131156
132.564829813
100.898977334
213.856067098
80.5256076408
5.09979442601
0.20703278482
0.0239452924579
5.76721581816
27.6379922033
100.943761697
94.6996170077
29.3752983101
36.6084244642
54.2578829081
138.492011888
172.373810428
9.47245513649
5.97375418246
2.25182622671
11.1491103843
25.5104570388
7.28446863593
127.115339107
48.3762484454
130.807631959
21.7837942634
52.2441894672
3.72928306459
0.0
