0.0
0.0
0.0391050232574
34.6250303434
22.0314065516
45.4179701088
50.5381606949
29.2450389302
37.6711300426
32.4377223914
36.8847136795
0.0
0.863768018782
0.0
15.3831285853
89.7148694695
81.5811410844
24.4874826204
30.8285124713
85.1407535746
48.3131512776
40.5151263065
41.0469298548
0.859979253262
0.532627880573
1.01343879104
15.566908191
19.5031006783
27.7029046846
14.8718380854
28.8018711134
71.8428161033
98.3359619126
74.6790247802
0.728037117048
23.547311157
3.60604450106
0.0
6.93188336491
166.060069151
40.0882512638
146.029253405
36.824024029
86.4431806896
173.292469209
18.6684195902
17.798659455
2.57820305227
0.0
1.79888990521
9.17657399923
67.3201226146
59.8229915333
141.375285728
142.798876989
68.7078492343
40.8290657779
89.2266112548
132.333841681
1.19758111238
217.755690884
2.10031539202
0.0
92.2741879598
79.7906334624
43.2077444578
77.705583349
39.462493278
36.9106241594
57.9199229033
37.1286886939
16.8489198536
0.0
0.749205169267
10.0010563731
66.990723733
100.916784649
38.4463415549
126.831389242
82.6610330287
90.4162956072
92.5010946002
262.404065554
33.0430043712
32.7739443182
0.0
53.1891691982
47.1620983778
62.644597968
107.306391902
214.131398301
62.4099967181
70.8480814342
34.5629182505
236.26085129
69.884107355
2.48064941167
11.6737303734
54.5686592683
184.799452208
57.6443388797
79.5145638586
41.0080242091
226.040928315
79.555987217
116.635652091
35.6759573837
48.4275854676
37.5665611625
0.0
26.5052377694
96.9046581386
56.5678853388
83.6913492372
20.7233192213
68.9892640673
68.0219232235
186.816223294
139.755981476
48.9648076594
27.5053174495
16.4719017148
34.0319435522
83.2767157126
29.9666714366
75.7156278938
6.99977962766
82.6933733952
45.484562382
110.888011705
130.270142645
13.4118837565
8.90218913556
0.0
16.8525666744
76.6738568544
102.555620201
63.1094581056
66.3974409698
25.7896279078
103.449680222
66.2782302406
115.879807547
33.8731448873
92.3142028973
12.8974243998
26.6347768306
172.969046965
89.9913144485
124.292429195
76.1032131538
101.072432265
78.6656687892
213.335261598
102.941820838
10.7900235057
3.43394958972
0.0
15.0917100906
118.589462137
84.7579257377
51.2926547038
47.0596586354
48.2152896732
68.9051030762
143.101048557
141.105863102
10.884633922
1.46721766423
4.2480236292
69.2866891286
3.35306791217
27.6932626627
89.4307979868
54.2885508722
69.2840142259
10.5960684568
66.0379918042
9.61328302325
3.28676247598
0.0
5.87206918001
62.8253050894
174.468690991
92.3531984724
112.569902851
94.6083549298
91.2781753018
69.6421462661
35.7034420742
0.987144201994
6.39287893474
45.2204397619
28.2610979676
8.64459892363
85.3727855086
27.7694021724
106.906903474
99.6000820846
54.9310704571
70.1247053678
5.89206916094
33.2500000001
56.4400000001
1.61
2.47000000001
0
0
0
0
0
0
0
0
0
0
