0.0
0.0
0.0380008192733
35.6120293709
23.9506499469
46.1229337044
50.5282508126
28.1280841603
39.0337456567
33.0183161069
38.1482849162
0.0
0.342031091453
32.9134511947
15.3680128232
83.0230752379
83.0265528449
22.2624381725
33.2233401881
80.8380370382
45.2244569287
37.0071224124
45.6858770772
0.376576703042
0.798941820859
0.46557766199
11.4316480597
22.4044609219
31.0460469845
25.2186037776
24.2762226127
76.0063809269
95.3518457842
73.5333736078
1.07250427734
7.24139003455
3.90228237211
0.0
5.32839055358
150.121773608
38.9782330692
147.226090975
37.6299101674
85.1328727138
162.553586086
18.8770712516
22.3603904312
2.45859651266
0.0
1.23046691716
8.386673145
63.6827468724
63.1792866458
131.213339472
148.117746783
68.6158080223
41.0554524917
87.8057423215
124.340866811
2.60625877978
228.266218895
3.00040376186
0.0
94.2399346234
79.4302785919
42.9440745859
74.5414557605
42.1947231778
33.2666668241
53.16472359
24.2417412178
15.9638680592
0.0
0.421515712514
9.77545223014
59.782594691
103.414954003
38.4634803626
128.124231158
73.106438443
100.597040295
96.9009545278
280.324359744
36.0049611926
42.2414215877
0.0
41.5091954191
46.5863147755
69.6296698003
101.075728029
216.641624448
67.7610202711
71.7348705624
33.4285530355
219.264012091
64.4402587646
2.88190506398
2.15769052506
41.5406310485
174.915771548
66.8491857425
81.9189157058
44.469212316
179.239164166
82.5225022222
122.241112741
35.1157954037
55.0043870508
35.0183355958
0.0
24.4650824592
99.7160289175
60.1729604964
77.6168719903
23.8770540822
80.6342363796
65.3654183652
179.416596478
136.981184397
49.5573486686
30.8275176286
16.7776687145
46.8909931294
71.2420468255
21.4680417348
73.895939039
6.93053600191
86.787630882
44.5293132691
93.90392166
130.983202033
13.4123505503
11.2864632569
0.0
17.9276114926
85.2442600094
95.4278224781
68.3115335014
70.797265157
23.1563264094
107.58189147
64.7800690457
111.091116182
49.6655566469
218.930017322
13.613515377
29.138205439
181.249280244
84.8192236433
123.238749693
78.3387277723
105.341546578
79.5887297374
211.309547558
94.6312066354
8.84788674115
1.78122675419
2.28676736355
10.0551373959
134.359675672
85.165521143
56.8855832374
45.5514519588
50.4378609024
66.5302370376
140.839802954
153.38709294
11.7134601194
2.04076047242
5.75963544845
60.4724503754
8.52257752418
25.2757523599
96.383230781
86.7126898841
82.7727420106
9.35679355637
71.546038801
15.6278511733
1.9162697196
