0.0
0.0
0.0
49.6311926573
36.9889439419
56.1466430426
74.1916089636
14.2917385027
28.249234423
17.3318703845
38.0941656847
0.0
0.0
0.0
16.7708394528
81.5888916403
166.405750483
16.9340311624
43.0499522304
81.2973006797
33.4736001994
72.140851032
106.862663358
0.981527656318
0.0
2.02212005854
18.9577180054
11.3732294706
35.9889874937
17.8630688097
30.7028349218
74.3175964728
99.2695148326
78.4128485088
13.7013159189
19.9833381772
5.26676577329
0.0
3.0912552774
142.470470846
86.8824508363
192.8481662
16.5760774389
47.1820037438
155.686164745
15.9610761479
40.3048064299
6.73644697666
0.0
1.11733486131
9.63505198807
14.4613652006
82.7914433218
97.6309533538
137.414625638
109.772637298
46.205686153
69.8116089288
38.3821667671
0.72333895415
172.74292348
0.0249620592221
0.0
96.3434223869
90.2528815884
33.3983686567
67.478263691
46.1101718657
18.5153323039
82.7563782139
73.6055158562
34.5259062751
0.0
0.159598270431
4.21266795137
38.1661327555
111.04748974
54.5076746182
88.6027521583
61.2407854591
84.9554517511
74.8326148632
205.43123699
43.8373629526
32.1613890454
0.0
13.8449632041
40.3578221126
72.1374828089
74.9631941914
181.97669375
77.5352522359
81.657665167
27.7489144723
134.836766961
36.9943193206
3.73659036866
0.0
42.7400930376
90.3752558856
57.9258837706
82.1135104392
57.0092702395
104.319252122
84.2968608924
125.467619179
29.6053931863
56.9719715834
55.9564546421
1.30865887553
20.4756550435
70.9775895216
66.0727682635
92.0583548611
40.082931636
87.1700358967
60.7690402949
167.894747162
93.2406206215
16.5403350424
10.3642533124
21.7898882255
41.7978100874
54.419765789
28.5071491123
63.1548565411
12.4254912324
104.304629032
56.3299716235
83.1874000495
154.404388921
57.2481825818
45.153490428
0.0
3.7387810573
51.6404952463
70.6706725764
37.6199173238
85.9622139036
27.6975677088
88.5067951082
58.9705037539
88.508725212
85.08885549
33.1372489817
11.1399936676
25.5021707244
138.22322385
72.4798606709
140.060510404
77.7912254278
121.971586344
97.4281881173
232.727050935
81.2884293794
4.39220809937
0.575751990079
0.0239434009418
9.9678209424
44.9663806894
101.72103741
64.9443953885
27.9510191143
38.2340545356
59.3768213633
140.085375287
163.054352626
11.0870113
2.86459118129
5.64105534554
6.72075357288
16.5772460997
7.16531883883
115.74093812
86.3925283234
118.847596675
17.4372309297
61.5392113644
4.31161661446
0.549557492136
