0.0
0.0
0.0
37.9438312054
17.4783491604
56.3419659497
40.9507336802
26.801614903
35.392457597
33.4893478956
11.9855674761
0.0
0.025090274401
0.0
13.3619884104
103.635083154
72.3419362642
30.1907397955
19.7755147107
81.0890317764
48.4535401538
32.6196753792
68.5210040287
0.520829647778
0.973832845687
0.0
6.69977468626
22.2336864229
25.7449822258
10.3320005201
38.4982459824
65.7281730026
104.481549919
62.548926041
19.6399090234
4.11268606781
4.76881322266
0.0
9.22612541914
200.128663905
36.1804872082
130.120518201
48.9446351453
74.8296967706
173.311153951
13.9655871922
42.977402933
3.1796523258
1.18027022481
0.330085158348
15.4587697685
41.2946101092
63.7171486154
156.405063161
146.261497518
115.609216366
43.0385288448
88.91313384
85.6796757895
2.44801606982
317.32942536
93.3784732819
6.31673169137
113.295976125
82.919651717
48.3917222657
83.1012479026
35.1606499181
41.2878053225
57.2971708802
23.8572004717
32.3031625114
0.0
0.716070324182
6.69496212154
109.145164886
98.4684620798
51.4408559789
123.722621108
72.2342162412
86.8293295987
90.3831195468
129.905147142
33.3390316106
41.5045368074
0.0
86.5858903303
51.0153029537
68.7551739082
91.663739951
150.710645087
54.9597485998
67.7193913142
37.7567936462
220.770275831
40.0213900656
1.04160220921
1.14872905612
58.8486197926
170.480841479
59.8887898042
86.8740654058
47.6800776254
257.244468168
80.4845019118
106.557166748
54.6850738786
43.075520575
27.4390457645
1.15982810967
37.1924145686
105.403680459
55.0015160422
98.2742855698
26.2865105364
74.0734826234
79.4280009214
193.689266994
154.825893735
48.4742170181
20.6711735129
40.7469667195
37.0379933194
105.182496216
37.3341128827
68.9295101837
7.06534958818
95.3786778571
44.8942869259
122.61409266
182.886122134
16.5230065808
11.4610543102
0.0
36.1519559921
108.507459015
99.7571289091
51.8718217426
66.4016986889
33.1220978088
105.730526942
80.6884704391
131.700614981
68.6723742931
84.6654789449
18.9896198809
10.7019887343
160.102071516
88.6977374246
162.461194664
92.5781285035
85.1902928129
68.5939203948
214.092918322
111.980113872
8.11590090394
1.55222332478
0.0
8.44162130357
162.269157395
109.209081486
57.0483126502
52.2218471942
44.8370275944
70.5079930109
134.518309057
147.79661983
19.686241284
4.52736702562
0.265578724445
53.6160151586
34.4154131354
43.1251001134
87.5853729216
97.9910699794
73.7553125892
9.31353148073
43.0936300457
11.4720342457
6.51122546196
0.0
0.0
155.662381232
206.892647255
89.1562075987
78.1713470501
108.273385607
90.9253121316
57.0670204013
44.4079323113
1.43418011069
1.07559379935
30.7966036498
45.1844297647
13.8110013083
96.9063873142
18.6519325487
116.618082091
124.086158942
50.9351147321
82.5715285464
4.70770036428
384.559999999
1298.62
72.27
0.349999999999
0
0
0
0
0
0
0
0
0
0
