0
0
0.0
49.5784741044
16.1286358572
62.2946498477
50.7524890546
20.8540213918
25.863210395
53.1044418197
9.98258075863
0.0
0.31229634583
26.7098751067
9.19559700787
118.87367633
67.0092938393
32.2537058518
24.1492794938
71.8989411062
54.945084527
35.4294118322
52.6231812509
0.46942470409
0.0
8.78960895538
7.24467873574
34.9709185212
25.0241517545
11.4133165567
39.8856074028
59.1359049864
115.379963737
67.2002260442
37.9618545101
4.17391746864
18.5119044185
0.0
9.86018612282
193.701024547
39.3894467354
121.305523736
42.981615007
59.346472579
152.579979302
13.200928878
43.2755536046
3.64070827514
1.36544796824
0.248094633221
15.0412265137
41.7245586142
45.7583112718
134.534870736
155.847536467
129.773463808
39.516311795
92.2709483654
114.974746982
2.52021114528
107.242358375
39.5006618501
25.4989471435
92.3587357392
83.6717098555
47.7447361853
97.9220562139
27.9503669813
43.5087387446
35.7156258578
32.3357416027
40.6236262322
7.1253942456
0.111290797591
3.77938114106
105.302444838
103.320654133
47.1768244039
110.010901345
72.8037234816
87.2116187126
98.6153730629
183.958597544
25.8349964786
23.0021895915
0.0
57.4915629866
43.0495711164
68.8225198836
94.6329156439
144.294986442
72.8500044365
63.8647855985
37.6252221019
238.729718775
49.6107280032
0.117073975503
2.99623739719
68.0530690373
173.95119671
64.8242300357
81.7948558471
59.4050586204
289.271415581
63.1977873389
118.366009802
39.4240488355
44.6260514258
26.2117144166
1.1113345027
17.6405743919
119.823877087
54.6693344218
94.5920250211
32.5697401687
80.5060771723
85.1522396095
185.744350486
157.425402012
65.4648181704
44.3177333772
39.2903159222
23.2152411081
114.464832835
35.9093628154
80.112280056
10.3542232812
93.973018661
43.6738616782
134.052155463
177.965240926
45.3411992042
7.69229038061
0.0
16.6690124273
140.686267018
91.2395069338
62.7693103872
56.2081859455
39.3593497798
91.6255175472
85.6548922901
121.388116479
36.0123839714
15.8431717157
8.39144834875
20.1861947291
170.209816848
93.3901868659
138.862779647
101.939999906
82.6623989494
69.0461778602
206.39444802
109.30456816
3.31099931897
0.72895154357
0.0
7.77396547795
141.44593285
110.360311847
65.769444259
41.5172822345
54.1491061783
75.592969559
138.154930796
120.002216086
15.045717353
2.36002117395
0.0
55.9750921001
38.0529606007
62.8788604774
77.1695034737
121.62108254
80.5331222182
8.4190642205
45.6857044771
4.09118708969
5.93862730265
0.0
0.0
73.4871971011
260.500364045
84.9634661414
68.7785917176
101.35390144
88.4166049584
56.5226592422
39.381280806
3.17108407618
2.24308494106
27.3253416271
40.0238628386
7.33935204149
92.0573915988
41.492538683
162.550118549
134.370624863
62.990765635
72.2685663197
6.37040781509
0
0
