0
0
0.0409162417054
1.536827676
0.586728156137
3.17490123701
2.09650163446
1.0780686771
1.40198672516
1.18081308497
0.529024053365
0.0
0.0134491263889
0.0
0.286166388076
4.88525079936
3.37391041528
1.44541638653
1.4516111766
1.93902109319
2.02692865487
1.82002215087
5.22383959545
0.00620676204562
0.0
0.271004352719
0.100909820525
0.988817634527
1.03201520524
0.712057934143
1.559114034
2.17182694608
4.12891429779
3.12626038684
0.725782041554
0.162002526224
0.147985600866
0.0
0.511436156929
4.70355909225
1.47464457384
4.9394311228
0.578131063026
2.35320243286
6.55670278845
0.439301762905
1.21175615769
0.817659024149
0.0491779260337
0.198421359062
0.698816585355
1.79145714082
2.54143811797
5.88063620089
5.6271880694
6.50516533433
1.47109117568
3.2738111412
4.74902008753
0.0394375463948
2.74964974634
0.153509691358
0.00315366243012
3.71588175651
2.9508455761
2.77471830114
4.59856162057
1.1523287131
2.10621770564
1.77370049432
2.69525336113
1.94784001447
0.016573732486
0.00318081839941
0.216722272336
2.28716748022
4.40452296601
2.32600932149
4.35484023183
3.01837772178
3.18072630279
3.22319600382
5.4663467356
0.477708473103
1.37192723341
0.0
1.11421510018
0.745602066279
3.15321761975
4.22305855656
5.32531318511
3.98207565304
2.63281485374
1.88316835696
7.0820436494
0.461781623308
0.28801504802
0.131351172924
1.79731682083
6.41079539526
3.27524189465
3.85933034605
3.44610836334
6.54785658605
2.42557506444
5.10379086254
1.32406205265
1.77770682797
1.34582670871
0.0
0.541167876683
3.29253339837
2.19677747809
3.80208359542
1.24575560412
3.07573496434
3.3617665763
7.43855769653
5.86661397736
2.94312272221
2.34225635324
1.07833538717
1.19270599866
3.58441627491
0.985341799445
4.71887817641
0.772458204534
3.71523168148
1.91955761844
5.58238805784
6.2757730633
2.17844871245
3.81791316345
0.0
0.553618153092
5.71825751476
3.22149013821
3.04376434092
1.78075271216
2.01036667032
3.85550537065
3.60775019811
4.36617636931
0.868816390634
4.32196065038
0.451789588667
0.693190461025
6.11187916715
4.46835980203
5.11720755266
4.16534762084
3.43352914113
3.21746072685
8.76248836704
4.71630179917
0.0
0.0
0.105937369168
0.0
4.44707364216
4.44667113433
3.16035411682
1.97255368554
2.16055800405
2.76098198351
5.02792269411
5.84195020644
0.210035560653
0.211220301688
0.0153992120177
1.35563322157
0.0813104559056
2.28408266708
4.4527748581
2.33268869575
2.60053189518
0.469120510621
1.91065983893
0.18777321931
0.124604977667
0.0
0.0
0.368548251688
7.29895430803
2.88775164401
3.42082223669
4.99039373174
3.80941273365
2.33953936026
1.59341711551
0.021735502407
0.301197404449
0.669146123109
0.44161593914
0.0545513723046
2.84345187247
2.19625865342
6.0013703783
3.61432362092
3.64570130192
2.67160647875
0.199880685657
0
0
