0.0
0.0
0.0
20.1161771268
12.9884782545
49.515976687
53.4035265149
25.8885089933
31.8023903892
17.0122004282
17.7248016503
0.0
0.522009266542
14.347527355
13.2085588798
87.938738063
93.7526611985
34.2890171023
32.4038314428
24.1770018619
39.7297551334
32.5789969526
99.875664331
0.175540700555
0.0
7.01853847505
1.12370625883
19.9930998087
27.1337862038
14.8585304436
41.0053565261
48.7211076245
100.274677332
74.2969334722
35.7691924666
9.16722035407
1.86193732917
0.0
8.62835857831
148.720466047
38.6424969588
121.838394318
7.56030234787
60.4753903896
137.827198578
13.1666102903
37.5881614834
17.6435780525
11.4661574364
0.963661193849
13.3512042537
42.1759606898
73.0712473034
185.240207137
128.187044732
128.857168201
35.0540925768
84.7485910872
58.1026098943
0.949293840677
1.61416089535
56.4793281554
0.0810083448888
84.4379018246
58.6813295669
79.3754576035
119.88824556
15.4990672432
46.9827683083
50.9020785029
68.4555317314
35.5590668657
0.0
0.113491203636
13.2360390723
135.416263372
81.426983309
53.9126580768
114.884543091
71.2722050808
78.0648735725
87.0388773631
103.029319611
9.99233343826
27.1343246921
0.0
21.0501781627
23.0414500628
79.5605732566
115.387931446
119.918429509
108.687986696
62.2438555956
30.8720254675
204.139538258
23.0953132063
23.1679414473
2.35583978891
55.2930513919
155.935663819
80.1166780294
95.8327577916
69.9246356338
88.2391858344
57.7433477808
106.485101592
42.5338014756
29.3864757456
41.2530672178
0.146656796336
5.12628850154
106.737741049
44.1016548941
86.4638158246
48.2481000367
58.6718149865
82.6307473826
183.311284343
174.104609949
48.398973696
90.9371691943
26.8367319816
20.4942300618
81.4265829754
28.5489724651
117.645477645
25.4992095838
86.8010028674
50.3135627405
123.526892558
185.096912518
17.0214035287
31.6767223142
0.0
16.2437979961
187.376145735
77.9589232764
81.1885784381
47.3040046133
32.0239296667
72.3752482831
85.3972673045
136.9744536
37.3392533362
7.50844784081
12.4553054944
8.75377626346
155.471515822
81.8445389047
93.1060860101
84.0611673742
80.5377329662
87.8486272394
217.709164649
102.00302951
0.0
0.0
2.36546615744
0.0
139.303418596
123.036394626
59.9687076552
54.8909261645
40.9127965495
62.7556223609
116.709193898
134.875884578
13.2785291495
1.56542783976
0.291574135423
57.4456944466
1.83403852209
46.9191325308
90.993429199
102.295749251
51.7446009648
20.5708797164
55.0112753659
8.71695405989
0.0
