0
0
2.03445285559
22.325073123
13.8629404753
54.1360184066
54.5533827972
27.6369378156
34.4196469634
35.4500987717
13.0666897986
0.0
0.0
0.603967353701
9.87479102611
57.0860508084
91.0227741943
33.0131231378
46.301987825
28.4034071491
44.2436259202
42.3974502571
91.7609901019
17.0967181418
0.0
16.0791655183
5.81091805548
14.833200465
30.2681865581
12.7896966976
48.9470188049
52.8736808897
115.094612243
62.845068491
23.5608149618
12.7615789398
0.772513300181
0.0
8.88861563801
114.604655609
34.2305246698
108.324258297
21.2497002035
64.9648501128
126.215824356
12.0257586613
57.5845426171
14.2782236338
1.4562934041
4.49326443672
25.622013684
31.449260652
53.7759810062
185.311262392
81.3655881062
133.441627443
33.3919548048
95.4374837642
101.068313642
0.292076591402
12.0557242055
163.711154938
0.0706567503511
95.2589248716
65.7696871706
91.3027674202
76.2344550043
15.2138670953
53.4885719642
43.0529603726
52.7695872914
21.0553155541
0.497590921819
0.116521439049
11.6126096584
96.433132308
68.4454312894
52.1395166935
99.1447784453
82.587273756
59.3784953076
85.4950844316
85.5338358852
16.0888295676
51.8097959035
0.0
17.7612056583
40.6113563609
75.0895165409
109.08430938
89.9947896636
131.349346206
56.4184852978
41.9094390962
221.464403177
16.826483509
14.4560427703
0.0
53.1816979385
124.590410136
76.8168058543
113.699416163
92.4931756154
75.8617403806
61.6559918002
93.2100919337
50.6266105548
40.4897211492
30.7357567046
0.0
61.4706089011
80.2607862689
27.0723171732
81.392806789
56.7156350585
47.5003832561
88.5194866843
179.162793322
157.718529839
23.546457991
148.506711725
9.83005583659
22.2078923173
42.466382537
36.0948907421
99.2246210239
40.7342414064
84.2026683586
51.6939569832
127.515828341
167.972923395
29.9307052308
14.0307060331
0.0
11.5636566337
166.081710514
79.0928428507
100.67289345
40.9377569575
22.2799541652
67.797744641
96.8387962728
162.958114464
22.5511402264
98.8953073025
4.81531398744
7.02794217132
152.340176515
83.7993469164
102.726045501
84.4247143752
84.2345030978
93.7918724342
185.725081477
80.0985646694
0.148297794163
0.0
1.52028268576
0.0
106.767664947
132.045420941
47.8502325509
37.640036557
43.5263246801
55.6244230159
108.144735165
137.886674479
12.715419176
0.0
0.370448179543
27.7009819032
10.1270672819
70.0414712683
85.0585091561
60.6685107182
90.2773908713
20.4773994195
49.5117798094
11.792168051
0.0
0.0
0.0
8.55480766296
65.9107047245
96.9929725416
60.2816026378
91.2779200058
75.2113429495
57.6723156329
61.1470363699
27.3548525424
7.977627486
10.0764560178
10.7574148178
2.65984117985
54.4195819795
32.0469977818
110.29573667
68.5301688574
68.9956292119
76.374076159
1.9055268243
0
0
