0
0
0.107544727623
1.33908483386
0.591158492491
2.22971598897
2.24329192715
1.11617422721
1.50440262939
1.41972343693
0.600644716993
0.0
0.0268339924514
0.0140505144373
0.530810347875
2.9202479599
3.95541995601
1.4075883755
1.78488882608
1.13508799206
1.7971258685
1.55437076348
3.56480884086
1.00030018878
0.0
0.260417602956
0.107990637887
0.714583208784
1.48504323279
0.515232825943
1.94984782557
2.22989471257
4.5484025816
2.91313929181
1.05249084765
0.4524718225
0.0916674975306
0.0
0.297793447971
5.23359873518
1.393857755
4.66925455641
0.880791605916
2.77270858968
5.26565939432
0.464082401479
2.87521426298
0.47380938381
0.121873077005
0.206679180264
1.03416768415
1.20994632691
2.49408808933
7.98777204286
4.00144837378
5.04183391808
1.31835340522
4.0102504901
4.89459581318
0.0185352009721
0.0249724853784
4.86827993393
0.0
3.80243780091
2.37553984654
3.61068173964
3.22977406881
0.584442753578
2.22365443734
1.40898586193
2.32308636
0.832109128824
0.0281397495419
0.00103119539563
0.470270164893
4.77840615
2.86236132891
1.97586105356
4.67463065661
3.37192008365
2.68176693167
3.55158276518
3.78906394518
0.652857378009
2.20023209415
0.0
1.22887997888
1.28423552017
2.78966822708
4.47255145758
4.79999958444
5.44895547372
2.67331606918
1.6650205059
8.76243084297
0.709144219756
0.906385892071
0.0
2.27949637803
5.1078708265
3.47260023095
4.59307094035
3.60067985021
3.3260165914
2.58725417592
3.97464777669
1.50602688052
1.58031472098
1.06456369534
0.0
2.04860448558
3.48365011392
1.28357876558
3.51668411633
2.30881395534
2.0792134658
3.71030456998
7.62844926678
6.60650822468
0.903629318345
5.25547531899
0.191408435116
0.818498485722
2.22426112066
1.32852624357
4.0608313866
1.45668756799
3.50232277054
2.13960161479
5.0743355751
7.30842451565
0.918087447993
0.22616061708
0.0
0.41507281526
6.94944908656
3.28474822838
4.13944769348
1.84738148842
0.978254584596
2.93667230103
4.01497105113
6.91467931727
1.19422107749
0.944613888394
0.348685737699
0.273951467592
6.61860343994
3.47807643097
4.35549919098
3.56799740298
3.37138320738
4.16056954279
8.03308176808
3.8394098049
0.0
0.0
0.000446763820946
0.0
4.65037640696
5.38759807171
1.95198418805
1.66478954395
1.9819490558
2.3827953866
4.21550041955
5.89216268621
0.584676666069
0.0
0.0207868274301
0.651750626974
0.726981283631
2.72979990207
3.60185999743
3.48946227832
3.37787142233
0.767119526048
2.03945398657
0.483125891536
0.0
0.0
0.0
0.405099704862
3.79300059378
4.13182381331
2.78118987638
4.44912078232
3.44907611655
2.28279265482
2.67255643685
1.54977300949
0.687673892826
0.682248701341
0.000512631377205
0.100751556456
2.03959441837
1.24553176062
4.40228683315
2.81128771766
3.15332422615
3.17014168017
0.0937102334574
0
0
