0
0
0.0
29.7963476074
16.2782815984
77.032679418
51.1116997003
23.3065961022
35.072377123
33.4856062586
17.5978397951
0.0
0.12804184109
0.0
8.44541794807
121.832883239
81.9257865446
35.6433750247
34.3870904837
54.0817071917
49.6686310843
44.3964892812
157.972095753
0.388772651554
0.0
7.14467042686
6.79770531132
24.102135847
29.4403297639
9.95598271884
39.012457327
53.63562081
103.057762938
75.2085743438
31.5508705973
17.6136378497
4.00671175495
0.0
9.46427235379
126.635125089
37.1196587042
130.039910136
14.3647143915
59.7349667894
154.923304552
11.3673280226
25.4572037906
22.9211597443
0.0
0.122691381723
10.9360739328
41.7731481715
59.3908890523
129.731755282
137.901859249
159.89772436
37.2201203741
69.6429457514
142.826713935
1.77515906095
136.211840658
2.37030297518
0.0756879262627
92.8623977378
72.5144584709
64.1013347134
105.204011645
28.8005339542
52.5210533402
40.2154178093
63.5991353962
55.4404807538
0.463625879959
0.105161335319
1.29778066278
54.6549194678
105.844262361
53.6788368802
100.625797153
73.7223118766
77.2308281064
79.0691736302
100.264855022
17.9019820634
36.693442829
0.0
26.0459974742
18.5096796644
77.7256607563
98.270543581
140.970321212
94.6590624823
61.2983905188
49.0540993586
196.189476002
30.0823405702
7.74101829528
0.714692562818
45.6879854417
145.158380918
76.750124909
91.3185723494
80.3900105729
199.159127682
67.4985283697
129.442101231
31.3921246716
36.9159722998
90.9327145481
0.0
15.2441090494
83.7663437928
52.3584218071
93.1269818069
29.1316467617
79.7843627426
83.5905351845
190.640374001
155.940556375
75.554928733
60.8047629521
32.8986630142
29.7884720117
73.4814068042
26.9887213894
92.9153206219
18.8055246659
90.2372516635
44.178831079
138.80453321
141.104341318
33.3103039087
1.61888797581
0.0
12.8616254088
138.294520341
77.7004656941
72.9917393959
49.6234221888
49.0879219807
86.5017452076
85.2790771975
116.730442414
17.5008194447
12.103836894
10.4380310476
16.8613457345
152.352625184
106.775943374
126.330505793
104.934080567
84.6344213057
75.179250461
200.645851448
113.22486985
0.0
0.14813053608
2.33865255117
0.0
99.1898235754
99.030001469
58.6180602907
40.2282143309
50.5946668759
73.8734944426
120.159623589
143.802794994
3.96683844365
0.987044423818
0.48833526671
45.7290521014
2.82683984935
54.8602702133
102.031973697
159.496557381
70.7202090137
8.51782644353
42.2837814158
6.15786257386
2.97798764705
