0
0
0.0
1.57523836568
0.654936549487
3.47150912962
2.15682017489
0.829262509826
1.20045974152
1.37506395055
0.612465521321
0.0
0.0148890968412
0.814081609249
0.317369335913
5.31995076686
2.9531638982
1.26939183276
1.27745459205
2.95017111767
2.05394730717
1.79431201611
3.37158641499
0.0252182853874
0.0
0.407837823033
0.154973155353
1.56542539323
1.13104464853
0.401216791652
1.74395645061
2.13689812506
4.33759449609
3.00243156834
0.568385460181
0.434163100086
0.349609166384
0.0
0.387118637154
6.41454028152
1.65115378611
5.24897039123
1.40469997586
2.59985400387
6.38796768663
0.504809454142
1.47174603975
0.6321344506
0.0468110479414
0.00893898494542
0.394259670749
1.36797407269
2.28160467977
5.49405566324
5.95320433157
6.42325656442
1.60602016724
3.625930988
6.90420360374
0.0621616076678
2.72560643265
0.0927858576179
0.613193809986
3.12565654493
3.11174431373
2.30602580914
3.93707201025
1.28425181145
1.87385931966
1.71751438186
1.84454749047
1.38381752698
0.0146475173533
0.0124903784599
0.103185065091
3.43144084071
4.44616736216
1.98381950357
4.67792161624
2.61306002247
3.41100326355
3.15603138291
4.31521793501
0.836680133361
1.37235504575
0.0
1.37145819142
1.18071259325
2.8167810078
4.08647200279
5.94266204024
3.6169351993
2.62632138561
1.85263923067
8.51957605453
1.8543505118
0.0186856344808
0.03761023283
2.49541765777
5.75755025633
2.85820625164
3.34658346165
2.93926945003
9.99772053096
2.66319180612
5.2181782535
1.79237485584
1.86259576154
4.52841329016
0.0
0.666855471209
3.58565919846
2.23907644325
4.09822202282
1.43481221725
3.42936206539
3.51167923911
7.94871142879
5.62942405557
1.95702073001
2.2192367455
1.68310626224
1.06349671865
3.21916536801
1.3374904237
3.63892795052
0.518328618957
3.93834305811
1.83868801116
5.56893586501
5.94081131369
1.18316845805
0.327853771392
0.0
0.684567862772
6.41789682209
3.72991933627
2.7583930078
2.15633424523
1.78071691794
3.72737096902
3.25478934566
4.17244980449
0.566244039685
0.929660052061
0.492334533483
0.897829215974
6.62936351635
4.54182913143
5.61516380613
4.22641123255
3.4321469632
2.83142536599
8.41592492163
4.54622016009
0.0225935671479
0.0204330347478
0.158673420548
0.0
4.18460148852
4.51048002567
2.36525251833
1.57016443333
2.25170840567
3.03229083191
5.51030783087
5.29939989955
0.236099819653
0.0210418046918
0.0
1.710265378
1.15354922088
2.52624731883
3.66541093274
4.0362165058
3.60894552199
0.408727850183
1.85314249247
0.192893087864
0.113777391613
0.0
0.0
1.27684538811
9.44326946884
3.16344689927
2.67127436667
4.85617854213
3.52580771036
2.22827038355
1.42831596517
0.0813021911308
0.326118709985
1.27820600197
1.18874252122
0.0236581619829
3.54378224676
2.41270081454
7.49671170441
4.62827751366
2.69206226495
2.82392369024
0.14721660316
0
0
