0.0
0.0
1.61061501503
33.6315684691
20.1016507074
52.7742290328
40.3166626375
29.0924130007
41.0392770096
31.1733473261
23.686144352
0.0
0.0250917999074
23.46149683
16.7478075922
81.4800762086
72.7323142877
24.601212468
33.9030407498
88.2832780481
50.927066736
24.6690364927
52.0621764847
0.469730403274
1.19730886817
0.0
8.40258407033
12.3409175724
29.1711821146
8.99383175746
30.8343835013
67.6395104974
100.38191358
66.5145122352
6.94443672895
5.66928608714
5.00553882122
0.0
7.22836651001
180.671498716
37.9020144938
134.120971257
38.680402547
80.6627405695
168.358839464
16.614341408
31.5506646917
1.82932747901
0.0
1.10411569476
9.80415605753
41.891203992
52.2126626513
149.911848491
125.818708364
85.1776515115
41.1468611508
98.0861022658
143.766371459
2.41112646461
430.160146896
93.133403778
0.0
100.43767684
84.3376348279
51.3601285591
77.3932825104
34.7931031342
37.7673125323
57.8690900712
28.093423285
24.2735625655
5.64897750132
1.10194168612
9.79062384367
83.2860689304
98.9942875123
44.000788548
118.436280845
70.2152081206
97.4563885094
89.858961817
207.72014565
33.235718675
32.0894737133
0.0
75.2034389712
41.9259804833
59.7617303011
100.058849533
172.771751971
60.2545529009
68.6497209958
34.4243180066
206.927599356
33.0771059738
1.82354982756
0.0
50.7842608541
158.520322446
59.430371873
75.9662338654
40.9279391952
178.166549088
80.6767695787
109.409802228
46.3132612613
44.7258709073
140.304155365
0.0608970802277
29.5745508475
89.7918675151
55.3638931308
90.3500855556
23.8258423917
61.0618854538
68.7185057626
178.659933127
135.541103559
49.8212149366
27.4160729683
27.5803759397
26.6605216675
71.5989721118
33.7416291946
60.6768036168
9.25193938426
88.9326712937
46.856271498
119.671945095
173.615514502
15.584580766
10.9537906498
0.0
32.2016299591
85.9742073566
104.645392634
47.7383584454
69.9431338459
26.7824411318
105.335290656
79.2313906056
127.934698518
85.0569978206
59.4555945396
17.6151067168
19.6929808818
149.59591417
80.7056068265
157.013137526
85.8693498931
87.7184686102
72.8124426977
229.309698567
105.177607689
4.30171854794
2.58538323641
0.0
4.95527493953
134.284457915
99.1447720529
62.0792562458
51.9259352702
50.8819435872
70.4434532338
134.082458407
147.978813521
26.2507293821
3.28045671434
2.31871140003
69.4900124074
0.888443655605
42.1962076687
68.5112366585
63.5699419678
81.9361033848
9.500729559
58.7486016698
9.74591718614
2.0111759305
0.0
0.0
201.892700046
213.349813409
85.8570115642
95.3306890027
106.928210959
92.9940770009
57.1561563538
36.8051432669
1.93329852819
1.41602097731
33.5756656229
34.5812435522
16.7595995553
63.497640498
22.8428227119
121.719457878
112.86053573
53.4860128966
91.7091264278
5.14643579162
288.409999999
1010.46
106.06
0.619999999999
0
0
0
0
0
0
0
0
0
0
