0
0
0.0
0.811174118891
0.504506743513
2.06016278884
2.17536507524
1.00496210565
1.2328443916
0.613501025597
0.520203891443
0.0
0.0296063969145
0.0126230726019
0.348058073316
3.63812731393
3.75633860438
1.23326370836
1.27166939538
1.01909598289
1.79636564571
1.14011410717
3.68556823162
0.682573436294
0.0
0.213208496571
0.00850835442543
0.790778238326
1.05350367783
0.599043483962
1.69945853064
1.8903224878
3.95705112279
3.41499638604
0.0400101857958
0.833189815283
0.339215559885
0.0
0.382196769118
5.81978486059
1.42521882011
4.88067929726
0.329643395264
2.37357387552
5.80793328863
0.592068531667
1.44764946774
0.0
0.430575139821
0.165152549744
0.414687841199
1.86353505217
3.09711195499
6.91125140246
5.81099802908
5.74720878561
1.39531237271
3.45071238274
4.62062194594
0.0361921479926
1.00540047511
7.40882486105
0.158299282193
3.28122396767
2.67119802162
3.1097245519
5.51467645017
0.773417149205
2.03546682303
2.4612643224
2.6825363813
1.65430502547
0.0140540888533
0.00363488774747
0.400227470323
5.43752933666
3.74871409428
2.37190381123
4.66499853181
3.02417191537
3.23987472954
3.52968070423
5.39791145641
0.402569451602
0.740705769509
0.0
0.983066895977
0.933754610829
3.04816258652
4.98128427728
4.86446684785
4.58951791818
2.79065132188
1.38769397046
9.91206610249
0.797789208591
0.153937098105
0.0891715139151
1.95269937749
6.65266479552
3.3523553214
3.97931799351
2.8668405395
3.96466008632
2.50800787809
4.62838459294
1.58100885665
1.64013235644
1.64658562653
0.00655628507957
0.51725596888
4.70906231948
2.17871403252
3.47739576967
1.90755636897
2.63932728127
3.54940396536
8.08048731624
6.768707952
1.93657801766
3.53701236844
1.28082514694
0.951718008611
3.69989170483
0.747553371242
4.84578884812
0.997447077185
3.73307874566
1.95322198595
5.79744057264
7.4775386377
1.10970759857
0.502432935173
0.0
0.800378685701
6.4424399226
3.23984178016
3.22177234013
1.86684111645
1.54748817603
2.86323761637
3.56393076421
4.72635348304
2.32659545541
0.58236899972
0.49087365577
0.376215353608
5.84105235292
3.40741631621
3.9338884342
3.78369777557
3.46223838814
3.61297123879
8.62775598047
4.27013204433
0.0886412747204
0.0
0.161470681429
0.0
5.52903314866
5.07803859375
2.51957162854
2.3104426756
1.9208158839
2.86027732166
4.7302252989
5.43314735871
0.453958565951
0.0683604702353
0.0
2.38574253907
0.0490481416055
1.97787913618
3.59293711185
2.68351588359
2.06162069761
0.678083941806
2.33570541861
0.218064154498
0.0
0.0
0.0
1.97345559299
3.18595310301
3.75618615933
3.44624144596
4.94406770263
3.57414465584
2.42552553257
2.24106873386
0.68050788343
0.73799014464
0.70465976838
0.558278296143
0.0679514110088
2.11020162422
1.08753447421
4.42145816796
3.36184631474
2.93032695129
2.71728034149
0.141628462821
0
0
