0
0
0.152245312929
0.730717317201
0.451977402205
2.20348737587
2.19003292371
0.973342232755
1.45712671569
0.778623378603
0.87910294137
0.0
0.0220264715608
0.73392239958
0.56016018521
3.62752335332
3.98196979915
1.39530176658
1.61114440672
1.14173962176
1.66410488822
1.25469489675
4.08876075526
0.79198359279
0.0
0.646401166916
0.0452767394017
0.782285552938
1.25357031031
0.618644848815
1.7674840719
2.18530783709
3.9375276803
3.12319151766
0.574265387841
0.34715411067
0.0647436846048
0.0
0.369119682815
5.65967945941
1.51967019128
5.06010925933
0.307109343004
2.59298102837
5.50411012291
0.525107428897
1.92830613256
0.00345311663114
0.0865236409009
0.164069652557
0.520406801719
1.44632679038
2.79870065482
7.79750763974
4.62157870363
5.30323427566
1.37044582749
3.93271192769
3.9560415484
0.0135338804685
0.051405813545
2.49950051308
0.00315104285255
3.41461549792
2.41503599519
3.49297211738
4.13196946774
0.57103923359
2.00474090595
1.84446656221
2.48477711249
1.64611424203
0.0
0.00210347771645
0.474959287676
6.01723161992
3.17068956583
2.14413342421
4.90639555268
2.9733894621
3.1556075759
3.67508410267
4.98509976012
0.476596411318
2.05436540581
0.0
1.02750696009
0.851361253066
3.06824224629
4.61656161654
4.64256378822
4.60216564848
2.82104860165
1.44168813596
8.15331577533
1.11562942062
1.00756963063
0.0605154000223
2.55672174273
6.03732725605
3.61744164303
4.037536341
3.36019333545
3.55652633845
2.54041306925
4.14006704494
1.64952457161
1.42861984018
1.78113643918
0.0
0.266289934982
4.78761049535
1.54209945537
3.43869270012
2.02694200934
2.38676785119
3.77783548064
8.16820675851
7.33170578955
2.01285883645
5.88586734934
0.789738707012
1.21194494935
3.40904260948
1.22586895339
4.32633162523
1.17722840502
3.58537090663
2.06770577666
5.24631862156
7.74512010068
1.49152650312
0.14214413939
0.0
0.84315280139
7.87978237402
3.29092218861
3.64288734365
2.01197955804
1.191675907
3.03612324782
3.93122018338
5.94880742137
1.46165181696
0.318003886845
0.261467240751
0.720707298722
6.71528250101
3.24980304483
4.00792135793
3.58250671416
3.0139136028
3.63187670475
8.60639684927
4.33837301098
0.0
0.0
0.121047301625
0.0
5.21022337442
5.17398492619
2.15125628852
2.02449931594
1.86936077185
2.41957746784
4.76308172732
5.70273523591
0.557469915599
0.0541000701487
0.0
1.60297238111
0.373526782263
1.6079924386
3.6926994347
4.37105225865
2.41898453701
0.776345869061
2.16305451794
0.417822850868
0.0
0.0
0.0
1.59062454104
3.76546517015
4.19498584606
3.0992979845
4.97020437242
3.68060230184
2.61259916774
2.57052321499
1.80326473992
0.740293202922
0.708051115274
0.359269410372
0.0550909675658
1.83717889898
1.31483580102
4.18466104567
3.26541162923
3.27438097168
3.06201001001
0.127475116402
0
0
