0.0
0.0
3.21926879882
31.3594643232
13.4745949879
56.1706505887
53.7504095993
23.9752656799
33.209317457
18.8121302985
17.0173527952
0.0
0.837367907167
17.2370531783
14.6311527081
80.1839805096
95.5527255089
35.2195095533
43.243874928
28.933014024
40.7294481845
30.3342077681
132.458958909
22.7571340464
0.0
14.6497630477
2.6386662377
21.3812933592
35.9726027618
14.1732243681
43.4037429058
55.1733447612
99.592817123
73.7002808657
25.1262652315
11.3857262135
1.61541675031
0.0
8.18653821946
130.352204517
36.016265382
112.709817004
20.865050979
63.9790339675
133.363944618
10.8115847334
52.7331671566
3.26521325112
3.86609204114
4.82559263707
14.2372192517
29.1275690496
65.9146150318
192.982505646
106.625329468
118.363686064
32.3090761313
94.1331759934
83.4032097403
0.574988231064
0.59735968709
197.33575058
12.1806308292
82.6111357658
58.179998137
82.7542785667
84.5844232644
11.7578542521
53.4854765832
41.4175758389
55.2279147379
25.5450200736
0.33570818603
0.0203223475255
12.0421407502
128.846155744
70.9709984064
49.6745316158
114.353076699
72.655635763
68.2586075273
86.5669014864
113.221927852
10.0558074676
44.4695523084
0.0
33.2473997623
24.7813844719
69.0445884838
115.574783955
121.13011086
124.90850202
64.9368432014
36.3609700409
203.853459385
18.3171070218
8.17797730118
1.17595481873
51.6579154954
144.898132279
86.6369437649
96.2261722627
84.850707516
81.5824930966
60.7563446815
97.028999202
42.3371275886
38.5761318002
16.4326346107
0.0
37.5604511741
93.6793703119
37.573989655
89.3613913805
51.0457114409
45.7931941013
87.1474686451
189.206257195
170.439392271
22.2207633331
137.909824859
13.0692000166
23.3466239031
66.7655918878
25.3408593425
103.807437032
37.0177330356
84.3124883026
47.3979678377
120.144896463
177.474103242
33.8979801034
6.44629677012
0.0
22.5900218328
199.00736385
80.7772032917
92.9978976288
43.127655577
28.4343612269
68.8056032136
93.7338425796
145.474686929
27.5718929618
20.3044352084
4.93518005311
14.1854288354
164.301969744
80.7690473563
106.158169858
89.0950812958
75.7987202815
92.3782913311
191.502988994
94.3283121698
1.36271756887
0.0
1.92453726707
0.0
122.1118294
132.773174923
44.0613855386
42.7822496659
42.3229098413
57.4911198941
103.460766507
143.849948376
16.3078835355
0.0
0.0
35.0671296886
11.9103464149
59.9285405875
88.8232532311
42.0983409137
66.4116833712
17.2123001721
53.0127103663
11.3859537542
0.0
0.0
0.0
33.1439874173
65.8870659024
94.1478355006
63.9488096292
108.216523536
95.0123042798
60.1059787274
62.2270220254
37.0976658314
18.0620054752
15.7732708454
0.0161204966717
2.41803735494
43.9760994314
27.7126603927
107.304270789
74.3306556679
76.091666311
77.6290951968
2.60559993982
25.3399999999
54.4000000001
0.42
1.58
0
0
0
0
0
0
0
0
0
0
