0
0
0.0
1.322968252
0.544108080154
2.93529272976
2.38425045833
1.20635232446
1.25053509884
1.36120094825
0.596748795942
0.0
0.0205013244413
0.0
0.353595834691
3.46028416418
3.33754153503
1.33049117844
1.2511998869
1.44695154158
1.89526114753
1.20604254911
4.59612467606
0.0129650468007
0.0
0.0541705675423
0.0630879509263
0.924645998515
1.04264657293
0.760984521243
1.80954123917
2.02677196357
4.14532588981
3.22668430069
0.0576878072461
0.429670378566
0.143153700046
0.0
0.52875033766
5.97508351278
1.29374721504
4.77818394173
0.519831050886
2.3294502903
5.9657867304
0.504077158344
1.36138664419
0.0
0.0555747523904
0.0884291231632
0.290130598936
1.77987076715
2.8420709304
5.97618528269
6.53901139298
5.89266729727
1.33772348636
3.06085699273
3.12550309172
0.0
2.53373685945
0.269887596369
0.201009958982
3.88717533182
3.11107147019
2.84985834052
5.65180790727
0.915543369949
2.05671107955
2.33076379151
2.23842500988
2.75395188108
0.0173630195204
0.00485178176314
0.349558641668
3.096524728
3.94747263659
2.17297923064
4.41021316778
3.08445858746
3.14891119534
2.8763628687
5.98217694089
0.353416764876
1.13880931283
0.0
1.45040547196
0.85476851929
3.64769054414
4.83860944584
4.43811090651
4.3561223268
2.5471325746
1.58922194457
9.86775314563
0.727125120466
0.0917854113504
0.169620662928
1.87261471804
7.47233097814
3.33976301248
3.76427427283
2.85275849258
4.73544397159
2.72278806241
4.91899406351
1.43179316411
1.53542394936
0.506615357473
0.0
0.392607976915
4.17249040469
2.15615158016
3.80867013638
1.44104242598
2.66915898933
3.50110381062
7.53036529198
6.7268204859
1.83033170132
2.606984457
1.02841553558
1.14033391932
3.57895876374
0.748091776506
4.5003620307
0.543178364867
3.55439392431
1.98536261509
5.59080173972
6.66500002891
0.38873831043
0.290577407461
0.0
0.756393835414
6.07887368836
2.95220712567
2.99931084341
1.71222964884
1.90480081155
3.83888441161
3.68090212252
5.18118766695
1.0459837541
5.00486552715
0.195788730402
0.435893627815
5.54350147815
3.88877008157
4.4384599796
4.08824329101
3.6614291952
3.36934319464
8.28336095018
4.24434441188
0.0
0.0
0.4431758672
0.0
5.02516594343
4.45049932157
2.7983373914
2.40204202419
2.02475205809
2.50657607219
5.05362441231
5.86850427039
0.284984909464
0.144029930234
0.0
2.67164667975
0.50385216275
2.52930881546
3.39491044916
4.55223517609
1.85990795214
0.555473042186
2.31977028004
0.250026139431
0.131214544177
0.0
0.0
0.600584633648
3.99653474428
3.48153379187
3.33904526127
4.8099928149
3.45346441166
2.5026165297
1.73411575053
0.545447349548
0.199266120791
0.518330698833
0.534120380878
0.0456275083125
2.51600135863
1.66215590201
5.5222137915
3.47855555487
3.62838198082
2.33388370438
0.188878308982
0
0
