0.0
0.0
0.0
21.9846982062
10.2530866102
56.5483236461
52.7365696589
29.3640928622
25.9804504886
18.1075265352
9.95921168429
0.0
0.708151079714
0.0
7.39545211382
82.8924386947
82.7253255732
30.9793049741
33.0698411911
32.5392024816
42.6086316482
29.5702818185
71.9375800565
0.267223678529
0.0
3.0696104765
0.136603622697
19.3022428751
28.6895667929
18.2713479437
40.662220655
50.8451682665
98.7677657158
80.3194601722
2.06863497756
9.88204479218
1.76101881266
0.0
9.23030843028
158.687799901
35.4121951013
116.157073853
7.45335854218
60.1569658373
137.589493152
12.5372637492
35.2685932517
0.0
1.40399372578
0.808492630721
8.4034247473
43.4048727751
75.5408427324
154.272161633
146.795382198
137.734012325
32.4699822581
77.8605496706
93.4763325252
0.398056380451
59.8502464817
57.3319859506
3.17504918575
86.5866213442
68.2088846834
68.0353212458
136.950906828
17.8820004612
46.8919429752
58.8816287261
38.7299351664
55.6530824191
0.727543802933
0.0769219323994
10.1075942516
105.935554197
95.778501805
51.9373573234
107.88060607
71.5780851274
84.4465595539
75.103823177
98.685381895
8.11921703071
25.2840644717
0.0
34.3810948524
23.6844341699
73.3448812589
119.725065974
112.372842969
106.529886343
64.2982280748
35.808269958
266.233184501
17.0187098058
4.14933564329
1.49370539188
48.4713745584
171.806273952
82.879560018
88.7078557174
68.4898934102
103.394827302
60.6151558954
115.694613263
35.2566120084
33.611679241
7.66125941278
0.0
6.89178974369
107.45624319
54.8178791386
80.8381912205
40.9107397366
66.7682978861
82.3751313156
189.683276296
173.083359534
21.3839203119
93.0481511057
17.4335578233
25.263551225
95.2988858969
15.4732973278
108.68408506
16.8605162431
89.6262551342
48.6331151734
133.845846011
175.54068312
19.5474306978
5.35711848737
0.0
18.8387528798
146.295427099
72.2270741779
77.0828557368
39.9097224734
41.2230194136
83.2161788642
80.2756238467
136.35975627
36.4445095361
93.4298475982
8.97382159531
16.8999126479
143.243281826
87.9352321812
100.37942644
99.1338928901
85.4700986669
85.028043095
203.946322225
94.5120687055
0.0
0.0
3.46022236346
0.0
115.822678803
116.738382742
60.5521213627
54.9840922462
53.3504042839
67.1525087244
118.954648975
134.811534751
11.762324064
3.38475036622
0.0
82.3710654974
2.2947085239
50.862549618
89.0273119212
95.9620012286
48.2015257346
14.6580290236
53.1792442342
6.87682081013
2.99918979406
0.0
0.0
21.4646735787
84.9782155752
84.289640017
72.7116066646
122.131873026
78.2867169986
57.503456477
53.2319920733
15.5477598533
15.3470206261
16.3744095471
13.3830093518
1.42707288265
50.5863919258
29.5815261641
121.052360773
85.3877786045
71.1884247079
65.3405846678
3.83462963998
24.1300000001
93.8800000001
0.66
2.71000000001
0
0
0
0
0
0
0
0
0
0
