0
0
0.0
1.40995189827
0.782839730848
2.19692427362
1.80150309764
1.20338412351
1.58974792436
1.36054194579
1.11152208596
0.0
0.00104542123154
0.99590408802
0.56561268121
3.78340519965
3.06959948991
1.08840162796
0.776923734462
3.70495380042
2.06630382547
1.47005933104
2.62599882646
0.0169964972883
0.0439575053751
0.0
0.32874599169
0.721656799316
1.08969858685
0.305394169409
1.588902516
2.77114315354
4.27435423154
2.73756427364
0.572670935886
0.30119400844
0.215443067253
0.0
0.266951815691
7.8899346292
1.66857486032
5.47486623662
2.06151272636
3.49920366728
7.15880606533
0.606723710836
1.86928105913
0.0356147596613
0.0
0.0168154984713
0.627445299178
1.58906886727
2.29480262031
6.23589621321
5.66113849811
4.07928266376
1.64519960631
3.83286328427
3.60517437104
0.0929572787136
9.76619109279
1.35217308998
0.0596439018846
4.57479059789
3.52254727855
2.34993525501
3.39777562744
1.51582466532
1.70627139346
2.23716989357
0.768488904811
1.00130153541
0.0343965701759
0.0360377725447
0.400514613837
3.9969163778
3.98478556518
1.81696402567
5.21628937754
2.94590388471
3.75147503871
3.51685956167
7.8876578724
1.32329726266
1.65080853924
0.0
2.9758832613
1.84676059592
2.34634343907
4.16678149172
6.84071259142
2.30738878157
2.93367504003
1.43626868766
8.9285373576
2.04091499571
0.0426530828699
0.0443990379572
2.55994414631
6.58268090803
2.54070724867
3.4152056427
1.86144200107
9.5406346391
3.37547713815
4.51248974164
2.36380553339
1.77254648879
5.1008789055
0.0195373021998
1.71297795547
3.65997097763
2.2992133412
4.11582577997
1.06647141697
2.8734985136
3.0432278167
8.00331475306
5.94925201114
2.32431023347
1.11251914222
0.97277871985
1.03942883248
3.54312217282
1.56160326162
2.80049563269
0.405335060554
3.73274612892
1.95310948417
5.29218768864
8.0997283007
0.71658484533
0.459955174476
0.0
1.45367068984
4.08151320531
4.25237764046
2.08695977414
2.81257528078
1.24392465129
4.56690933066
3.24335420167
5.6186164394
1.445140959
2.61301133037
0.516853958368
0.398149298504
6.61076640233
3.57760534319
6.77577529417
3.66495391855
3.83893124899
2.85746357404
9.0208971817
4.51391960587
0.33549573645
0.0812587067485
0.0
0.20199431479
5.85004693456
4.38126872201
2.20173826563
2.41628149105
2.09085607762
3.06032142462
5.65099012479
6.03636095102
0.83797035506
0.243902511895
0.109355352819
2.85379687149
1.50558475289
1.807245526
3.11451858527
4.28132066876
3.51522962004
0.429576612078
2.26942802966
0.295144975185
0.0968788042665
0.0
0.0
7.66948184371
8.42304824525
3.75293947861
3.78615251335
4.67185080703
3.7790461285
2.4835513985
1.45111153275
0.177122730762
0.118864300079
1.24773277715
1.18869296648
0.649620888755
3.47934807837
0.796347761527
4.6076022177
4.78956552246
2.04468524014
3.39843865857
0.192522818688
0
0
