0
0
0.0
0.86875002645
0.737849458004
3.2929179421
2.15424675395
0.835034920718
1.32890679734
1.59779599938
0.48682431411
0.0
0.0108435009606
0.0
0.32335014455
5.07022379711
3.22338229115
1.46589258139
1.55080576148
2.46010475559
2.02994314581
1.83021391835
4.66192429187
0.0234754187986
0.0
0.467928148806
0.405107832514
1.38921037863
1.04069570155
0.369152126485
1.6034143935
2.16970968107
4.3002778606
3.18291268707
0.593769112602
0.816347604617
0.193880975246
0.0
0.536241959955
5.56082359608
1.6240245942
5.54724410799
0.517310558353
2.56461201538
6.46117601404
0.595501877775
1.02909706905
0.735425404739
0.0
0.0190023779869
0.412311336491
1.68848469947
2.53796517791
5.57392327627
6.04769406794
6.44513430353
1.51689827978
3.39352323208
6.04415335669
0.0540919750929
4.36802627333
0.0732508525252
0.0
3.35977539606
2.86345048831
2.6145092058
4.18340382632
1.22891097027
2.15240326431
1.82808003109
3.07635907142
2.00623832271
0.306334550492
0.00793263339438
0.0717038979055
3.23596483935
4.36706433207
2.04583525879
4.03895547392
2.86111533979
3.26436854625
3.31546582188
4.00636315002
0.765834477264
8.18331128266
0.0
0.835723393597
0.919364142814
3.46051202179
4.3708194592
6.10328445956
3.73110609129
2.49452864006
1.92850597878
8.10479007149
1.0913946107
0.0135824885219
0.0894385799766
2.41073920252
5.97213048767
2.98641625792
3.61676676857
3.23088489904
9.14443190402
2.73760998633
5.23397595994
1.53560284572
1.74129413441
3.68831292726
0.0
0.629495842382
3.70825685933
2.10528862994
3.84280243714
1.24446187331
3.38489575288
3.61424583266
8.15375085454
5.60166866181
1.8827511007
2.6080125547
1.52206140757
1.1779871271
3.14104043809
1.39416828798
3.50824304204
0.601723960601
3.80607569078
1.86915728473
5.97970104916
5.51311575808
1.4960637578
10.8322372586
0.0
0.860323020606
6.42776445439
3.49621655792
3.03484669863
2.30803779163
1.9946021405
3.76844473527
3.37898321752
6.12025030924
0.662173021585
0.643574535847
0.467706565745
0.758721779101
5.63490799442
4.54915549478
5.43230630853
4.19383098837
3.33567445865
2.99421204382
8.42762109172
4.49279321171
0.0
0.00756425503641
0.146203134209
0.0
4.11049829726
4.28653755039
2.43993161479
1.6386846205
2.39954674768
3.00982043426
5.17754646495
5.73064582725
0.213520985562
0.0497101800283
0.0277098547667
1.53013778222
0.753227151434
2.51350174018
3.93909385311
6.18710618082
3.22673212283
0.377899018116
1.71729029226
0.25698229298
0.11792049557
0.0
0.0
0.840312160552
9.15089878277
2.88346107991
3.07271720795
5.06971861608
3.55022296635
2.39182815142
1.46061609685
0.0938154384494
0.277758940589
1.12074520625
1.22489333153
0.0149449910969
3.17095695809
2.28343076399
7.02687298134
4.53979759011
3.01189251198
2.77392715029
0.15404118225
0
0
