0
0
1.08563956618
33.2005425542
20.1995075662
50.6036491308
43.1937221177
30.1313804928
41.2529969494
35.3384249714
21.7139479313
0.0
0.0408611744642
22.1070957184
17.9869934712
91.6626438907
72.1074873343
24.2981868367
33.2811639235
87.1500861794
44.1485304461
29.9557698089
54.2440982983
0.470483154058
0.954081416131
0.505382671951
10.0262268037
15.9078710228
28.4192038039
8.44091524836
30.0683150184
67.4966149853
102.987271249
75.7255590967
1.10804416984
7.00802394749
2.74617053568
0.0
7.3964226041
174.446287975
35.1334136614
130.187541797
36.6547487453
85.2498685978
165.966003455
16.2303611766
26.664915007
1.51480261981
0.0
1.25149275362
10.7361680567
48.3124989979
57.0619075186
144.054844009
124.31065719
78.7834446626
40.7356040887
94.5514031443
126.770820673
2.18654966354
249.030507379
33.9593095778
0.0
97.7716251835
84.9224202521
48.1477094069
75.6128732263
39.9202682098
36.7903424633
43.6453635245
19.570057329
16.4904001057
6.07808822393
1.15808934532
8.03704625554
75.3244157954
90.1714163153
37.737213755
120.925403764
76.2554012686
88.9093504306
91.0476578995
220.418776824
33.001076281
27.3052374199
0.0
55.6690537334
40.0247816964
59.808485197
105.135157373
188.601548583
65.3540755548
69.6476050502
33.9974468071
205.689012252
41.7447957974
2.9789970126
1.4859212637
49.3589408398
162.385405049
61.1966821925
77.0566309634
39.1538355053
180.186369639
81.2826828619
104.043370429
43.4235261962
45.6289868652
146.973834783
0.0
28.6255399267
79.0580867153
51.1009957474
86.5520021254
20.0331793651
64.1493450701
72.1169228945
179.145110465
144.469330268
75.7359976397
27.1803478058
34.7578668595
38.2453831361
74.1831675098
30.6616665758
70.1642963402
8.62600868381
90.9723479134
46.1387873897
119.834431529
165.58236368
17.7665231936
11.2057539895
0.0
27.7922246642
76.1633343547
102.511625871
57.4040229768
63.0805904568
27.0075772853
109.275000293
74.2480740036
117.254568547
40.4896520376
60.261895895
19.2716328353
17.3647904098
135.608590029
84.3319198229
146.295455382
83.2071674746
91.1838849931
70.9616977126
216.441231653
97.2022598182
8.84953701497
2.92476028205
0.0
6.38761782646
123.146773495
92.1207956671
53.3791769045
53.2547458253
50.5910675861
73.4224418587
139.075780559
137.942696971
15.9187062979
1.84814420342
2.38223665953
69.3335137987
11.2268978516
29.3382810986
59.1383261681
74.6787385018
69.1030794826
9.34359013661
67.1667776678
5.56298661233
6.34623545407
