0.0
0.0
0.0
47.909777239
17.0045066569
59.6111069914
45.230873407
18.0385100869
29.2537303716
55.3711091839
6.21194564179
0.0
0.0250923698767
0.0
10.1854999959
119.347392619
68.6203054637
29.2895725798
24.5465904689
84.0780556212
51.4770185352
31.5777578539
67.612829011
0.309090988711
0.0
14.6815810204
7.4218552038
27.5834061667
25.3671020753
11.8027073471
41.6502046315
63.3383008092
120.102078393
64.895547174
3.40805882402
3.60628420114
15.5354241058
0.0
9.94782987422
205.506419063
36.4252434521
116.303765334
45.0007941238
63.8184630665
162.878354704
14.1913324962
49.6800216883
2.94660044834
0.0
0.212497338653
20.2528605536
35.1940325462
52.7458886729
137.331813615
149.477182274
113.563440638
39.0895123306
89.3470020667
108.642705526
2.76313787698
253.336449634
87.8941154479
8.34297251702
101.618808727
83.868961081
49.0702473967
92.1882993468
29.1239269898
44.2764228838
41.9621077738
29.3331673346
28.6016213894
0.498011648654
0.15065588057
4.24311536551
104.083514884
95.3670486775
49.3419628814
120.936652176
69.5633158051
89.5122353258
102.137735832
148.437176925
29.9589189458
31.9800931738
0.0
70.9221618175
46.0722599784
69.6857450232
93.1193192009
144.475940824
63.6746634626
61.9201792404
39.90087849
247.472089022
62.1834281702
0.235493972898
3.54228365422
55.9368918502
177.886211869
67.3343428764
85.2927415325
52.1196406279
272.709071455
72.3687999425
108.318442628
36.8154192007
40.8760921956
30.9339061082
0.0
27.3471439853
118.790936178
60.3677886492
99.3689578603
31.2134925854
81.1606009248
83.9057986178
190.253026128
155.91865658
47.0119975637
41.0463780463
44.2361889482
29.3297860176
114.369641818
40.0189360735
80.1884376706
9.8281903267
98.8710475853
42.6252215621
128.201718248
200.597088821
49.499485217
6.55598634482
0.0
24.1328177546
135.30473911
90.4165551094
59.0418543499
60.3571768049
36.5122944118
95.3338838518
87.5023663157
126.481195349
44.1969938278
24.1086466313
9.09454742074
14.2644399405
175.961833432
93.9934823765
137.567309378
95.1353336424
86.3211639226
70.9864290626
206.011672553
108.764146775
4.30784927309
1.07156699896
0.0
0.0
147.357208438
115.048291298
67.868541833
45.5542087025
55.3052317445
76.8944332301
140.754206456
135.343916058
14.3856942672
2.77593424915
0.0
104.415727937
9.49242719635
62.4014641202
84.803774952
173.258327772
91.4577124742
6.9780080393
42.2024345398
4.19305631518
6.91661685706
