0.0
0.0
0.0
42.9248380066
17.0391197093
70.6784429093
54.262674089
17.5628090682
31.0030049422
38.3926595114
21.1111557959
0.0
0.574089646339
20.1248459816
6.77823927998
112.501374185
65.843116927
31.1309339906
27.619415017
55.5803000405
52.6350785047
41.7376294099
127.8394085
0.409080795943
0.0
9.930893898
6.39905154706
44.6099585184
22.2464156714
8.8179703122
43.0530780154
53.3798234818
109.856925845
69.839784301
19.5769823603
8.49224960803
20.651317656
0.0
9.86255254644
182.679024607
39.773065254
125.946336077
36.880399458
60.5430589188
152.262257349
12.2706633224
41.8601742298
3.2436733693
1.18027022481
0.284811012446
10.2232307754
33.6375466661
47.2409116618
132.813382551
150.094367512
144.165396608
39.1545431335
92.3658300341
138.023604592
2.55370578914
101.884605607
53.6455968283
34.6561832429
88.4506879001
82.6658913161
45.9622639978
97.5408823752
33.3022547028
42.592280557
42.1248976608
58.944740299
34.0666920617
1.53141950257
0.0615409445018
1.83925661445
99.597259434
102.140114151
42.6668108669
113.499645056
64.487128769
84.9466558754
78.7639836156
153.308276676
25.7320958208
30.5264202878
0.0
44.2246899158
30.5149080149
71.2333394141
96.6559577287
147.932931215
84.5341673122
62.7938954047
39.795548262
201.941581137
47.270146843
0.197539363056
1.46422863006
59.201010774
145.36342969
68.6966165006
81.9751349856
70.419414047
270.213752861
64.8932783213
118.689339437
39.506750945
45.3469791972
110.813693762
1.11105912924
20.570173122
100.500647527
51.6386394036
96.7806318384
33.1167302839
84.7635132317
87.6832550671
194.597390212
150.981097341
53.3506806941
41.7451628297
44.8480001316
18.5187323391
95.2495187446
33.6968040768
83.6950244923
10.7426398359
92.7161824889
44.7237469637
136.96463182
164.12674237
37.3920227141
6.78618611767
0.0
12.821938606
141.550334349
90.118069075
67.8734984016
53.314732157
41.3464650718
95.4540319963
88.753293707
100.225893259
21.5683797151
13.8412302732
9.45935994386
24.2467915714
168.10114044
105.854599999
137.381165676
108.38861501
80.2627079263
66.4899014645
196.722099021
108.074605688
2.04742223024
0.512475505471
0.0
0.0
115.951732066
110.808050886
70.4533883705
42.3719383954
63.2698584794
73.1582305217
145.803674064
122.865286555
13.4667106569
0.466345041991
0.0
40.2517516762
32.4464941397
57.3525000048
84.9344459726
99.8385232296
95.6896001995
9.96556886611
43.0497663617
4.95464524627
5.12840294837
0.0
0.0
51.3082934618
251.957085773
80.5912454947
69.6911478302
101.560021698
86.0032006838
53.1990777701
37.3488058447
6.20005743206
8.39750760979
20.3397436068
37.5010729507
0.914835445584
70.1336300076
56.692371307
180.638778984
116.74589904
68.6860003284
74.6216374039
5.24168448151
185.01
449.080000001
12.48
0.33
0
0
0
0
0
0
0
0
0
0
