0.0
0.0
4.53240680695
44.9407244995
17.9305335917
62.0012601502
45.3924438386
25.4972418732
29.6179229134
60.347996531
15.0429421328
0.0
0.0250911796466
31.4541463853
11.578609854
112.310017705
69.456999041
31.8825188354
21.5989647713
85.4908679417
50.5101808682
35.6601076908
68.9361567312
0.317491717637
0.430538490415
12.7798662186
5.7967781201
26.2091837861
27.1982773618
10.9619828593
40.371788987
66.298003368
103.638807759
63.0978617928
14.142023854
7.4189992547
11.1146089286
0.0
10.8487528581
205.322762534
36.0012343526
129.475905432
47.0549737214
68.4306978005
169.869701791
15.0753830499
41.6089461298
2.80626303703
1.12346515059
0.392775982618
16.412326768
37.9353682102
59.2361997775
151.967772246
144.252916753
111.214784408
43.4271817356
88.6843217052
88.4446100369
2.62993254886
405.424457966
84.009344101
17.6041123867
103.911445811
80.5538805127
50.9704534673
95.0140499174
25.391633682
44.1924360912
52.8711247471
44.9926230199
26.4598717913
7.42319234926
0.742269868032
7.57963736729
110.762070671
97.0897366879
50.4308821968
115.27098725
70.3804502366
86.1764195244
111.268155246
151.527471
31.7835827227
41.0661961063
7.30495405198
76.5306614906
51.6077089584
67.2513462547
94.3450665703
143.245491922
54.9080787151
65.2782375814
36.8543002819
248.86338468
63.2199852518
0.189483962953
3.1094098091
61.840041954
185.655239912
64.0434815772
83.2290392726
50.9315412696
253.368263354
77.8920930634
110.616227949
39.8040946294
38.3850087226
37.1212536022
0.0
34.825137265
112.609493924
65.5226380416
103.120177628
29.4744859637
75.8299489114
78.564297323
193.22315583
153.370035382
35.3401583321
23.874284327
44.8187724353
26.9901384674
96.854103282
37.5186560796
76.5100602732
8.15170316398
98.9657090306
46.7903489275
123.176980242
190.67882558
40.589757342
9.76929633691
0.0
34.3881344832
119.753311716
94.076232791
55.2699365338
63.9793012663
31.783019051
100.404196154
82.3590092194
119.469566166
60.2619085908
97.5890356013
18.65148063
13.0499888286
181.086632721
91.3979161908
149.726265024
95.9682097826
84.4319089874
73.2333774715
205.252928412
114.59291266
5.29287698866
1.67159628868
0.0
4.46840178967
157.403628655
114.926569199
66.0605377145
50.4461521358
58.3334999002
73.6208373941
141.187721617
146.746511383
16.7204733789
3.16863361001
0.0
66.1891057603
38.7432670788
52.1792310365
86.6027155202
174.68910687
82.2136143017
7.16295901313
47.8399794101
4.37519055605
5.43293175101
