0.0
0.0
0.0
39.7572242618
13.7985504256
73.6085513681
55.4300140786
30.2066908591
33.2244589236
29.3923176528
21.873204927
0.0
0.290645286442
23.5419722255
10.0524748229
101.294787392
78.5099773406
31.7097372533
34.6008736118
40.5461801849
46.5490017682
30.9666532202
84.5411740356
0.365229718387
0.0
6.57575136422
1.41715513542
24.5784426691
26.7224842802
18.3664383581
41.0561445672
48.3779658024
98.17120968
75.1662006538
3.5914879907
8.25038981438
3.08632223681
0.0
9.77392816543
131.740490735
33.8753555969
114.511796393
13.4025469534
58.4903831254
153.96918303
11.5402620623
35.3559235073
18.8623080254
2.50578045845
0.546541169285
9.20861460641
44.9863099606
67.9152776208
146.20281696
147.751042723
157.638813749
31.9884459749
79.8196204306
99.486675186
0.362383391707
66.5936173798
16.8895726204
0.0
93.8716963829
71.6023521199
65.8837808614
127.187438473
25.4161000774
49.4306620025
54.4228282766
51.1640841142
47.9600128848
0.736183941365
0.111591853201
5.95715448259
66.3259846169
103.501418183
50.271148176
103.353534152
73.3245826418
78.7795484998
73.1256349236
142.831608217
9.22658810578
28.4919690302
0.0
28.2052890098
19.1220622924
85.9604856502
104.790356127
115.847213499
96.6914994233
62.258690599
39.6335781254
222.579446353
9.8483024491
1.93269479647
2.49227982758
37.7121598915
165.469007358
83.5908631013
85.7689949815
78.7764032213
124.884160398
57.334011756
118.046583214
34.0396248149
42.1357712746
11.2030618479
0.0
9.73515248671
88.168702092
54.5189479104
86.4297522576
33.1027222421
68.9997820202
81.5399123131
175.473367251
148.259469512
58.9101542719
40.4607664793
23.4348787107
29.0343384593
94.6774576754
18.5239549633
113.271562477
11.4392535025
85.4462721125
46.9847058523
130.810592908
161.605592988
27.3507849276
85.7825105822
0.0
13.4316199757
143.130180716
73.5506677217
68.2206519367
44.2713927458
47.0354409254
94.0716434726
92.8098745198
105.350949034
5.82361471654
193.925779581
5.31256502866
12.3941484466
138.078458615
102.488665151
109.892326199
102.119764555
86.9976733625
78.779225953
193.621141992
113.034915939
0.0
0.0
7.3348365426
0.0
110.662494756
99.5915776714
67.7947116048
61.0507670016
49.7074827365
61.450516669
127.455995166
135.887435406
3.82610106468
4.77007180452
0.0
58.4802891857
6.94902221114
63.321138192
117.044583377
85.6070513093
47.2982736043
10.9137534052
58.2500361466
5.74231253563
3.31489384174
0.0
0.0
10.5095324814
128.381457522
73.8133607806
79.6433881111
106.661103297
85.87713819
59.7796527408
42.0603280886
4.02931594848
7.70990514847
18.0773828532
9.62563991546
30.6640534848
82.8803138585
34.7687487826
135.649557989
88.4058561958
87.7389649438
59.7264674921
5.36595645547
36.8299999999
152.47
0.580000000001
1.01
0
0
0
0
0
0
0
0
0
0
