0
0
0.00151119276416
1.06352730095
0.482642898336
2.3157013437
2.70907588676
1.06340711168
1.3147842749
1.28111813334
0.395960305468
0.0
0.0105601784308
0.00831658113748
0.475857779384
2.14180954546
3.70364360977
1.26424942981
2.52252882789
1.07458462124
1.78922474198
1.94510987471
2.10490779544
0.020762745291
0.0
0.417714037001
0.244376557879
0.680257502594
0.969556948519
0.682736023329
2.25109340751
2.30595214944
4.63441824238
2.95131332125
2.02707605623
0.421983957291
0.200320235686
0.0
0.428212195635
4.77894105017
1.52824460389
4.42784288409
0.892944111489
2.82111748704
5.41728688404
0.612251051934
3.00453385198
0.267022609711
0.464172661304
0.0796987190843
0.915757093229
1.36496406607
2.14388893935
7.86108974274
3.17966177221
5.30152279511
1.47490093089
3.86945163208
4.01259387692
0.0159273939207
0.124069783138
6.70282781124
0.0060293385759
3.96753222495
3.11930127681
3.40161178948
3.25629738101
0.788936220924
1.94142069388
1.67160140048
2.55818870885
0.905947753694
0.0514778881334
0.0040082950145
0.480765011162
4.00695985742
3.00061343476
2.28308289289
3.33722184086
3.56511472899
2.22823387058
3.4818813068
3.38846771338
0.907633272
2.90208469963
0.0
0.812180405483
1.87782616518
3.11875307397
4.94638455263
3.36372837564
5.51850700611
2.28362660273
1.88102727931
9.24858887284
0.794101990759
0.587858579122
0.0
2.11290468951
4.73807000089
3.6187570726
4.80895037367
4.33269687369
3.12162084319
2.69725666568
3.81472232542
1.99843553099
1.79852361395
0.741381324711
0.0
2.8858661633
3.29683831194
0.965341652685
3.34032421769
2.2705950017
1.76133340364
3.70827621745
7.43653198297
6.02357360732
0.885197033407
6.81684375182
0.172115610447
0.884554182645
1.40540954593
1.19691618055
4.29773386847
1.37285314361
3.4291315577
2.05962438951
5.08667256869
5.88231520378
1.17595948558
0.425369616598
0.0
0.628617399139
7.31128783082
3.32484153844
4.34884837084
1.7527533765
0.909436594695
2.73761562724
4.02810960694
6.83141872054
0.964052825235
4.65048780944
0.190852455795
0.131960480241
6.28440135717
3.40074175078
3.92427345901
3.55984917493
3.37393017113
4.20654016663
7.85615882603
3.120016651
0.0106772527215
0.00673979334533
0.136209530756
0.0
4.77440082561
5.33390223142
2.15212136984
1.59320315544
1.84094236814
2.19233570248
4.23892200668
5.72727549449
0.560792878154
0.0
0.0
0.727260076092
0.758654732257
2.59028961137
3.97654265631
1.61699338397
4.04547887726
0.820785921649
2.16378034651
0.285105923191
0.0
0.0
0.0
0.239531237632
2.30579630658
4.01927426644
2.59248992195
3.40966360969
3.13662492204
2.46662896289
2.52897729445
1.27393672336
0.331844992936
0.338681485504
0.000608685135376
0.110826715827
1.97736877576
1.25975345098
4.00359000545
2.96354998602
2.67000749148
3.09958252913
0.0831722453004
0
0
