0
0
1.46420323849
27.616652526
9.19616183638
41.8543066867
34.0252936351
46.7280254234
24.798899129
42.2016701131
46.6509590177
0.0
0.055912764743
0.100643757731
9.93842846899
16.2969194502
97.1543710354
67.6660137847
47.0887146257
32.6310164966
46.9381292983
87.2482941533
68.5615284629
5.81431558728
0.0
4.64693355559
13.8643634152
24.3141509146
18.0686154119
48.1531839828
15.4285960095
45.1021804848
125.917027093
72.3835241803
20.4093530104
3.23111307622
6.58801701665
0.0
26.840360999
31.56234927
35.1230109259
90.682039895
23.4904130995
98.26582113
120.897693154
19.3922565468
75.0675742776
0.0
0.0
12.4951456189
34.159789212
16.5765394941
66.5624628542
123.168374562
38.727728573
144.290228929
44.5546086074
102.561569578
35.4950701018
0.815657325089
26.436967224
117.015185595
0.301452532411
58.7268813103
56.4159388392
57.7765225824
60.7253401502
26.9183468743
46.0140846334
27.2017680792
52.7605525051
17.1304167006
3.17464011535
1.40673431335
11.0899630263
40.6151040494
61.9258484299
50.714661425
37.6593643428
81.6798047014
46.94466996
92.1371131454
93.5032383269
21.7519336268
30.1445453503
0.0
53.8879147656
13.2568629663
37.5087965993
97.0919585153
117.321991911
57.7782272184
56.1907699183
40.8967845329
159.893650621
0.850992210209
5.12792528047
2.09474980831
34.4338700866
15.1641781703
66.3221005853
121.879062094
108.028870652
39.6172247472
45.345373494
89.0254591754
62.2149036079
21.5421475321
6.58218801766
0.543201752006
29.906698415
71.8211755212
22.054332504
81.1376872421
72.0584632884
72.4222619758
75.0382944233
185.271179125
104.13120346
64.6340846261
68.2637090386
25.9113889373
18.3618045654
27.3098683906
25.6283166557
110.523391105
28.7110262251
119.140265152
68.6763380059
75.248391984
140.564129775
55.8279885036
12.3251662329
0.0
70.2842881176
67.587972857
70.8687720614
90.783133824
57.107072046
32.7103952988
78.3225543761
102.310217613
114.793821601
23.4767156001
248.925848712
9.7393244952
1.5562536791
101.74716086
75.7626960994
102.503926562
55.3580107334
88.6499709799
84.4048598093
174.168362975
49.1565518976
4.20808850974
0.675816848875
3.55306354164
0.0
80.4337351788
123.802012967
39.032141802
59.4481771142
20.4282930717
26.625278623
105.348221014
134.965287566
10.8084456269
23.7856176496
12.3876614193
5.28608664242
0.0
56.0977161526
98.8319349737
49.1031073519
67.3931666818
18.9225325473
66.0065894318
29.492387771
2.58492144943
0.0
0.0
9.15889120102
95.271597594
79.3220251949
94.0536281393
73.6144160126
94.7595814279
76.5795422186
49.9929511697
3.04237056523
18.9009851217
55.4097070992
45.5651643276
1.60329709947
50.4102765732
27.0520010702
45.3217848391
38.7854045146
79.0814738609
47.2225397285
8.23949573189
0
0
