0.0
0.0
0.47746436298
54.473682739
11.2364736535
34.3556994322
34.1756320541
34.9806190654
15.932824647
18.5299920402
29.3920966694
0.0
0.232698351145
18.8766422868
16.4460803568
35.3501080423
66.3327850476
54.9340841105
60.8072434925
30.4667396285
31.9789570793
45.162716221
69.3540894761
1.01735405624
0.0
4.21071714163
1.40385469794
18.7247023545
26.4304056926
18.8227019906
40.7006923865
47.5998841524
130.178339079
81.5171376262
25.3938766318
14.4959666133
6.8864181228
0.0
15.8664250374
78.1303768157
63.5750821949
91.3124783383
8.42239888385
74.7536567376
90.3411286831
16.3033990189
85.1254746504
0.441608279942
2.67541319131
3.86402651666
28.2362349965
24.6622466705
56.6114341385
108.236674402
51.8861335697
168.660726769
37.9159601647
113.692453824
66.0284550302
0.224380709231
4.52015992999
0.0
0.0598113108427
59.4470624314
78.7934698015
30.5522863102
68.2642359809
33.0734399921
53.4230940091
30.041524373
32.9575749523
22.0680738017
6.5985919945
0.240361480973
13.5266453326
79.5115314648
64.457005062
59.9474180779
34.442926459
85.3954955489
54.7761933775
87.5064500669
71.9583504629
38.4159279247
42.1383360029
0.0
35.9143674554
46.6861829796
63.5706421193
111.320744219
112.352222437
45.6596285774
51.4693925177
35.5137483626
192.149870111
0.847908005119
0.0
0.0
47.2341330965
71.9719495027
87.2502271522
130.402958432
102.125089634
67.5908547341
50.9883649714
106.001688265
59.4839987726
18.9161592275
33.9696140885
23.6732110977
23.7465774659
131.33754284
10.1444656737
76.2865778021
61.726930037
54.4910786189
71.1066681706
187.553668119
110.699613702
52.0457709878
92.3189851642
6.81131060422
22.6769627379
39.2553766937
40.8185026087
100.081748329
16.1212347527
96.5634406618
52.6027198714
93.2145336425
144.133643386
56.0108494051
10.6933310665
0.0
33.7674070812
144.130999563
61.2649539559
105.943380264
48.9238500007
31.2671712936
77.103721764
108.456471969
102.18261876
25.6289289427
105.307121839
11.1211092621
4.3091734685
145.714937702
66.4741327102
116.775350941
92.5474268076
78.5945274197
92.3204493122
160.645054699
71.93570802
1.77755639143
0.0
10.0900992947
0.0
137.47023174
108.71674262
43.6663481278
35.4552466627
22.8587185722
35.9178399761
115.974108629
134.886367567
15.6043911483
2.52311253547
3.41030609609
31.3655198515
0.0583559665829
38.017848216
79.5532192793
38.4548283386
63.5094810202
20.9196436423
47.3440358789
46.0280695037
0.0
0.0
0.0
29.6414796934
56.0433521568
110.039356984
51.7247186014
66.2057330981
94.0452730246
55.1285528765
67.6272289306
2.96281635761
34.5228357017
46.7194338442
30.82092762
9.15350693465
31.626132667
35.1864657578
59.2210431173
48.1923241764
95.6876187734
52.7681344618
4.61624126136
61.1200000001
324.439999999
1.99
2.74999999999
0
0
0
0
0
0
0
0
0
0
