0
0
0.0363870449364
1.81013835734
0.492646841216
2.14315528003
1.56402790407
1.89903397131
0.684952439275
1.454270847
2.2171486062
0.0240788888186
0.0
0.373309606686
0.746896077297
0.603266460821
3.61436818028
2.02126493282
1.74788733246
1.06972951069
1.80892333062
2.52780042123
3.1844826173
0.206412514672
0.0
0.31561114639
0.0922836828977
1.06103767164
0.656691985321
1.85588111752
0.933299789205
2.07723034685
5.75300253928
2.91023245774
0.700556822121
0.335971981287
0.339494696818
0.0
1.16528033465
2.08533654734
1.67767436372
3.38043353031
0.633969782386
4.62620420754
4.56449316198
0.846512290998
3.2792257634
0.000598193146288
0.143822778016
0.577282100916
0.894773058593
0.903287361842
2.4450030867
4.63513806742
1.26316629228
7.39274984598
1.56750289095
4.40262828529
2.20001768926
0.573996402789
0.566040089354
1.97090510186
0.0
2.85382562689
2.45272942493
2.11348129634
1.94814946118
0.986515913042
2.05230010394
1.22221897024
2.6755719707
0.784346312983
0.0129179543583
0.0103636526037
0.36988597922
3.05295543279
2.79451954644
1.96216496703
1.83208968351
3.92810025241
1.91247215291
3.58474894299
3.67205741908
1.35202093481
1.31938663311
0.0
2.38158387062
0.728223754442
2.40370695689
3.90922864713
4.47855661111
2.48492376087
2.06897959567
1.58905449323
7.93335552141
0.0828486280516
0.014407236129
0.0
1.55498956348
0.917684551183
2.91394733835
5.43766954087
3.63842612668
2.16440528433
1.82374485722
3.61644055892
3.52188530471
0.695369135588
1.12500665989
0.0
3.38094588299
4.36305604037
0.797406747472
2.89957208245
3.31248304504
3.01736016152
3.07375834044
8.54245579196
4.78893467225
1.47480735462
4.14351111883
0.13871372072
0.836645567557
2.43917656061
1.22159538965
3.886974697
0.624048897065
5.10658701602
2.48915635521
3.15823794343
4.9859287974
2.34243195318
0.362562872469
0.00489898119122
0.176943332655
4.22416860517
2.31017057842
4.4612883518
2.47229875252
1.37068640441
3.36902549886
4.52524471655
4.77018472925
0.827894190792
0.0983860548586
0.275419481564
0.0342721380293
4.43145251158
2.93696724408
3.97889961256
2.73529660422
3.50161405944
3.47225211514
7.23112397827
2.22600163368
0.212501358939
0.0268218517303
0.524923083372
0.0
4.00948112691
4.61691265425
1.52364376304
1.81890760548
1.11165978061
1.41982848581
4.33284977137
5.44244692207
0.436270446982
0.98576945439
0.281043327413
0.899404104799
0.00652372417971
1.73336209951
4.18213910889
0.991247916594
2.86073923507
0.901631820714
2.59930103878
1.60046980157
0.0
0.0
0.125951170921
0.6244021249
2.45224461611
2.86564616626
3.28157556662
2.79722142965
3.60238744691
2.95002970472
2.30675801076
0.137650651392
0.0488272430957
1.87748729484
0.335687667131
1.19776852615
2.37904652162
1.05741271051
2.42583543621
2.20929593989
3.34485262679
2.41413666098
0.319539855234
0
0
