0.0
0.0
0.0305543309078
79.9606969356
23.1033801176
35.4078668794
39.911092152
23.6000018567
23.9029344991
17.6339525962
24.3558181906
0.0
1.9510260243
15.5234935284
15.6859036256
31.2181008161
74.6566559784
40.5010839924
57.7331423498
19.3058535559
38.2024908811
38.1905343029
64.6201971454
2.13010132313
0.0
7.91224908828
0.450473248958
22.3240915351
21.2684937017
30.0945642278
39.5423038937
51.4594066032
111.813520974
63.3639297703
5.68942015339
26.161645649
1.68655623682
0.0
11.9484250992
120.507698804
55.1130696797
111.195922505
12.7227164134
67.6953253337
93.5521783121
15.7988220365
88.8353437409
3.02957703173
2.70692052506
3.2594665289
26.7407329157
27.1698328927
59.722848463
121.28336639
71.1701114438
128.348501131
32.0794276056
96.3622439167
80.1316200514
1.01502344012
1.38066887856
56.6492037511
0.0469681341202
77.3617231082
85.3755673925
42.4392019277
63.8666106938
29.1142972558
45.4589028871
27.5738886022
31.2031623535
35.4939767494
1.86862308718
0.086245809216
10.7078360617
98.4494517502
66.8066779654
54.8622278971
37.857338179
88.3545645475
52.8258262574
90.1681998262
71.2776681146
24.8192426227
32.9706807509
10.050257206
24.3423520778
51.2747346893
68.7700379045
130.191056698
102.483255294
79.0888692058
57.5451953038
41.9236831152
212.154191136
2.78045913576
22.6610741615
0.0
43.6776463632
111.010979667
115.282032117
122.565605356
102.14822141
64.4566642531
50.6387925418
108.049272203
50.1195821575
19.0926364451
27.8727412289
20.518163681
79.5692732222
96.0405518935
13.1440222759
79.5336565459
54.5221826378
44.0780439574
83.0497354483
187.919817656
122.613763964
19.9311440773
145.485384263
13.249577567
21.6599169821
66.807691751
36.5539581269
95.160269131
19.7430129703
89.5744472947
52.0177478242
106.8520246
145.484901063
44.9841831922
6.22926255314
0.0
30.2181152897
220.314017583
74.9921237225
105.167280346
48.9426749033
32.5948233382
83.4051001613
91.4097186886
147.262771597
26.0239684246
279.390990257
8.81510701776
9.28271285446
171.824177183
66.7257153634
93.7705222406
85.0950423348
74.0456209594
93.0577934906
165.424733005
71.1263655074
0.987401336431
0.0
11.3324301615
0.0
173.248520091
112.402199904
60.253768567
34.6757366443
32.0945683457
35.605089894
110.960764322
139.583355915
11.7960202172
0.0
13.2457762957
18.5973277688
0.231714990281
42.0652244165
86.9656336774
40.6019471016
68.526412561
24.2462209426
54.4964582026
29.0335643962
0.0
0.0
0.0
24.864186991
75.9341489374
108.937602751
46.9548991536
56.6546266526
86.704834152
48.237045318
57.0500016972
2.61481600999
21.910267666
38.5517334434
40.1183152198
1.81949769706
47.2628869973
32.3591811425
75.5327708702
68.9721377158
59.6996965286
46.628168989
4.31907016039
232.62
537.430000001
10.96
0.69
0
0
0
0
0
0
0
0
0
0
