0.0
0.0
0.0273853735999
43.5106747001
14.9338568151
54.863854956
49.36897875
26.0068781767
30.0037331431
37.5726425938
15.3440326634
0.0
2.27257778216
15.8566603213
16.0061487258
28.0110303979
70.4434496966
30.9019621164
58.4094977892
26.1524240971
48.8873164392
45.1963095478
59.0320579894
1.90203851089
0.0
9.52020370961
3.040738374
19.6372227995
27.6349399164
18.3626217549
49.9506589471
58.143050071
102.804843754
64.3774192733
28.5195303876
8.71756875516
3.56471063196
0.0
13.413175106
115.986464191
37.0905057305
114.598761879
21.8397255312
71.6972488202
104.710119255
16.0247597359
102.217980467
2.44764983654
3.42704486846
1.85705047846
16.2766827
32.3459474443
54.7239117175
163.956961733
71.9230572917
118.916406361
40.0998343442
99.0225521839
101.755921368
1.77422368526
9.09239435568
158.704891205
0.0
70.7713069171
69.7942577227
62.5057258224
67.5307178424
23.3749427833
47.2152367942
32.667144265
60.3635900448
21.9150704853
2.51814816893
0.349994201213
8.79271014502
83.1573155186
68.6830733959
57.971600281
81.4690923394
84.3181640635
52.6942383461
88.974404795
93.2637462617
32.3015725315
67.8087653071
12.577712059
37.027867159
40.3557202807
85.9849302792
118.902361524
85.8058788254
102.171238901
56.9827348217
55.2438547164
176.990954583
8.10299395769
0.0
0.551973715426
57.2300575598
89.9192586691
101.235783398
111.002696816
107.407626308
76.9315163371
47.9658581167
99.4803865558
46.9799718422
32.111591231
12.1710678041
0.0
55.617050249
103.949312216
20.2109932434
75.3860269411
53.8970863795
33.1974104494
84.5385813842
178.892829381
125.575841099
32.4152481706
151.619396165
8.35486402363
24.8343907781
40.0129507855
28.7945729736
96.0849883406
35.6929254458
87.0554072074
48.7025946014
126.050206058
123.827669229
28.4353625402
5.06705144047
0.0
17.1210053461
212.306375355
81.6070552022
101.521840537
37.5926905721
24.2806994095
79.8498927242
91.1965328966
163.031536334
28.0437793526
134.619795688
8.98328366875
11.8724632859
155.845053893
86.0707491115
95.8716751915
95.081580162
72.4916222357
88.6837036462
183.656182026
80.0456432467
0.358426932245
0.0
2.9990895912
0.0
129.672755376
118.96504792
53.5671744262
28.6795728319
33.1014436373
38.2020780166
111.044573514
151.426577722
13.1378345937
0.0326789198443
14.0844683647
20.9360276163
0.366365768016
54.807675451
90.802016789
47.9055542909
96.0402666041
23.3329418041
47.6582639069
16.1501704305
0.0
0.0
0.0
12.5431079418
90.2570779322
105.342889083
56.7881540525
62.3671319782
73.7087227999
55.8512405678
62.4368354549
12.1852426976
21.4146437701
18.3944982402
7.56797719001
3.21399700642
51.6445650458
26.8783257679
83.2206395119
64.6596390902
42.5560933481
59.7460346818
4.18396572768
224.84
1350.5
68.64
0.3
0
0
0
0
0
0
0
0
0
0
