0.0
0.0
1.19623365998
43.811491236
14.5637175143
57.5285642165
57.50661798
25.1908070035
33.6311490163
14.1518030008
13.4865746554
0.0
0.279983111657
37.1891527176
12.7718112823
36.3825032114
74.8795318678
28.5901961513
59.4456768149
26.8688475787
47.9758022726
43.2246007975
53.133875898
0.986721318216
0.0
8.73977404834
6.44406455755
21.2473994605
27.2291766192
20.5841294183
48.753926117
55.7259825245
103.046958486
64.8696131242
8.19924896489
13.9369947575
7.4922626987
0.0
11.8609378338
111.997722566
35.9867107886
106.440368436
20.608025298
67.6265918501
115.363708151
16.7391376505
82.3114034011
2.0957826376
2.86850537359
1.40117302537
13.309897813
33.9531062544
51.6069383249
173.561010745
72.0939812232
126.453401791
41.9897522657
91.9719781349
113.401287687
1.6097695604
5.26165616513
125.828155518
0.0
74.5513872151
70.2554732635
67.9678395492
69.5723436624
19.7458225452
46.5085101631
29.427721493
77.9687422068
31.3288367316
2.5891713649
0.0203223475255
8.25657495763
84.6522664615
70.413790057
61.5932451797
83.2455333732
79.9009724167
55.2221467901
84.3486780914
95.4817655234
30.1909858212
57.920287259
0.0
35.4547827355
44.0754091032
74.3040101369
123.0695762
79.1481796392
127.264177881
57.4592987726
50.5708040446
178.61810652
9.93360751123
0.0523728635162
0.0
56.163769249
101.530327499
90.5534137097
106.670830171
105.381024473
75.5332459956
52.5025400575
94.7652923594
45.8474032133
29.938050365
16.9830723256
0.0
38.23143927
91.4161173216
21.9686658271
75.9262532741
58.2845457802
35.5612202268
85.281727519
182.475637562
120.807434077
43.9923195317
144.092479929
9.30223784969
20.7166770995
37.8153888658
24.4266081602
97.4219621794
21.9409041451
83.2743091901
49.1249561738
122.781743309
146.779058028
28.9763932229
10.2030530646
0.0
20.4974038107
171.060106893
85.9386369847
100.002635295
33.9630937726
22.706999517
73.0880339126
94.2211282728
159.98766255
28.9454266001
123.223907635
3.95676166937
12.0273013674
146.636441707
85.5803882602
103.388998328
92.5229028538
75.9682408534
92.3338469491
191.624437449
80.2906546135
0.168408740312
0.0
2.30489131808
0.0
124.537928514
119.343776576
59.1842659776
29.9938886873
40.2039791532
42.8017484006
113.131685039
145.133798306
13.7166855745
0.0
8.28589296341
20.8581514656
0.109300039769
56.1825026237
88.027231615
37.1371139287
97.6113208997
20.9057716392
49.8648949116
12.3004962578
0.0
0.0
0.0
5.41399443895
66.7038628757
101.94731709
55.8090225086
64.5748594255
78.3531920426
51.3364720121
60.885333091
13.147202298
17.5724089444
10.7706084698
0.0
3.21399700642
50.0353603363
34.1390983946
99.5549623332
60.7919617073
50.6002144217
70.6605829709
2.9662296474
251.389999999
1286.16
85.0099999999
0.45
0
0
0
0
0
0
0
0
0
0
