0
0
0.0
41.1694309339
10.1740879901
46.3077729991
36.7798399498
36.4920445382
13.5335715618
19.091304984
31.2744551926
0.0
0.0
1.36127355695
16.7293678075
30.3886438608
75.024642041
59.4767827279
58.7583197561
29.7731992229
36.0232574455
47.1341997552
68.4491513371
0.750387668609
0.0
5.58547362686
1.39434805512
22.8061604798
26.9180489789
20.3252881206
34.2226316594
47.2891368158
134.149230732
91.6983377784
34.1352699214
10.6809798181
20.7821299061
0.0
18.6221265793
57.7589181214
55.4305370422
81.3707459998
7.57356485724
78.2951214686
97.6033731653
16.8549265936
91.3884802087
0.463688716291
5.74615605175
3.02207529545
30.4779909226
22.0935868174
66.46984971
108.850225903
48.7408154191
175.137971459
38.8425215352
119.165440441
38.9168789237
0.563341543078
15.4272423461
32.037323892
0.0
57.271619238
77.6430678182
29.8196154031
62.853558205
35.3137845622
51.350738123
29.5491615458
77.5139041654
16.9684558343
3.05073863546
0.166726984084
13.6267259717
78.8822185882
69.931821132
57.4988222261
34.0764487032
86.9744022264
55.0008281494
91.6869607949
93.3630280802
34.6972636404
43.4808408245
0.0
38.7653469919
35.2622890099
68.7284707334
105.893500898
123.624769784
45.3365008459
51.8769285372
31.9410444797
178.38593933
0.396520385518
0.0
1.10394743085
36.0496182516
58.7296859623
85.8361170391
140.796509043
98.7052087728
64.0675530173
50.9598570763
106.769784898
65.9796583838
19.0747614931
24.2207296416
0.508105357178
69.5266964604
89.4725350226
11.4252043683
76.481306484
64.0767436735
54.5697343814
69.7953840914
194.168195698
107.887986392
19.6723186188
117.817671821
30.2260509151
23.1957617775
39.7941950261
40.9464547466
103.404972045
12.608715076
98.550639091
55.2901295945
87.2287291234
130.745833389
54.6584520936
6.43963028491
0.0
27.2914608792
132.393977087
61.5690835118
105.49429822
55.3931499264
34.597744301
74.960877847
110.345372882
104.917754654
23.1946625356
98.1833908037
10.0586958826
7.29742010124
144.598960334
63.0697374792
100.278834801
93.6483067498
75.1140540931
92.0025648996
161.507511238
67.7973059825
2.14457983151
0.0
13.1126924157
0.0
137.673091946
111.261896946
47.4832733484
37.851918228
19.2610737607
39.1107457169
120.56833319
146.519555859
16.5269459942
2.96386778354
10.2063304782
25.9877421857
0.0792614277451
41.9101338386
84.6197633436
31.9866459499
67.1690076209
19.3037343654
44.9038371742
40.8126866074
0.0
0.0
0.0
31.2346138358
53.3971262275
96.8641174939
54.1778629488
81.9526685626
87.7701084091
59.1934853642
56.8860218525
4.18835413457
23.9836327136
30.9386569932
23.5749306679
1.70462979376
44.7148567961
34.9298116258
55.8223709242
46.3496255726
84.7694739326
53.6275020317
4.47616665065
0
0
