0.0
0.0
0.890536844731
27.3916820436
8.62698630989
49.0875578542
36.9174453662
45.4889709502
22.3065185733
40.3250436019
52.1145489067
0.447814688086
0.0516057349742
7.78185439109
11.4968865328
14.5878517628
81.9971226343
66.61177665
36.4366413206
34.5896467567
46.5997961126
82.0318141901
69.6527226715
4.48261667042
0.0
6.65495395661
13.5222694874
27.5199510679
19.8385575938
48.2804397298
21.4519588463
49.5938870273
137.396882124
69.0769892698
23.6159008965
43.9298011066
9.24983248114
0.0
26.560464263
49.6802482596
37.363401521
85.4729218315
19.7671502531
97.6507873591
122.560091942
19.6503501143
77.6687764675
0.0
0.98487317562
10.4821414948
26.7614866198
19.0945265405
67.4341905658
114.7545033
36.085104799
149.342997484
38.4290154492
103.501342781
31.614005003
0.70335771516
7.20840507746
13.5019734018
0.0
61.34806332
60.2825295422
53.2209051065
55.8248523026
24.9661916904
46.854516372
27.0226837882
73.5724744106
6.63264166565
3.91520946845
1.05982315913
14.5880963802
60.3595293538
58.7988153622
46.708736538
37.0131108938
86.8129510805
45.1066992566
86.2696332614
93.778724729
19.3126997352
28.6318463981
0.0
44.7990493476
13.2185158012
43.861909933
96.947871823
115.666257595
63.5502571987
54.819439279
40.0232688636
138.579876423
0.905203565954
0.100831925869
1.98737007379
36.978803549
16.2048933953
71.115185753
130.101481908
100.990621448
44.9094815477
40.2432438965
91.5251127434
75.6989388763
18.9296512865
6.92993042059
0.435531422496
52.8253938379
84.1258654632
22.0165826082
78.8380857264
73.0530353124
76.6755519658
76.6791058034
192.71413891
102.246551737
51.871713546
84.6511244328
49.3290295154
19.9042680301
36.1696262062
28.1477406955
106.167737374
23.0374733862
116.517595701
65.15251779
77.136681905
127.312735615
56.8157866783
6.61295342446
0.0
5.20339280599
74.6993561088
64.5249883366
99.8354778578
53.9834123923
34.7578578965
82.4787844531
101.90354017
116.75080572
22.1403718404
165.725660574
9.06972929834
1.23232586682
104.311370317
77.1049872358
93.8631322906
59.6551881955
89.4901092514
83.9272448736
177.269887045
53.9884282922
4.61866322904
1.66084510088
7.92338490487
0.0
96.9407138563
116.750366149
37.2359909014
53.6666612774
22.1274132212
26.6747032776
111.899514387
135.781549668
13.4750349289
24.3087519408
1.46408316493
20.7166055292
0.0
63.5839430573
94.0995270163
31.8915584892
70.5619336058
20.1415975727
64.8723198768
33.5317320451
2.06304323673
0.0
3.0228281021
14.5687813684
67.5100566074
68.4199748933
92.335166417
76.5094127822
96.3840029016
70.1967618372
56.5498775839
2.82834343985
8.32679989886
33.4032272995
40.7551059722
44.967286259
52.6851154044
32.1881008298
52.1346257916
52.8743382823
81.6031714529
56.4995063916
8.22637099027
32.9599999999
42.8299999999
0.18
0.859999999999
0
0
0
0
0
0
0
0
0
0
