0.0
0.0
0.0285623939707
77.9195909556
13.4581875857
35.4487672574
37.5966032446
24.2753855261
27.6992648206
16.9222467709
27.9555551474
0.0
1.90347320493
15.5270605087
13.114336554
35.7943117284
66.6724825222
45.0402762965
62.1087451392
22.7407967532
35.1293745005
41.36874987
58.9889968447
0.76132442057
0.0
9.12196058035
0.0
21.9137225831
25.5631877119
26.5288813469
37.731271008
50.2700865382
117.748330895
66.6227432414
7.1470075529
27.7422234156
4.10766451992
0.0
13.6698034499
122.963928826
62.4918457666
104.553952382
10.1364716738
68.8427339662
93.4906106126
16.2395786494
81.2368963658
3.61902250349
2.50445998181
3.2295935154
39.4285828918
28.0791328958
56.2025916533
118.694522224
62.89569426
132.800531164
31.6072484767
98.5155353383
60.5078975138
5.48831281812
0.988449811934
103.877193332
0.0382911069319
70.3383225538
81.3336606434
35.2212579958
60.7539516734
22.8119614595
48.0035321227
26.308184737
55.7367900833
22.2698187847
4.47332108952
0.367143781855
12.5237808824
96.9406699018
62.0343159624
53.8750509017
35.0303172859
90.2011771678
46.6385863858
92.18552088
77.6623523758
24.4658440613
38.0396905392
0.0
24.9805704905
55.4741002754
71.2910519326
122.962108685
112.401272452
70.324527827
56.241681953
39.3739411534
202.59799549
2.32976420224
22.9783401489
0.564073339104
42.607205987
105.901778251
111.947759762
129.84522854
92.7653250732
67.479415957
54.30303876
104.848403919
60.5562469102
18.2535896203
28.7973354086
25.6834774018
54.7189542353
125.689093134
13.4446113326
82.5490774764
55.6546546519
49.0380659568
79.6757057515
181.530192152
126.737926958
75.5972121655
104.75204359
6.36603070982
21.9512059763
59.7166328374
35.3092914821
95.4552272335
18.4630357437
86.2031498328
51.6714111473
109.931750245
126.485869213
51.6833350361
8.31195261329
0.0
24.713375833
208.569148566
75.8219190314
100.823573364
52.9268222563
28.7162024863
79.2096493709
91.1598898171
152.821701514
26.64992778
123.811552484
12.107931599
5.64092920349
184.677919323
65.1075844466
96.3303046301
80.6617811098
71.771498641
91.0256122202
163.79747851
70.4083332341
1.60897797346
0.0
10.9588263156
0.0
165.019586652
116.208087064
43.7874741722
37.2449745974
31.9172968603
36.4819244038
117.656888841
134.641386872
13.9217732325
0.25913324207
5.56159329415
13.0149220526
0.222799578818
43.2707744837
90.9113876894
46.8807518407
65.0500544273
25.164274525
55.7378774676
41.5608776138
0.579400196671
0.0
0.480983287097
29.9268475325
81.7063510716
111.763464086
44.4627631008
65.1008289902
80.447624579
49.1650939733
60.5358387977
5.10681340378
21.224568218
70.4612908793
16.687748909
15.3599840999
49.5151616558
35.3456905166
83.291807251
66.5484724548
68.5381637206
49.6199002416
4.49941565842
174.98
424.32
8.83999999999
0.769999999999
0
0
0
0
0
0
0
0
0
0
