0.0
0.0
0.0
39.5877985507
9.04466188699
42.4635966775
35.440769093
39.2509453296
14.0264607165
24.0034742794
37.56480576
0.21466498822
0.0
1.2647548914
17.9482458159
30.5331607462
78.6620968608
53.7027851678
60.1021187938
29.3684621304
34.0663296506
48.5767760407
73.6493315734
1.20731943101
0.0
5.21077939867
1.23845949769
22.1339746825
28.2232012836
20.2608725242
39.3633183847
46.4161504805
135.394413823
86.6605153699
25.1502612624
5.56453621387
26.9234891832
0.0
19.1966623217
45.9756571502
57.7101412426
70.8827897777
6.35066073014
80.3814809582
98.0826196397
17.5958200693
93.0561602935
0.801005870105
2.28729695454
5.29962866753
29.1174341383
25.7430574894
61.0454062591
108.02990078
41.5807351735
173.823820593
41.9106226322
113.531001675
40.1424371916
3.38844392448
4.00073326752
98.1533247382
0.0
63.6154662854
74.6347701252
31.7246501093
53.4682200775
34.4989393092
51.4976842123
27.2616076805
47.1644141134
7.74305596949
4.91045071603
0.177476788871
15.6611932665
78.3122946694
75.5913619128
60.9549315283
35.1433272398
94.1263938098
51.0392211672
87.0245498232
151.732387824
29.4513560153
49.4382273852
0.0
44.3206450994
32.2461867622
65.2885233262
99.6594035179
121.328351301
49.0508377702
57.0734224654
31.4859790541
162.012333065
1.05491544306
0.0
0.0
39.2661430402
38.3205183595
75.9514412731
135.679677615
97.2105783708
63.347287841
48.9953367132
102.885156311
80.7347747014
14.3357827328
28.0466830954
0.0
77.9762109742
99.3611933683
10.3807763122
74.1464120875
66.2668920192
57.1681426399
70.195463039
193.502413072
105.085392181
14.138815485
96.799266167
15.332762165
23.9832957499
54.3568288526
41.1840521806
102.000574932
14.6338982829
109.402311891
57.613177685
85.733708274
114.645958048
53.8043466211
7.30660010129
0.0
22.0761717316
120.690787621
61.7240979374
99.8005070686
51.7450742796
34.447518468
76.5279144478
111.113828838
120.467120161
25.1688298882
99.8841041474
10.1008860581
7.80713297054
139.781712212
65.2817953654
110.416208312
86.4263959258
79.9169557058
91.8048424646
161.297520602
63.754229039
2.29593001306
0.0
20.663449578
0.0
135.942388374
117.715821035
47.5970831328
42.7492793798
22.4053687658
37.1026125847
129.875173453
129.582121711
18.2379144961
1.76369038224
8.88907670974
31.7179511638
0.0538800414653
39.6697676964
90.1124748084
33.9059174136
55.2615835368
24.1267746091
51.3275557682
38.2472799718
0.0
