0.0
0.0
0.0
36.338704303
13.5515706092
60.2566683451
63.896473459
26.8337355852
31.2379301414
13.147659299
11.8545975722
0.0
0.221409933642
15.0346148014
13.3600832596
45.9400843978
81.4192780056
30.7019758356
60.0993973296
24.9949414003
40.3859565072
37.2590270731
55.672249429
0.868267189711
0.0
13.9469364882
6.12693668158
14.0035057515
24.2153775674
16.4149290235
51.5989649669
51.522974845
107.899029952
64.3108733465
30.5963974586
13.7576880455
4.88017746247
0.0
12.9611678124
113.845901281
39.8769438845
108.081271975
28.2588238078
68.658295121
125.819706408
17.9818162182
77.2630203799
6.30882364512
3.8971246183
2.02832847834
18.7335153446
34.0726154297
49.8248689267
189.505176273
79.9147677439
129.594759324
40.5863882246
89.2501749444
112.080081212
1.14556763694
8.1590922475
93.7131829262
0.0871537216008
80.5837471224
73.2250118753
75.4854737633
72.2540463991
22.2468729615
45.4726690762
32.4862355714
62.8752179035
34.5811301004
1.34050818533
0.180786172394
7.79640059172
98.7191804162
70.3755854681
60.3645815179
80.2244718242
85.0290205675
51.8755253842
87.444393775
100.47638779
29.515287389
59.6389249116
0.0
31.1785462126
49.6039713286
79.0498187374
119.040561145
85.7759779954
121.576212002
54.0267407465
48.417926833
202.066102423
11.9701021537
14.2782088928
0.0
60.4759902962
103.534690082
85.7422643155
107.705326063
101.102161492
76.9564726128
58.6965538469
96.024282583
45.0124599715
37.3387505897
19.748544842
0.0
49.8377382048
96.319502201
22.2291785502
75.5450218543
57.7315589791
36.8398151155
86.9576768009
176.09727166
133.90407469
28.2254514658
156.526918039
14.9095326215
20.0973867662
38.0175084374
23.4665026087
101.012550205
27.2822838881
83.5818509767
49.2940901443
123.894303873
137.239101447
32.683651518
13.8772282228
0.0
14.2670234665
171.350824149
86.1780936142
102.279484626
39.6868009642
20.887815848
69.568605965
93.6331549063
166.351522895
32.0262545664
16.5240031332
4.80560767651
10.3302460927
156.999861632
85.0784902106
99.2346829735
90.5420213789
76.2045919039
97.0505682166
186.35107785
76.8543739133
0.243422202766
0.0
4.3414497301
0.0
124.55635301
123.153786287
57.9820230854
37.1981563709
42.81591741
48.484905241
103.467659349
139.926107951
18.7171670487
0.0
0.0
10.7325316966
15.9661554547
54.6392064504
95.2577724941
39.2019034058
102.26068725
18.9658773467
47.5833346546
15.1959806979
0.0
