0
0
0.464716994203
56.2304571346
14.2754974812
35.5581932393
35.3308206461
31.805691149
19.8355406569
18.9604518525
27.4722622214
0.0
0.0896907281131
19.6836925149
14.6278789044
36.4099117051
66.7000440554
51.5357308778
52.3525572662
27.7486485689
30.0235528798
39.3655488677
68.6324632354
0.526539534331
0.0
5.49986618758
1.25925323367
21.263097519
24.5052644494
18.9962241165
52.1448137657
45.2705486342
129.660874916
75.6379640875
11.6916839015
15.681498589
6.019716762
0.0
15.5518042445
99.3968699278
64.425437347
98.1328226714
9.8032391388
72.2862117178
93.9623105899
15.8544389382
80.147430581
1.4661176987
3.0461601019
1.24505022168
31.7140444536
26.8909089826
52.9059387502
111.583574046
58.7638793983
162.709023099
33.6576829464
110.142673013
49.9372660992
5.32244011759
11.77920717
1.38191628456
0.0254556359724
60.5158961938
84.08025717
29.5234381668
65.655003355
24.4453096222
52.6536069362
29.8341464438
32.6008851682
20.9695763122
6.19460532535
0.245811996516
11.7559973896
89.7916207183
60.4909291346
55.5298542214
34.0227378394
87.9799678121
52.8625681289
84.4184292276
75.7212660564
37.3187712562
38.8974066787
0.0
33.8213004847
47.3517877618
63.612509329
116.210415504
116.142024379
51.0005783345
55.0896542882
37.586551669
217.065530196
3.04343792796
0.0
0.599732011558
46.9569249787
90.9232767374
97.3195829316
131.173724213
103.850878548
65.5966071691
52.6731976318
108.144093228
58.1098889484
18.230261398
34.5330559462
14.421851635
35.5178692248
113.834943255
10.0325385835
89.8191596386
56.0295472015
51.9807472591
74.1495733644
181.428519532
113.171831648
52.4307504595
62.5928951707
33.4838947692
17.2476262618
48.1330225886
40.938276901
100.141557276
18.0296796821
91.0601366534
52.2890390362
94.6210948526
126.187383126
54.1833409668
4.33888003975
0.0
31.8360329791
164.713793211
64.8838105762
106.828153445
52.2859775573
30.5181798936
74.1342115613
104.034504153
102.808915436
28.238654483
123.053455845
10.5188448876
2.34522636607
165.334360829
67.265911721
110.862952446
83.4477855787
75.177353371
91.2682903781
166.660346702
68.634075577
2.45483726263
0.0
13.9971572575
0.0
158.98432189
109.824535366
46.6009933222
35.7901598364
28.4071465507
34.1993134939
114.37475602
129.252344191
20.7179083228
0.622974302621
2.01261627674
14.467535182
0.0
40.3583721682
85.2386523192
30.6118546574
65.7956378669
21.5393262505
54.7989834398
53.1829542518
0.839630752802
0.0
0.442754432558
32.8724279702
71.7307511866
118.867178589
56.2676820451
65.2601722219
91.550621275
51.6605972573
73.8459314256
7.57840631158
52.2336299122
44.532112171
31.0460844041
12.5089762509
43.2567983138
35.9131344175
65.011445269
43.9511558489
94.4725598842
50.6271437556
4.85850211234
0
0
