0.0
0.0
0.0582749582827
76.9971539453
13.8048705608
36.3076707758
36.3930845038
26.7109179888
28.3889006059
17.3995823376
26.8670387026
0.0
1.6533728689
24.1737139822
13.208023332
35.4614688569
67.673104668
45.3756589726
54.4827493541
23.7363554528
33.4099909702
36.0111600235
63.4365313164
0.0
0.0
5.75714045762
1.0269664228
20.3620163016
23.2508657612
21.055882425
43.6282484662
47.1672151498
121.276916005
68.1662019343
22.9280109974
23.7755579967
6.43493691086
0.0
14.7823462263
116.289583102
53.1340189018
105.635172421
9.8790581748
68.1704717678
94.4187490018
15.5802629292
73.4099404932
3.06550258399
1.42384698987
1.42072919011
42.7668348626
27.8056404367
50.8856422152
115.211877747
60.710070245
133.266738921
32.5820301007
104.209777553
57.9179930174
6.64536376298
6.32602983713
82.9741671682
0.0
55.3657695874
85.0464909264
31.4767881631
59.6644717202
21.6891244641
51.4055362008
33.7038486096
31.2269838996
26.5595875606
4.56285331025
0.135910023004
12.4310893714
92.9593642318
58.2627565646
56.6004731486
32.0889311806
90.376271845
50.7828130829
87.5401456975
93.2290533353
33.3386853821
31.2501166128
0.0
27.8008935485
55.5472997153
70.9167146338
118.240017808
107.171646844
65.3408225086
56.509831164
39.8288519885
243.028806142
4.46354654431
1.83843523264
0.936524748802
49.3849262707
96.3912463188
107.261586025
136.237805491
103.157535363
65.8820009417
51.8713609459
108.259095124
59.3675600813
19.1818816806
42.7047544085
0.0
10.6100492813
113.059261791
10.5520896278
81.5966717998
55.084150236
50.1382593065
79.1542394659
188.455046084
113.560782731
48.0380764493
93.4153854958
9.20413233898
17.8037199089
61.9058903753
36.3292465154
95.077710852
19.0465040747
90.4274788582
53.1189539227
102.540694809
116.872964077
53.1322189942
5.56264675409
0.0
36.1070168959
192.863439292
69.9010172412
103.860615352
49.8084643373
29.9163968693
79.338147467
97.1940429379
139.095798522
27.1526520811
209.120955002
10.9253169
3.4931866452
177.604666857
67.0904412497
106.97640669
82.6213465332
73.240391381
89.5061243345
167.052656081
69.3743507489
2.73899576069
0.0
13.4280702705
0.0
164.477279579
121.621673819
43.679863097
37.0591722751
27.686539703
36.2387442878
118.666822778
135.212483866
19.9348874688
0.426173731685
3.78229417651
18.3658727556
0.0
40.6430345177
89.7245764397
28.4240947142
60.4406272313
24.4539049342
54.9707140178
45.4622652233
0.54389718175
0.0
0.725608661772
49.8419928029
83.5314677059
118.26169458
47.0316809575
62.7596263738
86.1227376312
49.137451591
67.184121251
7.46008166671
31.7701332271
35.0152116715
16.3727817535
16.0746194422
51.6707429028
34.3881862135
75.0635158942
57.9570722244
88.2332698858
47.704249788
5.2335505709
107.33
414.640000001
7.30000000001
0.51
0
0
0
0
0
0
0
0
0
0
