0.0
0.0
0.0
38.765272133
6.21822671592
43.2128639818
35.5038413722
43.9141342006
11.3798726276
23.124208211
36.1161499992
0.305735304953
0.0
23.2760664895
18.325533919
26.8667435647
72.9348654197
49.8517795913
61.3729111366
32.8234287835
38.0153123326
64.1915062164
77.1002317517
1.06555724144
0.0
7.35343301297
1.1696561873
22.950347906
22.4840900526
23.9984764871
39.7375825346
48.0150195043
145.069824737
81.712165134
12.244501384
3.90560781955
28.0469403864
0.0
20.2883972526
46.8208310232
62.0897736094
69.3354269062
9.73742686584
86.4476474506
95.1458552429
18.981264417
97.5134250149
0.0
0.918839156628
4.5857444862
22.9479550347
26.0597204798
60.4935714305
106.344552786
37.1921116747
172.274174879
42.5754366014
115.56047549
46.0433227793
2.80903371422
23.7587125897
121.538928151
0.0
56.497040257
74.5757754295
35.6788515374
51.4305829704
38.9746555248
49.4283024521
30.1777963601
67.952519087
17.2155198008
4.22572799585
0.099382739514
17.0026152581
76.806402102
76.849681925
61.771658341
47.619476309
100.050007995
47.374155432
92.6619466022
76.2830110243
30.5750488462
44.114313528
0.0
47.7804215122
27.0905568497
63.7052464807
94.5836365522
112.628492368
47.5313625187
51.3498799838
34.9022190125
146.980877549
0.935142641422
0.106144621968
0.0
40.1966193953
20.2284534126
66.8980666157
139.309624208
96.7140502687
62.8118180261
47.2743219641
99.1164364087
74.1171735338
11.7551574167
26.9743226767
0.0
61.2639750895
106.090915203
11.5074456241
71.3770260158
67.743544506
58.2752242181
65.869702991
191.630082289
106.65896162
21.6753403433
139.253651597
38.1641086433
25.7899320814
58.6260628738
37.5587690659
102.755952392
14.8618942928
118.037729574
57.8696650901
84.3249124958
110.188607762
51.1760370098
4.16925466061
0.0
22.992448166
108.02156505
63.9627888948
112.459549153
57.1614667517
36.0472024306
80.5806854647
112.20722894
97.7318253593
27.6569516882
100.786485314
11.0350633264
4.49153949694
122.050584041
62.9504530769
114.628090465
80.7179267882
80.7020850778
90.4487849549
150.010562341
62.4462653472
5.2048728168
0.404420569538
15.7606391832
0.0
120.45733363
119.33521644
51.9624135139
38.1137724984
27.499825459
38.7176581481
121.411060053
133.49713672
18.6417247206
2.47489591687
13.7107526064
16.0836916566
0.0955903362482
42.3786854222
91.0176810622
37.3913615431
58.9226124132
22.5847053453
49.9329527467
45.9518462419
0.0
