0.0
0.0
0.0
67.3522308022
25.8809774928
34.3900845218
46.3663996495
24.8739110016
21.1810020693
15.4124170253
19.8972817208
0.682964041829
1.32683794387
27.8657932877
17.3900524825
28.5483425707
70.384874831
39.7227824405
63.2566557053
22.4964405298
47.5669072418
45.8317199182
60.5204150551
1.5550951995
0.0
7.80608144402
1.32381525636
25.9969207608
20.8413525894
27.4399327668
42.4027464017
52.2741040661
110.568566076
69.1577421146
24.1772279189
29.1888051218
5.36837230994
0.0
9.68785572053
116.956791859
52.8172293362
108.267595983
15.800317931
68.3808491347
93.7414505818
15.5596264363
98.5344765187
0.526046946646
1.56228900701
6.21838331222
18.6230345182
26.9145599194
56.9950473542
137.579734152
73.1391233448
129.700485215
30.5826508579
101.607594333
112.704185844
0.676932077856
65.61005277
81.9916791917
0.0469459388405
73.2596779363
86.7262440389
47.2130564182
71.5794431743
28.049482327
44.2918748371
30.5381753942
37.1920130477
51.903236797
1.65108706243
0.0652459831908
9.75121933222
95.6936865002
66.7237263
51.6518903822
55.7185625453
82.1777209193
55.3369332031
96.5479105042
69.2755347938
25.8331910278
32.4279839023
6.57282042504
20.8307528123
49.6733923601
74.2342235539
133.548051552
98.144881932
84.7501739189
60.1767107359
46.9861308905
193.000092924
2.58225667476
22.1263075769
0.0
48.6652791593
110.56423831
107.435400814
119.426332922
101.682149329
65.8936207406
49.852391881
111.167414148
51.9253762308
20.1922776327
36.1561855814
14.4934701919
83.1766565702
112.726948014
13.2306109657
75.4332096353
53.9944391102
36.5107627222
89.2610161692
176.289014295
121.374301155
24.5194121674
73.8803972417
5.52764817326
19.0322538391
62.1601014175
32.2026022766
91.9091209229
17.9988226946
85.386613397
52.3293440294
113.210692679
160.411512215
35.7976728046
12.1047053039
0.0
21.7046003211
226.647539506
84.3650748055
110.145372882
47.0113043971
30.7259907871
82.9343473642
87.652733311
177.539980419
25.1280258
283.477204397
8.1780744642
1.46117568389
165.288849637
70.496192142
89.8028816599
85.2124181035
75.4518686906
91.4879656435
165.66574759
69.2136875534
0.499673307175
0.0
9.3882414624
0.0
157.651186824
110.673599688
54.3037211784
35.6591304782
35.2231023638
38.1329391492
118.499425102
155.739635065
12.6579822935
0.0
8.77593827249
26.2798612118
0.182669136011
44.6111959735
88.1519357208
36.4318774939
75.7484317572
24.1261672565
41.3198885434
38.0241802075
0.457361966371
