0.0
0.0
0.0
45.1317307726
7.69056835771
45.5229778178
37.7403535322
47.1837014035
17.1978043132
20.4015200359
35.8258656878
0.385579481722
0.0
23.7754677236
19.1523004174
27.6207102389
80.4248602687
47.8587942905
56.632510283
32.6637519187
42.1285030692
60.4393438418
72.7135145813
0.772944822907
0.0
7.48847079276
1.51229191292
22.9256411581
20.9473909344
29.8740251489
33.1326146974
48.0973364376
141.092316045
81.7145870066
43.492314197
1.07386618853
6.01460862905
0.0
21.3613228798
41.2455782443
48.2185828294
75.7033757306
15.4886195278
92.1633962654
98.9011209682
18.9513017228
86.046151176
0.0
0.0
5.16204714775
28.0728045031
22.3089352897
53.5380644203
105.916381384
37.819779072
189.015498226
39.4704657226
111.366573374
53.4785990081
1.03341552615
16.3749758899
75.2411161066
0.0870983842759
65.97846888
71.7850645529
34.9737705562
43.9976103427
40.93989819
49.4265420847
29.5585628743
66.8289826987
22.6677347096
1.79568850994
0.290161080658
8.97420796752
82.9470826685
72.4004879371
53.8312370014
50.0182171217
99.9628399126
47.1357319505
92.5773390931
90.7973180856
28.3446947309
40.7898457423
0.0
54.0672007018
18.3297972484
67.2760845422
104.63461715
105.66146503
48.3366968035
47.1840975322
36.4150824175
158.063909412
0.797517986969
0.0
0.0
43.2490481772
23.2074983809
64.8226493458
127.033808403
92.920780493
59.3235552794
46.2045493253
97.0759344734
82.845481284
11.0222293809
25.9658887313
0.409833222629
55.0439488349
94.7457962707
14.19986986
69.3076277654
74.7202969222
62.8228024514
65.4797717844
189.274543818
113.21329521
19.2406864688
141.409575764
16.6501262058
23.5689571872
60.1851622579
34.8559634657
90.7398742642
16.4184202692
121.581077691
59.8096349426
77.6589332074
108.826896021
51.7217756844
6.17337466032
0.0
10.8629555572
105.351167008
65.5944380611
112.295785954
56.5957120027
31.7367134839
78.6262508501
110.007299664
149.388644848
24.7172973677
18.5170219392
7.3989901319
0.999314993621
111.078581581
66.4369839895
100.612427261
82.846646497
81.6057619416
89.7869975232
151.775919031
66.5130925589
3.88692207914
0.404420569538
9.3406329006
0.0
110.527638406
115.321350954
45.5692246584
35.2650310769
32.3765741866
33.4510850441
117.840927992
129.296968399
15.5064106733
20.5267593758
15.9778558016
39.7739236728
18.1060996056
40.9236396086
108.375191085
33.6545100734
59.1010260427
23.4143551206
52.5487282277
37.2894726991
0.0
