0
0
0.0
47.326326996
19.1151119024
50.1247352539
36.62493507
27.1150847153
29.2041709776
16.0769918086
17.0571590317
0.425319895147
2.16913418937
14.5006127358
16.8537119552
29.1040801462
72.0510918461
31.2238696524
59.2038807794
27.8327196725
47.2954482996
43.1987611447
58.4350583777
1.88585823029
0.0
8.86890864372
2.66546022893
21.2384411506
25.696417272
20.9766075192
46.2832254545
58.8578221277
97.8906389772
69.9334957469
13.2851026766
9.2383711338
3.56551466882
0.0
13.266508447
107.947910048
40.2283549373
118.806506194
16.200509442
77.877481889
97.7813041471
16.1507053021
96.923683134
0.0
3.59036497771
3.0763964653
20.1858569621
29.6243080572
57.8465334262
149.826212446
71.2635531658
124.484221903
35.1051317858
104.553641698
113.880636932
1.15086809546
8.71359424666
123.568519592
0.107092034072
71.5311824251
77.3684335817
54.8749865062
69.2575586484
23.4575482942
46.381969141
33.4385053217
77.4685584605
55.7236013767
1.87401786447
0.417209733278
8.23570609466
85.2899065241
69.096005443
62.0796719436
76.8313596547
82.7042397223
52.8416217974
92.463176027
85.1279339734
36.8786866106
66.5247840286
12.5732603073
25.011537373
38.6892168713
87.2962643062
136.336281896
86.8477436006
97.1768158915
58.6530409958
52.0809631795
185.016185842
4.28224155307
1.47885265946
0.579424247146
57.9679136966
96.8360818774
106.57515049
114.814124566
93.4820591546
71.2398665614
51.6297065102
101.884946158
55.9156842883
25.2180136778
13.1199121624
5.68149089813
54.9814134053
104.232018186
17.8490846967
66.5402930472
53.2574370698
32.5881073968
82.4786160034
180.3616542
134.307148053
18.4351435751
135.515066251
3.36682270466
23.3319809698
51.2167645543
27.237087546
93.434277367
22.2500040354
88.8447599261
49.772182566
125.298931542
121.87508212
21.1808308214
3.94233030082
0.0
30.9856890562
226.88531534
78.5389623418
105.989392687
45.0241081865
27.6736819222
80.5860381593
90.7856618436
167.940732046
32.0909748674
142.314398557
7.12956158818
9.86405557394
168.60791256
81.4977215902
94.8697498776
95.8617730402
72.7066602298
90.6536508053
191.681407087
82.2383601024
0.270731247962
0.0
4.99863158539
0.0
138.716689333
110.818607692
51.3855565601
31.2605628893
31.8101222534
43.3388137166
112.460316991
152.238301028
13.7367991638
0.0326793473213
10.1654026508
17.3969621882
0.764275125955
50.6395311355
93.5305010328
45.0621965491
80.355703189
21.8480896354
46.1907644011
29.6575842127
0.0
0.0
0.0
8.81329804658
86.0464521646
107.335023601
49.165717559
57.1536643356
80.3974606097
54.0907325038
60.2948256991
6.27323158085
26.8687039018
21.9791928996
7.46892428398
3.44043358416
50.4441494419
30.9571458847
74.6074242192
66.545661036
45.3970438591
55.4451063182
5.53634364902
0
0
