0.0
0.0
0.689321771263
48.4760934581
11.5236955583
47.599358111
36.9547115789
44.7678195583
19.0047677234
37.451718444
53.9842162392
0.520856782793
0.0516117755323
14.9196475446
17.5926263044
16.6731222868
84.2763148361
56.280289337
39.4175752094
27.0327133723
48.5579663292
78.6862581326
80.5664589331
16.1832047626
0.0
7.6556303501
2.28248890489
26.7127539106
17.8194316803
41.964040501
23.9470924158
50.7381400858
137.608176101
64.4530984253
37.0023423694
11.1330356598
13.3436343558
0.0
28.8378728628
60.332033515
44.2981465668
84.475956481
19.655153526
108.106468873
112.629865876
22.0831544856
76.5021687226
0.0151086277328
2.52013385297
8.60425561666
26.383184105
18.9285034016
60.1443629825
116.753623283
28.1184919188
159.486356176
34.8930092371
104.191536185
37.5360790306
0.962633427233
30.0824382528
19.4233903885
0.0
72.3538242504
57.6176763084
48.6548207263
46.4782046042
25.6757211014
48.9910264313
27.6844825522
73.0035332479
16.6340019638
4.36249057577
0.176197037101
13.2571163848
61.3418179973
67.7773761763
49.2813066636
42.071168411
90.0749551243
47.4257253065
85.3732333985
101.769461822
25.958219111
27.7237202078
0.0
52.502512157
16.1221415782
48.9526117222
97.4301160946
116.19085811
64.0813757117
51.8025476849
41.1776693611
169.679960445
3.03636893258
0.10082212463
1.54454272986
35.288565427
21.9780698866
72.9742341768
132.76749841
93.8008436021
49.4851724525
40.7365251593
85.1079261876
74.3723420352
23.0099238306
16.6890023611
0.454508498311
59.3800979554
106.44348143
20.1365153007
79.0316063539
74.8018906061
73.8805430251
75.9973021522
196.351694897
106.264333176
72.6127410298
98.7639118171
31.1504632608
25.4002899305
43.8871723478
26.4767240071
96.298434779
19.4566651164
117.160734261
58.0591005818
79.8316519457
135.164411182
55.0428777895
8.4895785749
0.0
68.8652008781
88.353423223
57.1035970262
102.501792545
69.8846588731
34.8701827303
83.9256319747
108.787283275
105.742767415
20.7166851461
2.31639799476
13.8750941455
0.665059536696
103.113301858
71.3300800841
93.3787937834
57.8468333782
87.4814678225
81.1794436054
170.752393107
53.2011242146
4.58155015111
2.20142608881
10.7516742758
0.0
96.6768030384
113.9251278
34.983830899
51.0738607049
24.5771847158
28.5072734748
101.565684156
129.651596518
15.4559364337
24.3364952803
4.16862713546
22.1669576615
0.0
57.2162296771
101.989354849
35.1635384002
65.5443090876
21.7869995534
63.9228306859
34.0477265976
0.0
