0
0
0.0
2.33709319308
1.13942574523
1.72284803051
1.7502060784
0.979736542329
1.24395137932
0.787555328105
0.828560006572
0.0336675010622
0.099684177665
0.608003117144
0.781852951739
1.31452681054
3.02322101418
1.40307805303
2.46282668295
0.875752678141
2.05412667431
1.74702848052
2.64096170175
0.0654437099583
0.0
0.315687410533
0.0551589690149
0.751987056574
0.963706625393
1.03145321819
1.81813453184
2.12153535988
4.44243517518
3.19423165981
0.391286988277
0.661252207821
0.264560487587
0.0
0.566575095057
4.97732752189
2.05517216481
5.11522039433
0.705933148041
3.20797277824
3.95232122694
0.670910921879
4.28083457821
0.0136072672904
0.0524558350444
0.158428132534
0.907552418299
1.15774087561
2.53105779784
5.98904413078
2.80423825979
5.39525058388
1.52601897123
4.31407883053
4.56827769184
0.0260249450803
0.421060265042
5.6249370575
0.0
3.28275035287
3.54624708253
2.04498321994
2.96164789016
1.1618595398
1.93724658061
1.29862909229
1.95104652829
2.2846056876
0.0783662458416
0.0104766146978
0.418607232394
3.87847759435
2.8175312712
2.42955573963
2.54870210099
3.39158567018
2.24522568705
3.94136518333
2.7251038492
1.26118083205
1.44031873019
0.877676427364
1.16322003771
1.92390844651
3.19199276582
5.94700363651
3.79519486893
3.6560158697
2.44093517587
1.9466216187
7.40976168169
0.180960820522
0.772573113441
0.0186483133584
2.52033799258
4.5431559151
4.68171742186
5.15344539611
4.18148435489
2.84805786412
2.0627547598
4.55523937341
1.83037673135
0.943737399764
1.15002658649
0.589052319527
1.85565594537
4.73014864256
0.575578367221
2.70274231292
2.23100876436
1.46258910885
3.49100175954
7.56444533169
5.14529182669
0.715846685693
5.28894145042
0.165651680902
0.793041256722
2.36775062466
1.2212930005
3.73201908777
0.744970297208
3.62875478109
2.09158574615
4.87499217613
4.96624359593
1.73594511766
0.218857480213
0.0
1.2889594459
9.60804317356
3.31714362092
4.66795220552
2.05442960211
1.24318040907
3.57713618141
3.70236978075
6.91892767127
1.15393528668
6.84035846032
0.242239173502
0.0750195365399
7.05228986684
3.3221139753
3.67628684384
3.20251499326
3.10039376654
3.81323933369
7.43701760308
3.12652826915
0.0240866951644
0.0
0.0921520357952
0.0
6.36537760642
4.2691814492
2.32278609311
1.44703885668
1.10251315078
1.63719697786
4.93123343121
6.2004352808
0.742826393805
0.0
0.368135273457
1.08126990497
0.00828753341921
1.91085797641
3.92673801654
1.68828451075
3.4052782706
0.869346983731
1.75639702938
1.41665288061
0.0
0.0
0.0
0.471575738862
3.66733055608
4.46400376456
2.18756341189
2.47964715865
3.3601872446
2.26878247783
2.44357411191
0.14294796437
0.978256338742
0.950517372461
0.28981462121
0.159194767475
1.85050821071
1.20105001767
3.03765930515
3.10694633797
1.95467509172
2.2767644946
0.239759152755
0
0
