0.0
0.0
0.0
41.5016920344
11.3182755858
45.8805708847
32.9054486566
48.7848632354
16.1862942539
20.1868803778
43.8385355863
0.414102539419
0.0
10.1121795885
20.6105650412
25.9771998077
87.9138411619
51.1833563614
49.0607718118
31.9051336349
39.8987924717
55.9410469049
75.619358316
1.6764279753
0.0
8.08503735065
2.14937473834
23.8960759356
21.0323585356
38.5286034307
27.369622752
51.2062703808
137.769670583
82.2629610245
13.3777729813
4.0021212101
6.2654414177
0.0
24.3129356503
38.7250792169
39.5740260864
80.228517048
18.7723476402
103.395760132
103.480389914
18.561093634
81.846699709
0.014354461804
3.488299191
14.185104847
23.1976690516
17.4853348732
52.3369572031
102.338725839
34.9998794719
180.067110032
37.185814608
105.732082546
51.4742483945
9.20271082968
22.8089962006
49.4650400878
0.0
82.026903391
69.7707685066
46.5046350444
42.5844032429
29.686378249
50.0797593389
27.6433886611
57.5822432851
24.1645212696
0.399956781418
0.328587074765
8.81015413999
78.1071471758
69.8800084954
46.6105797998
43.8324329126
100.734598503
44.4467068222
88.4415527712
79.7168412446
29.0862627401
32.3517520577
0.0
64.4997122885
18.3005728852
61.737454433
102.938847497
108.403203062
50.5725071021
48.4946814739
35.8961447887
164.600573838
0.595050204545
0.0
0.0
37.4596096092
22.8212575754
66.9341892823
130.242489736
82.5499961302
57.4402412866
45.1944625898
92.8520244929
92.1086634994
15.1324501634
28.7058689184
0.389945536853
81.9108570982
93.2815167905
17.017981153
66.9765991476
76.3078588313
69.1881812532
70.191749029
196.444503207
117.785146806
47.3298676908
119.945425406
11.3247380275
21.9795833062
60.814114091
34.2059013024
86.0527940021
15.9150042432
121.255199265
59.9845369073
82.0329179093
130.023547283
55.0683873353
5.12696492671
0.0777138825506
6.43302735965
97.2935433984
60.8710371739
110.261374941
57.0653985701
32.0688936374
81.9829427731
109.310998835
92.6455891673
23.351861503
17.8041594978
7.86767121031
1.87969937548
112.940424621
73.3053305306
98.9701338682
71.057064157
83.3208526075
85.2862200682
173.735053506
60.3067726157
2.72286306694
0.681590571998
11.0235621594
0.0
110.534020113
111.193932027
40.5935201765
38.1070481501
28.8911527627
34.9007373238
109.563446873
129.870112851
8.82828664687
22.1369023025
10.9362594187
36.4275580644
6.34779238702
39.5460372715
100.134888947
16.3289800286
66.0375424325
24.3758191661
55.1799904591
29.5320996343
0.0
