0
0
0.112052862765
2.26074677147
0.923852050677
1.76984235528
1.14462929172
1.31828790356
1.08220559591
1.66056869656
2.08854461065
0.00233183801174
0.0196727456641
0.0552855012938
0.259073833469
0.727416258305
6.06944291212
3.27051064762
3.13566945778
1.6169944033
1.68850181892
3.03993502352
2.91020137817
0.164167771116
0.0
0.273918133229
0.542592302896
1.65095800301
0.697883753746
2.33165853511
0.457859438146
1.5053088963
3.97351829242
4.22308423551
1.28682249691
2.26857447624
0.558234798722
0.0
1.53747221013
4.97284340486
1.31487656466
3.10908294364
1.57202948793
3.87016392755
5.85175663762
1.14903792087
1.7666024128
0.0385042466223
0.0887643024325
0.322327449918
1.87175231869
0.852878144942
2.22074393032
4.40488880314
2.28239088785
4.42943142797
2.04502070067
3.29440595675
1.27600959671
0.0769042100292
3.41436883714
0.309240348637
1.60628676414
2.9386516785
2.3848711818
3.36695739301
2.96773276955
0.966258321889
2.15829382744
0.745583960321
1.11008508631
0.668928759871
0.808621796547
0.0516866148682
0.586450504139
4.10394614842
3.57680201135
4.0269583452
1.16725194594
2.86502589099
1.83504083508
3.1939195767
2.86697744473
0.944341171533
1.95438554883
0.0
3.43416513037
0.879306375515
1.40314007411
2.43703596201
5.26217735442
2.46717719734
2.4842575147
1.4311082655
6.23926864006
0.600156366825
0.468116222881
0.446534134448
2.41189340269
2.09746729548
1.44053351053
4.3644185646
4.54364573758
1.74976338027
1.79355420568
3.87134957779
2.91877975606
1.11504721083
0.751375976019
0.0
0.826191604137
6.35752601409
1.86015227996
2.96038309165
2.16689630575
3.02007213444
2.18798038596
7.87139053224
4.65250008728
2.89301170036
1.08229732513
1.33345128596
1.36940253153
2.67050578725
1.74699351442
3.97413937264
1.08342961431
5.49980953243
3.06329110346
2.84833087772
5.94662722689
2.0875276085
0.267584756017
0.0
1.54609283456
4.58718132041
2.65955530002
3.35013916524
2.72231062921
1.11910616211
3.26654830971
3.75483097963
3.77192039927
1.97100114124
0.496623750776
0.459645774215
0.165178081021
5.34624987503
2.6877094527
4.44430459803
2.64026218932
2.39221763355
3.43988696369
8.29476103
2.43179488322
0.204118761234
0.128975894302
0.201065890491
0.0948117151856
6.61588854739
4.31681162206
1.74365860317
2.43745861109
0.748701761477
1.01220169116
3.3489307561
4.89395329729
1.38894084201
0.0524557381868
0.905067827553
2.69068243168
0.0413869805634
1.70111170894
3.2390601058
1.3839846373
1.93407072301
0.919719719328
2.24598777294
1.93893091381
0.21578206867
0.0
0.0
1.7957174629
2.346058161
5.22539600264
2.56441657897
4.47907510377
2.93004039652
3.30510955118
2.05860821716
0.318999459036
0.236449264339
0.946462450549
1.72722618282
1.53012304381
2.01646086713
0.97442829702
2.63679678272
1.25216430239
1.93361451454
1.54878197075
0.572003012523
0
0
