0
0
0.135093552526
1.52467140066
0.518295188202
1.56195194402
1.51507419045
1.3320579417
1.28728511767
1.73684067465
2.0397056964
0.0
0.0132221650565
0.0
0.390893852105
0.763507865369
5.23473284068
3.68141325423
2.01856313949
1.50959640229
1.61993118818
3.60863313056
2.48376044445
0.249744615518
0.0
0.208353932947
0.733128906228
0.857228258566
0.964361729624
2.059845882
0.562207693351
1.70918335253
4.73105293326
3.84216609923
0.336312706117
0.275780141354
0.376089274883
0.0
1.53247547382
1.49855804909
1.45739911171
3.53348202421
1.15598849254
3.64935278031
5.10551230912
1.04989138129
2.80755730532
0.0242701731622
0.0974985733628
0.592455126345
1.57950233109
0.546343343332
2.57117356273
5.28520662314
1.70676566171
5.22352203482
1.89190032496
3.59986779629
1.49477367266
0.0090377649758
3.57461588667
2.49655720033
0.0547505049035
2.24055061222
1.87226876651
2.70991711412
2.79886334995
0.784081886988
1.97650967492
1.03150896705
2.17409329163
0.642333646305
0.134244320448
0.00562580890255
0.236838800833
1.77585001569
2.96998900751
2.5793272946
1.76301153819
3.1300261491
2.0732572017
3.57089573168
3.92819829029
0.777515047346
1.7358612325
0.0
2.74391016923
0.607999875443
1.24050166411
3.64291714923
5.08077657851
2.2288198364
2.47845390334
1.70903550042
7.40981147345
0.276604058221
0.138852871954
0.00276213209145
1.24186471011
0.892293736339
1.98911988724
4.79238047777
4.81686134194
1.72731254459
1.70447725122
3.4956776707
2.2024838716
1.0699254144
0.304329452338
0.00428576907143
1.13071136363
2.87705335265
1.43387850694
3.37089660997
3.23318670643
3.14429495879
2.84322698577
7.85128899477
3.77817867999
2.64664136432
1.19802565267
0.610305286478
0.953574252781
0.732668644749
1.09714515484
4.2968343586
1.67751225224
5.2798096519
2.5952574141
3.50013156259
5.20555798727
1.39046834095
0.303564516827
0.0
0.385819569405
2.61281870212
3.23201832781
3.34039525216
1.97938369843
1.35202469537
3.21525012644
4.07412573829
3.84678061528
1.38754272135
0.0664050306659
0.299899139442
0.277895037085
3.75240587723
2.59490593569
4.13306623651
2.28878895799
3.29337116401
3.17289446743
7.51467450941
2.48337466083
0.148332051933
0.0234833098948
0.168678700866
0.108935587108
3.26990099438
4.84561835974
1.62454146612
2.03879120597
1.04999712296
1.2609296923
3.51059233386
5.3888458861
0.833084530081
0.848103821278
0.158801619313
1.60183309752
0.0
1.77261576056
3.82019813143
3.34921868891
2.44875926268
0.73985152971
2.43064245803
1.37029731029
0.185661025345
0.0
0.0
0.727884503547
1.85620551463
3.82403737865
3.59573442116
3.47082045395
4.30231770827
3.66426364589
2.05432105297
0.228924209252
0.343688167632
1.09144758806
1.51879547164
0.139328099787
2.62337103882
1.0295951236
2.8006030441
1.19908585498
2.33116327599
2.16571472143
0.405829933472
0
0
