0
0
0.0610382668674
1.76165676693
0.882678940659
1.78289850935
0.903663637349
1.18399367132
0.698785899207
1.27123752981
1.09036183055
0.0
0.00797091436107
0.223189622164
0.149791207165
1.2311369417
4.03299008403
3.72034574475
2.54688382032
1.53811581177
2.30602249154
3.1680676043
2.39930965006
0.177595754853
0.0
0.00182991579641
0.00536040775478
0.830360725522
0.587669374188
1.97712924238
0.413972297974
2.22633774579
2.049611717
2.16871557303
1.61184708076
1.54455886409
0.559683271684
0.0148614626378
1.76325762854
4.25463632215
1.11717342428
2.93531314982
1.30130553269
4.82743672212
5.13700329326
0.788973625749
3.34294383292
0.395106684184
0.1747174263
0.200081124902
0.871184887365
0.396609242307
1.77077267645
3.63368009333
1.84375863243
2.59006908082
2.6597307981
2.34212823777
1.50329678884
0.0591773579363
1.05274834647
4.48133474111
2.69067977369
2.34564681165
3.09979072539
3.94386540633
4.02519878512
0.867157362634
1.87379293301
0.893798376434
1.38149053132
0.438879705616
0.13111008401
0.0328058960149
0.218949593604
5.19096478447
3.50762364944
2.61491071235
1.63794222218
3.69326106482
1.29468639335
2.4623457538
4.1777543152
0.409612584393
1.06019128521
0.0
1.87810304045
0.822562363464
2.84920752782
1.61849308072
3.32272843213
3.89560695225
2.13314179273
1.42099197954
4.97445131466
0.231898780912
0.161365047097
0.381990864873
1.81997824553
2.05113828462
1.44122541347
3.62104914314
5.24952531338
2.14560623374
2.64145007811
3.73950692295
3.46262597619
0.450858567841
0.656453015283
0.0
0.120156433433
5.50269846513
2.64990459941
4.76184098981
1.57127870922
1.97501600184
1.77449355222
8.36650505941
3.61403342499
1.04126168974
1.62260527397
5.86092732567
1.98289048742
3.27902511717
1.3947238762
2.81414390518
0.700680135051
5.4790374611
3.56976012437
2.0291839923
6.48249550629
1.93806694075
1.12146959757
0.0
0.474644344999
5.02030828642
1.90329733351
3.75364651904
3.8878316246
1.85398396989
2.93255732208
2.59207470971
4.46226114966
0.39385410957
0.0913725085557
1.50195887685
0.566554951947
5.99566615943
2.39392786566
4.89584492473
3.29156363709
1.8457700205
4.59128497541
6.34258323628
2.63962861476
0.115373004228
0.0
0.0180072411895
0.0
5.30246433022
4.06147573004
1.38957735576
2.72370630223
0.510968497605
0.571646058583
3.18779216334
4.72601591703
0.840721525718
0.670115590096
0.574138682336
1.33928891271
0.161197561771
1.85653988644
2.18515538145
1.13068113104
1.15411928063
2.07427556906
1.59782335814
1.54401316214
0.0205938545987
0.0
0.007887955755
0.840154225938
3.09558600932
5.80388303753
3.51209575962
3.91568415519
3.25528511498
3.00441137515
2.44191462174
0.0845428013708
0.155242488603
1.68757817987
1.03460060526
0.151968797669
1.81081015058
0.912862429395
2.8950240924
1.54285999248
2.35672531277
1.52869698033
0.672291194554
0
0
