0.0
0.0
1.74652987719
48.6150628478
14.168073155
39.7125418378
17.3765733177
24.9590400048
21.3274581805
35.3117059116
34.1899390308
3.00533309206
0.314041659235
8.39258497954
8.84165664017
18.8845726932
140.808440275
71.8731209566
115.595877179
42.879467357
27.5827992094
92.3525349946
49.7029234618
0.934908952565
0.0
2.80306828022
1.97435962781
28.0699320473
17.2553702155
55.6272128513
6.63329776469
55.230547825
78.0747491642
72.9554938409
31.5043902509
43.8391613959
7.5519347191
0.0
36.2035260509
84.1898217648
32.9076224863
83.1577446526
30.3801188282
101.32506685
147.085388755
31.6678570322
62.462940515
6.18121732771
0.0
6.29862248897
29.9463146477
18.703053318
48.0911443234
99.4067748449
42.0344790146
70.2233142089
55.6247245855
67.0942118294
72.3011857476
0.415014328435
34.333444409
53.8897985537
0.0184692302719
56.9280240833
57.9663705379
85.4044164014
75.4635580423
24.3306328822
57.2401817143
10.6515231896
73.1182876826
12.3585674115
1.23157003149
0.416508296506
12.8541970253
74.2735594846
83.5243863334
81.1130728013
31.2202963438
78.8560104053
28.1638713497
73.0088645518
114.612196268
10.8186461628
34.4249773622
0.0
61.1581261082
14.0783113819
51.8223223351
44.793655157
105.10590505
101.72755572
59.881674109
36.6270421018
100.062448449
1.23432156444
1.69126144051
4.28083491326
38.3896783646
30.6302167111
42.061857149
92.863108716
136.596320478
51.7802048306
43.0238369834
88.9788261456
62.7033919171
18.6774053201
21.3583577089
0.0
14.0404792428
178.623957161
52.2094055023
78.9697424923
48.3348756898
64.7462496758
47.658170387
179.832895129
95.8151670098
79.624882847
66.6870715879
14.2483958378
59.94862926
52.1749659734
39.6029310991
87.0054269693
20.4050225168
127.266047414
84.1745165995
54.9196133357
125.071559429
51.6695810705
7.0059998855
0.0
10.9978953581
82.4761389288
61.4722280503
76.1017865386
77.1172883856
31.4543385096
74.9771342743
78.8188173026
97.935576953
26.7011845596
6.8820661325
4.12341880426
2.7930134833
120.435584884
50.8817895391
113.804169539
64.9047192782
44.0971962456
93.9302265478
163.902555942
52.5247709491
3.38329070806
0.645283296703
3.17133602501
0.0
97.683971621
109.270688519
41.2875567545
57.5239120313
13.4492868371
17.9840358398
77.0510459923
110.865860939
16.8598378245
18.7533855736
7.9459386114
5.93219804254
0.99460092187
46.697652731
55.091758266
22.6357434706
28.7087201513
37.2115674466
42.4271538221
33.6442962886
7.15513694287
