0.0
0.0
2.53346073254
29.7420106685
7.09076933563
40.3655581596
33.5026639738
34.2250068785
26.070160512
44.1094808719
47.928017903
0.0
0.192819873802
4.93599164486
10.7770328522
14.1630191803
103.36385012
82.5205810145
45.710561173
37.5457289143
40.0354413958
93.6471653302
63.7682364732
6.34601019324
0.0
5.26286570729
17.539511919
17.906591258
17.4809979075
43.8591670795
12.7370152068
44.6884040069
115.304457262
85.6970940634
30.2963666645
2.63186734915
8.59111207723
0.0
28.4071682095
36.9638122414
35.8089612499
90.8276301221
26.4700426992
95.2950031757
121.779966205
23.798737925
68.5841005594
0.435659855604
3.04588919878
11.7315756977
33.5405144803
14.6226613373
59.197715539
126.712920684
35.5795193911
124.689994097
44.8186413701
105.359718843
38.6006972753
1.58414255641
62.4491050466
69.3837748469
36.5756344646
54.5790686141
41.6162905992
60.9263047502
63.2921358794
20.3915444501
47.8789489008
21.7226184597
24.3077879242
19.3007652182
2.61555183492
0.110118068755
8.0544874817
36.6999109536
70.7234698366
58.3064026236
39.1127295065
80.418361824
48.4608351379
91.5952221137
92.3390699923
20.8065367341
33.0840569659
0.0
68.1099075302
15.0442278385
30.8160373046
96.2388212868
119.928396514
55.5154596437
58.1334496121
41.4810230434
157.032715201
5.54415373039
5.71112841367
4.45236615278
35.5221402122
15.5150743299
52.747686714
115.496411468
117.888972988
45.0359351858
45.2222080291
81.6145646275
59.8625736641
25.4507956466
11.2861659732
0.107856653631
44.9731873534
60.9603515323
27.8911534958
84.4976213537
79.9162596278
75.2335796635
73.6224373932
188.206305072
89.9833277143
54.5762777926
47.2509847452
20.0831327923
17.9842681512
20.9488605503
28.0992949382
106.878182673
42.6140451617
126.340049788
66.1812227537
73.480639385
137.794345273
39.1770259402
8.12840073557
0.0972302667797
7.59005565523
66.5063339789
83.4498462192
81.84342627
45.3751068694
29.7617421895
77.1058696658
100.865305672
96.6613700045
29.2584678792
234.568641063
6.8506130129
2.40193010866
80.5740536974
70.5187862184
101.631775472
56.247433819
79.8572559523
80.2819963171
170.107176751
55.5149721718
2.67530997098
1.54506528005
2.9879656434
0.0
86.1378198994
116.353222322
40.6339794919
48.8566823155
24.3463470787
29.3815003709
91.0146961351
123.903728195
11.6515249182
20.598534286
12.5586207211
15.3552052975
0.0
46.0781047046
90.5490048007
58.7766725868
64.9609389715
17.753151359
58.310967246
32.3249254582
4.45327806473
0.0
0.0
15.4832567722
60.7101315334
89.7968055233
92.097631596
86.8219961599
103.668392088
78.7537578977
48.2411477119
6.11998250707
17.3032401502
52.5385734737
32.6683273315
37.3935079872
56.3183140754
22.9311109912
58.0782473172
33.607087098
62.5404883997
51.6179763526
7.7616845593
222.04
1408.54
103.6
0.589999999999
0
0
0
0
0
0
0
0
0
0
