0.0
0.0
3.81945053861
38.6811144502
17.4145948011
43.162205983
38.2232131082
27.4605940171
27.2378006614
38.845414415
51.2782757179
0.0
0.525190704502
6.89374649897
9.87807346882
23.7750232816
136.439129256
75.5430021175
57.2267503682
34.7517466843
42.9714466464
82.5699789226
60.5400661826
14.5498611554
0.0
5.94993272424
12.408662606
29.1923310365
22.9296987425
54.0256565822
12.7415904868
35.2259173394
104.75708317
110.969390108
12.4470088296
51.9032091648
15.080111146
0.0
39.632896375
43.7225528062
37.7562695146
78.0542725994
32.4996110201
87.1973220091
131.366747621
26.7615473088
62.2559117899
0.805789053439
1.19497574866
15.9361243844
39.5270911306
14.382286191
61.6820902918
119.124341011
43.3631259353
122.117589192
45.3845026865
83.1101838173
35.9918368198
1.31841355562
65.920388963
55.3506134748
37.1787292958
67.4973637908
54.8389931429
80.5674877613
69.9418322146
16.092341803
49.0337125697
24.1874212786
29.4914916242
22.4950980618
19.5188321304
1.12794039678
9.9801548347
73.7927749826
83.211808199
53.3790316824
42.0964573325
68.6878591663
49.5897740302
70.4784301558
87.2082379459
20.7023146972
47.4649468661
0.0
71.7058504745
17.1241063178
32.4223748194
76.7349785194
115.073677819
52.502918671
62.8675011658
37.3549278415
210.290197654
16.7409330905
7.60664767027
0.560490757226
36.9706061482
46.6172955149
43.1434287569
113.141424347
109.55739724
41.4850295038
39.2788627558
88.4531826341
68.0803790297
21.9254753888
11.3024940714
0.068792173639
35.1172755583
127.87856384
38.9192015827
66.2351979982
70.8293325026
81.1373850089
56.7485326649
191.073534429
101.730675121
21.5391746499
25.3779648542
10.1272781007
16.1281001419
38.8666007035
27.8744120467
99.761146741
30.6760221888
135.124115015
70.4151269105
74.6360045393
143.306576989
36.847569977
9.42359543592
0.0
15.5732289646
84.7845041491
73.9560286402
77.2670876273
51.3557774155
32.3394547327
76.1428299845
97.6766771134
93.5981877857
50.102916006
6.76919406653
7.12053988874
7.67905040458
124.285418496
63.7835413058
101.134488501
52.9316584258
71.5209548786
78.0066084266
182.992574874
64.1229721382
5.9607451111
0.546715378762
12.2749872208
0.0
111.542397592
107.488813073
39.8570477328
50.4540727661
18.5797024313
28.067442175
90.127489415
120.747920052
29.376458466
19.0907396078
12.5652991533
32.7920918762
6.3315115571
48.5372316242
87.7394666326
99.7080043531
49.8963194042
21.2427401282
54.9854252638
37.6682172418
1.73917454481
