0.0
0.0
3.12646168471
53.4755637646
15.7654521055
43.9602352771
27.1656523627
33.1684087738
25.2666625622
41.4740242058
44.3533120529
0.0559654757381
0.40991858393
7.29634031654
7.58154760301
20.144434432
150.344518483
74.6763482626
102.073847517
46.7737601326
41.1454232969
74.4144223183
50.373048216
1.21440553665
0.0
3.82534754275
0.516934197396
33.9515433871
21.4099773355
55.429888867
9.89029856678
36.0006030166
83.0513240789
102.690936045
43.5709389048
0.0
12.5487972423
0.0
33.5934003192
140.524045128
36.465047297
86.0440347343
45.1066091974
98.8666972406
146.889114581
26.0316648166
48.6264179796
0.544950217008
1.96440821886
8.83540264517
49.9626743551
24.6001836509
51.0335951009
117.971595235
50.0823237206
85.5646347218
50.6866424633
74.8078823062
74.4389224382
1.43095652573
62.5435634069
2.57875201944
34.5153980256
70.8649264836
60.4864323902
87.6837747506
90.9209159575
22.9062854201
55.3829635865
17.9740425674
56.3451589896
13.0226850808
17.4576715082
0.185882294085
15.3607817441
112.918441348
88.4799866249
84.2194631947
32.6111176795
76.7628854402
37.8130211374
77.3255628794
86.4230672232
24.0356527829
41.8536349834
0.0
78.4443500256
15.6677435981
34.7664679829
51.7926791422
122.660269028
73.8274104091
57.9456579946
37.1864760072
109.105411964
5.02469891309
7.50618056952
5.14929932357
57.8877556483
68.4738297082
35.1820732913
97.3917528502
117.141341111
46.9346369057
43.1517913649
96.3222403327
62.0512604798
21.7713697962
24.5702248625
0.0
16.7191214366
184.991975997
52.2816634531
69.6959151271
43.7800782881
71.0115680136
53.0171627273
182.73962817
110.453101929
88.2094173542
56.6476306022
18.2667547502
47.444118619
67.0759486486
40.0683832505
103.810315955
25.5201319534
135.505953251
80.7584953754
63.7547200733
144.453543104
47.5218568594
10.6081952602
0.0
38.7525494098
113.001826392
62.2008472277
79.0016253941
63.8939202278
31.5541665574
73.2862565405
85.6218204432
94.2621285283
31.3620027602
11.5285032839
4.44552886114
4.31776465104
131.822819817
59.2374760733
108.470550964
66.3821546585
53.5072473754
88.8724288344
167.44779258
50.8181508667
8.90353918075
0.574002608657
8.41892632843
1.93740946055
149.736431379
112.444785744
39.9433664381
61.6691535338
16.0028792806
17.9338284815
85.4611970354
115.959789366
30.9967586472
21.0546287298
19.2473603189
82.905274272
0.69225952914
41.4723886159
69.0036426758
19.5229229955
42.7990548689
33.5327867791
49.6155575774
35.7295584082
6.8610598147
0.0
1.66521298885
44.9768418744
72.3284906522
148.957549317
51.909049675
118.071377439
67.0196456798
77.3949822905
47.1363411247
3.23421560974
3.55965288542
46.0107444226
35.8193008303
29.2725575566
48.7187211626
24.6658329516
51.9680030448
33.9935652763
44.6337711698
36.7271783309
12.0542463027
136.67
554.28
8.47000000001
0.880000000001
0
0
0
0
0
0
0
0
0
0
