0
0
0.137365790084
2.14442362823
0.608909294009
1.54538571066
1.07141161058
1.41126541235
1.16167326155
1.70658119395
1.95356215141
0.0
0.0174953818205
0.0
0.26218816964
0.756206909195
6.34927787015
3.21296762273
3.80793646537
1.7717362917
1.8476671013
2.72037346009
2.40291727334
0.0619245385751
0.0
0.234447866678
0.176522041671
1.6687788493
0.713770838687
2.08288571483
0.464717907598
1.44637088291
3.66649592132
4.32599407632
0.544786472456
0.0586954765022
0.596215945669
0.0
1.59347447136
5.28268291982
1.20121307392
3.22619030019
1.66179097292
3.89404498017
5.76333667751
1.05737731361
1.52706125472
0.11879536137
0.093002282083
0.317311704159
2.12127414672
0.901316732168
2.04263433331
4.3403507676
1.96683444688
3.7621001387
2.04439677519
3.31454819941
2.25418984611
0.0180204836652
1.54264655174
0.600942339399
1.51295590401
3.05029567517
2.56901632145
3.38069256063
3.4647619318
0.99467331171
2.40676082345
0.846359430347
2.31611768459
0.942328322679
0.771886941046
0.00140536879189
0.412245932966
4.53847547062
3.77299170662
4.27940198709
1.33347655647
3.18564297026
1.50600301276
3.02709989058
2.86676497944
0.840599977411
1.89691978693
0.0
3.62831464643
0.719424133655
1.64465161995
2.31497941492
5.60948427615
2.72720962716
2.4231906184
1.46679017134
5.15297189285
0.463237598538
0.59950859379
0.3973762393
2.54008479137
2.12797596399
1.40445305174
4.16989892838
4.39634464632
1.87639461923
1.74854209414
4.07836372743
2.7413121881
1.20428729802
0.84083784814
0.0
1.16506855015
6.42699605506
2.02504136274
3.11074144393
2.25046272343
2.97814077605
2.19556689961
7.75988407619
4.46061266027
2.58377332333
1.15714322962
0.875366657972
1.98730857763
3.09030854329
1.39628668176
4.16815701307
1.13204331778
5.48240168113
3.28897617786
3.03080446337
5.45837446768
2.0501327836
0.289716921747
0.0
1.92614878342
4.57482422329
2.62168980949
3.05675087986
2.72971730237
1.14218381559
3.19910266285
3.56971255213
4.43011049484
1.73730946379
0.50748426374
0.433779754676
0.172831420787
5.1613934465
2.62346518622
4.47005223832
2.81827820465
2.35955650778
3.53076658654
7.28786042146
2.36615127744
0.279445121996
0.0718509191647
0.252451858891
0.125549927354
6.22565370623
4.48652910115
1.79945934005
2.50118163088
0.704526304267
0.878135915671
3.31892481027
4.91612679139
1.46389947529
0.899602338672
1.2496496141
3.26174804196
0.122963932343
1.86954973094
2.96694550943
1.30452267063
2.55383441669
1.1372523671
2.19819320831
1.73746203259
0.33656074293
0.0
0.0
2.3012676388
2.94838582538
5.91636536265
2.32035400718
4.78509621182
2.87135871523
3.19267012482
1.81341690198
0.187085725367
0.102021330735
0.818424945697
2.18966031075
1.52597547695
2.30761948042
0.791430663317
2.41301098594
1.1189317042
1.98536067503
1.65777646704
0.483961179852
0
0
