0.0
0.0
0.692823976279
44.2621813862
19.5909381369
37.6296694166
14.2423998462
23.052884236
21.3104751259
35.3941574971
33.7340606741
2.97253205628
0.32295253873
6.17601370812
10.0058576167
18.0890608658
124.50833825
74.20101423
104.805527955
41.4750733114
29.0913048965
88.5761185438
43.1093660518
1.07816834562
0.0
2.7242950201
1.88092362508
19.9925078955
11.2181486939
62.9728829227
6.76508404781
52.5132772476
74.98785384
65.1705257292
36.8119417601
47.57278803
12.1807516068
0.0
23.5342978639
66.0616475791
35.0848869514
77.7495585847
28.7916940246
96.0372076258
146.073566572
31.5507808217
64.9315849627
0.379697408527
0.473417267203
1.78385710716
27.0244783368
18.5496070292
50.0834327359
90.9578958386
38.8885854799
68.7132781483
56.630254805
64.4917170466
50.9116617367
0.084676388651
51.005225245
55.3299595937
36.3130388261
51.7840486764
60.3720562085
88.3435578542
75.4312615973
24.3229010347
54.0088392814
13.8390756939
80.09279988
9.3064317475
5.45176029391
0.720603397116
10.3029799461
69.1162896751
85.8326374142
73.3408056619
34.528417049
82.8127669058
27.0801707803
72.4697920046
103.074058523
9.15043374338
36.1407043906
0.0
49.9331912302
12.886976463
48.1057532878
49.4753392339
87.6439084997
112.251911536
58.7670761402
36.4892544262
111.77142284
1.0361495465
2.39524671435
3.85769340768
37.6914056038
21.0010001678
41.888118077
89.877104273
136.567436946
48.4457440675
43.9142473829
86.014238766
56.3699658746
20.2015900612
18.4948238405
0.0
13.8190175593
154.891242133
51.32729589
76.8454226107
37.4749671415
56.4714953453
47.7655651867
190.572024889
78.003852792
73.3165748789
57.00194934
19.370472204
53.328614898
44.7735647186
34.658600472
84.035528412
20.2144026831
127.218530417
83.2801470682
47.1644835658
119.428747438
54.9775798469
10.6028822958
0.0
10.1329010837
82.5911081527
54.9523902749
84.0381225329
72.5468873335
36.250005925
78.6810277495
78.4699371331
107.74104879
24.9482393806
4.85645369813
30.4173396751
4.19681932032
124.337044425
54.1981198574
112.264314283
67.4515947216
43.8519172054
91.4884935523
154.236424282
50.6081537268
2.86091002822
0.445108741522
0.804185897112
0.0
90.1342574638
108.514071375
41.900588801
60.6887906268
11.1668242235
18.1368547906
72.2458422398
110.995476734
18.3908548225
18.9054146111
9.0594561277
5.46581988036
0.0
52.0054895842
53.864697408
41.7899459359
22.9219875197
38.9652900696
42.1699949652
37.3787961379
6.6669369936
0.0
3.37128531934
25.3052240498
46.6671178937
161.348652236
43.7865591814
88.6741037407
69.5307636336
75.8006424643
60.315596357
3.69751361618
22.4041384757
18.6534921415
48.0594703574
2.21634024382
35.7316751182
22.3077465892
54.811161683
40.6995375754
54.7781336458
35.6346739625
17.8129547238
31.2199999999
274.960000001
0.679999999999
7.65
0
0
0
0
0
0
0
0
0
0
