0
0
0.0614830702543
1.89502618089
0.750557924621
1.84853685711
0.746183668845
1.13747670455
0.714177767746
1.4171719728
1.10850631841
0.158769163769
0.00606150360545
0.418115913868
0.210656616837
0.911422230303
4.46441788669
3.15056070738
3.02441662655
1.63148262771
1.89254135056
2.42211605888
2.76932951249
0.0325246374123
0.0
0.0974838882685
0.0301464404911
0.770263697952
0.500243331073
2.24956911756
0.310628800653
1.89243987948
2.54442078836
2.64843252592
2.14188803895
1.32627236843
0.487095680088
0.0339755751193
1.34284342825
2.58426112868
1.26302210882
3.47357808577
1.40544137906
3.99308215745
6.02108284715
0.987990419148
3.47325296979
0.084370972123
0.190843224525
0.155862186104
0.819498907775
0.676034176257
1.78177857754
4.02398179646
1.75136873871
2.74335443717
2.61834344198
2.42272842751
2.47186955111
0.128606274724
1.10738793982
0.0768603857141
3.12481383234
2.08756671101
2.87238638237
4.03570271283
3.17746391054
0.85309850215
2.2496913271
0.840062520641
2.98253719497
0.535275879549
0.281100039836
0.0323286023922
0.420418616384
3.86289246753
3.61401328736
3.12158383243
1.58849069907
3.62553582294
1.26193711744
2.75678563816
5.08768566151
0.341359900311
1.23838490667
0.0
1.86781230941
0.604108867003
2.59311261401
1.8171785099
3.43405549193
4.51722382847
2.13660934009
1.66646661051
4.16806460591
0.211784599582
0.186345987022
0.380106717348
2.1868052464
1.49065692117
1.4736941203
3.59332527313
5.52847242798
2.15219669673
2.21188217413
3.72592229
3.02504167915
0.608296731487
0.360203017364
0.0
0.191517848056
7.1639581169
2.09708964755
3.58153889177
1.38915742189
2.10952286189
2.18671731069
8.39864436537
3.37600280251
0.474598683417
1.22617857927
1.59961583698
1.83976474032
2.49770805449
1.44389862241
3.35751732485
0.866426016437
5.06384561397
3.49116835906
2.00951022032
6.14126089122
1.99270782154
0.4345150101
0.0
0.643913857872
4.0301643596
2.42228668649
3.80145731627
3.50399638672
1.81234709197
3.05356902484
3.16981486138
5.40104778344
0.763518112712
0.677073432133
0.939388868399
0.849704360589
4.85803354857
2.33313332056
4.70681696082
3.06080970052
1.83599917218
3.959765343
6.16978877643
2.41769715492
0.18114230223
0.00314074894413
0.0357012189925
0.0
4.43847444654
4.24256683839
1.26849829569
2.91093148943
0.567211486865
0.667216159869
3.31218084763
5.05941256462
0.752336002886
0.661763846874
0.604660126264
0.696504566818
0.208304660162
1.82724131225
2.49062269763
1.22682997119
1.25584388734
1.95938837784
1.97320480528
1.362699138
0.0431595034897
0.0
0.140470221639
1.24642561749
3.34286399651
6.6861955002
2.54627691908
3.47204281506
3.52021900564
3.09730461845
2.87083369866
0.200760574546
1.16098946705
3.41981515195
0.666457096115
0.585807120427
1.09775305376
1.31005341373
2.53561430948
1.4030460465
2.4235944536
1.62487629778
0.749959378969
0
0
