0
0
0.0812280424871
1.74489472434
0.51274608681
1.74516856484
1.62572247116
1.11954983417
1.3340254575
1.73297226918
2.01976615528
0.0
0.0221231041942
0.193807661533
0.340093124192
0.793727613986
5.54480890988
3.72311441507
2.28745808476
1.7934328937
1.80738612299
3.31734662456
2.21511839144
0.264080297668
0.0
0.196796238422
0.511874884134
0.990588206449
0.90641171037
2.11056737683
0.422879944788
1.66187530104
4.53995070234
3.87533696159
2.34880320448
0.109022203833
0.48846976459
0.0
1.72234990774
1.36794844735
1.33651759068
3.42360510351
1.23574246373
3.68840722623
5.19096069084
1.08752804669
2.26193230692
0.0165285617113
0.0261012036353
0.698266378138
1.66453071381
0.640095788985
2.61090078636
5.45227461704
1.81056070433
5.01287341327
1.85246252478
3.66163565055
1.5962306927
0.0319022769108
2.03857591795
2.41299389745
0.0512965563685
2.39684106968
1.97199078137
3.06580422976
2.67801208189
0.684910338488
2.00463191117
0.989107815025
2.31565598596
0.419347370276
0.43045910541
0.0261967014521
0.419362231158
2.25728366803
3.40165809431
2.53504368907
1.76225364837
3.15640346473
2.0736968877
3.48648787383
3.62598992547
0.878132823855
1.95002497663
0.0
2.92709620693
0.716571738478
1.34378167521
3.40117259324
4.61808727798
2.07564226631
2.49246024393
1.59906049818
7.2066129148
0.616964288056
0.0660617523827
0.0
1.57425540173
0.772669748869
1.80159856344
4.71473152976
4.66400362295
1.82730253926
1.69892735733
3.49810372852
2.28221743903
0.922449790407
0.253882904071
0.0
0.828880857211
4.23584289022
1.52998624044
3.21250316361
3.23872173298
3.20984921989
2.51118757465
7.83305907063
4.49255987164
1.83808191493
1.25558442622
1.59738215338
0.65910615446
1.09066093346
1.34501474776
4.23184821062
1.49885259988
5.41663812869
2.88151539024
3.17712520086
5.37103843619
1.42582386511
0.161543780938
0.0
3.38622626406
2.86071257852
3.10138432519
3.17064790335
2.00419045426
1.30874760263
3.29774569022
3.96316283464
3.3745592655
1.58881568816
22.4825473027
0.247709974647
0.396979201119
4.15968680102
2.51305628195
4.15807044134
2.56107530306
3.03425844666
3.35818637209
6.91937714862
2.4181869654
0.206254726276
0.00417274329811
0.10810262867
0.0628316327929
4.16785128927
4.22976626921
1.83379469765
2.12214901426
0.819492160343
1.15888748155
4.09573118805
5.14893149803
0.855761049665
0.779218573123
0.26818459481
1.53027125821
0.0942375138402
1.63126627449
3.87700812647
4.13920567185
2.00569449179
0.846174932085
2.55633474607
1.77293069346
0.142091467977
0.0
0.0529667884111
0.670329313725
1.9197153002
4.32081655134
3.47932374151
3.5932916631
4.25803303253
3.36603124766
2.18978414964
0.23642907571
0.0954973474145
1.35093072616
1.43433325738
0.847332997248
2.81430614786
1.04296587291
3.18120786455
1.13406986976
2.23033515457
2.10112605593
0.434599981643
0
0
