0
0
1.15028116666
34.9498036956
25.6493010521
40.4990118854
25.6563008129
33.9577640947
18.0078454837
29.1982544969
22.5785885118
0.082798990421
0.0
3.8222669363
4.7110439837
13.0438269703
83.8448818402
79.7601091582
54.1291803355
39.088568274
47.7545604072
47.8980818242
18.8318051398
2.71263998933
0.0
0.0
0.19678401947
17.9547547102
12.6546362601
41.7001274746
14.4558050539
51.7248248729
35.5146291554
63.3721917886
42.0616817995
16.8532576561
19.1015465856
0.356675103307
19.6797494888
61.587067902
32.9163950057
63.9439592203
30.6712972651
121.493344501
85.9630825342
21.8979517445
84.4729960486
8.24071209132
0.431228667497
7.42321711778
16.3465482043
3.75629471988
47.6118882504
90.1095801377
66.0762386563
53.0632605962
63.5211209832
44.0726710512
36.36159549
1.34798757546
25.3887628577
4.20749339741
28.392917633
29.279922679
106.83907694
99.5768560433
86.751151356
35.8746357634
41.4174492917
17.4104437251
45.7366315574
12.1621275894
7.33189045171
0.0
7.63473281263
64.1809558421
98.076933503
59.4196780286
39.7441020794
85.4326273409
30.2588308411
56.9713099776
85.490498093
15.7990491846
18.5572228991
0.0
36.4904297786
23.2093900032
95.683581859
31.2334805453
73.6552233974
67.885271634
50.0695745762
35.1509040012
145.596460942
4.9281566441
1.38248428702
6.62024876474
42.6043906733
23.4669844955
27.4591577278
92.460882917
102.4507629
51.9610902965
65.6547772166
93.2616780326
67.3727704994
7.11468472704
19.7969203927
1.09783414006
6.34580567479
224.759103913
47.4273408734
105.406171078
35.0179142431
45.5411648378
40.6903689802
177.757090263
77.9423857034
20.5428872779
12.7447336614
34.621141987
65.3706802056
59.0952442735
42.0431498532
56.5887970934
13.6903192755
106.146023847
82.5933622853
62.9001016786
150.107739441
30.4338611885
2.41156455874
0.0
3.4879402751
126.211989468
60.5658399257
80.3472598745
73.5118458617
36.346742453
60.2117470325
60.9675866515
96.7897301652
16.7867424264
0.206041990779
20.4829722494
19.0289814547
164.403324388
58.0812517111
105.696211852
57.0890347548
41.7760782278
127.661785109
126.86331391
56.6907643675
4.41679425538
0.0
2.10866957903
0.0
135.182850653
95.0497390553
33.3153764395
58.7766731177
8.66751590465
16.313444009
66.1033448148
101.173782754
12.8415474482
0.0
19.5567015409
6.44910241663
0.0
37.3909258805
44.2277131217
20.6668495126
22.6091564912
45.0537960115
38.1340608895
20.2359035611
4.37710547448
0.0
0.0
4.96363127232
73.1640188098
160.301923362
176.427357852
96.7155689299
71.3554800264
82.0477352143
58.1543577166
6.31899051367
1.65717261471
86.6029225363
11.5263061412
1.32842570543
30.4410237149
20.6684130728
78.5919031183
33.8184962758
61.3572586198
53.6377252714
16.4548650384
0
0
