0.0
0.0
0.849982850254
37.0087076719
26.8074294626
49.7340728758
23.9010072369
33.6013900694
15.9951298814
22.2474939544
17.8840524349
0.0335189234465
0.217307035346
4.30341303348
4.66177540272
29.0034639091
86.3671307712
85.2306120024
64.0520350188
33.4409395046
51.6130035706
57.9537948667
58.0912062005
1.87736169621
0.0
0.0
0.171533022076
16.1450505853
13.1293447428
41.1568518012
12.2529067355
50.6473615709
40.2874136064
50.0025614393
42.5615354887
34.9668931961
10.4560138285
0.356675103307
19.3679621816
64.48290807
28.2420689239
64.8033639919
31.9609164941
115.928144379
95.8504717536
19.9759782851
74.5747661702
5.77751290798
0.0
7.0013129711
15.363175571
3.99132737518
50.1589601376
90.8794469455
60.2701549195
52.2676292808
61.0955146411
43.7835434914
52.1016708389
0.374730750919
42.5545500331
116.191675773
30.2198150753
36.1020147802
100.592640314
91.350279491
91.5008662894
30.4213150776
38.475693737
21.1844253754
75.5391324888
17.5439698552
0.379997447134
0.0229496662505
3.65105652809
80.5485102833
98.5386633967
65.1288415258
44.1879216694
88.4464549944
32.1950903534
59.6227941038
90.171961561
6.89668243658
18.6818616316
0.0
46.138985281
22.6897704816
80.2960830358
30.499614893
77.0407111296
73.7874671119
52.2574550194
34.7231502122
114.876262848
5.030516088
2.37033712864
10.8511206508
46.0873206408
36.6955534368
28.469249742
88.0785511135
105.719445054
50.1482523902
68.5479173278
91.9066334366
69.0113297738
7.50312390178
16.3197794929
0.0
6.81851515174
137.08319051
51.1213582176
101.23065084
42.8766936734
45.5188172702
36.0906943577
165.457548
79.5422703178
22.9604919255
39.1348589491
106.318948746
67.4568444192
63.5818084404
38.4638939482
52.6994532113
12.6073310897
114.496594654
83.7745057606
57.0570329419
171.32265801
23.0565025806
8.01783154718
0.0
5.00089385268
127.460359097
55.0758206695
79.3764186948
93.4590021931
35.2889914289
62.5446048305
62.4877946405
109.28745104
28.156947691
1.02255601063
13.1226725466
15.1758358553
154.257797688
62.9718236849
117.240454115
47.4804192782
43.9448087978
120.217117131
132.755783558
49.1019648761
1.51608302258
0.0
0.279792554676
0.0
129.412390798
85.6642767862
33.0766010453
58.9065236268
10.4358044732
12.1239693426
84.7049039918
104.631413251
13.6732262364
11.5877773762
17.9333716035
8.84056082369
0.0
46.2920722514
41.2238513678
23.4081079848
25.4306935658
50.5370647846
39.3551239706
24.4121795743
1.44845589995
