0
0
2.0116853714
55.5468800515
14.834963277
38.1172311888
23.5206647124
24.8864095006
23.6246552188
36.5758895455
31.4269232098
0.0596085134894
0.424433589912
2.74748919905
9.97473970056
23.9635939286
148.38042064
76.0101827834
93.4062929191
45.5352167376
30.3439219985
90.7800554038
50.442443479
1.17767206952
0.0
2.91598051786
1.87933451124
31.206464143
17.5108604212
48.3340191012
6.70399057399
49.6837654375
78.3364867195
79.6236571726
45.7366770766
24.9395976662
10.7383164391
0.0
35.3023134888
120.246660769
31.7447603904
84.8414846453
36.9283848283
101.02834964
149.72947047
30.8002215866
53.5795877426
4.76512424647
0.0
4.05016601086
33.9769952371
19.1595938802
46.1596010774
109.555535476
49.5281923301
66.5078941752
53.3762058019
71.0281113346
52.0237311703
0.846674764529
7.55523899942
53.8523739204
0.0
61.6032669358
61.1747643929
85.158978492
81.6094613042
28.5106821209
57.8837517612
13.7661883375
93.425597051
21.7626380324
6.12077162414
0.140930031426
15.6833018661
92.3759526907
81.2970269784
86.3443981865
30.6161374692
82.9414906958
33.1660555937
72.1956135929
88.969873974
16.0725247292
30.4105979203
0.0
54.3658299254
13.2687210962
45.2906145528
45.2838934622
112.289579859
93.7566607577
60.4204710312
35.1217609272
101.43085716
1.62534798682
5.14302219451
4.50841136278
41.6419986785
45.6382610666
39.888929844
95.2851589601
129.41345563
49.909077527
42.006979253
87.264172962
67.2428884058
20.4106978253
22.0224739015
0.0
14.3884068076
138.024565503
50.2088277173
87.4828409285
45.0772671103
70.6953815287
46.4215003322
170.119106272
99.8761978337
78.4335135854
89.9831313641
9.9800178185
40.0167708994
67.1475254119
41.5377090631
87.0464311894
22.5225249818
132.162669724
82.0782209196
61.639686875
136.930886462
55.5248273424
7.82620898635
0.0
20.2332907654
101.1900497
59.4004072872
72.0343044055
77.4644210021
31.3811589574
74.7438991126
84.0246364166
90.8509586323
32.5218269081
6.4678132385
3.68595834821
2.39978458732
117.782275563
53.9569550158
113.447279792
70.2167092188
46.8243316802
94.2226109839
163.682747444
53.2614934318
5.21120276302
0.698379009962
4.30174058676
0.0
123.013094444
106.985049158
42.8468739634
56.493158251
11.9302168451
15.5448618201
80.299322911
117.528566211
17.3556834552
0.0
9.91461486742
20.4106447399
2.9415613711
41.5841739422
63.6925437749
27.6642513338
31.2386409098
37.1943127289
46.4212929905
30.1460879446
8.07874455302
