0.0
0.0
2.90882092529
53.0293119605
23.5666680559
41.6009432952
38.7166318092
27.003209034
32.8844478708
40.2522931219
53.8678651582
0.0
0.612588138319
0.464468881488
9.36451881007
26.3429717124
146.536786004
79.2615507552
58.4168638279
45.7331679538
40.1909507086
79.5941590817
63.7864513994
4.20089824498
0.0
5.77031493187
13.5040053595
34.8312675264
22.2710124529
59.4116135705
9.59234590642
42.6615634114
98.777029261
102.690009606
13.6648218334
50.9451291562
15.0294243917
0.0
35.2842685421
79.8911630138
41.5065899491
72.9434967655
33.3693940687
92.100595303
140.087635495
27.2969575188
40.0113558322
0.831331349909
3.27547189594
12.0227859914
52.2078679538
15.8811781257
55.3261439935
111.411789067
51.9017479531
114.800153548
43.406313588
82.0768568501
34.2447675895
1.29662495479
91.3827486074
11.4685885683
35.289656639
64.3795111812
50.1331365696
83.0894290349
70.2839131896
23.704219982
52.813336403
23.4013784565
27.6742280508
26.4491957054
18.2914639218
0.88356697932
11.0579675585
92.2794358135
88.4250640646
95.3589563482
29.5202760994
70.2572946343
48.651608387
72.2300195954
77.5033840054
21.4739255737
48.7222511172
0.0
79.3582078702
17.6142256223
31.389965633
72.5690199696
116.204678457
52.9061870947
63.2054109202
38.2995602825
219.535469268
12.8239463568
5.35668683052
0.934385150671
43.6929329484
52.0871908217
42.3086507321
111.640935793
106.180065508
43.1735239327
40.138392739
93.1235405328
71.0886882674
23.3436082452
11.5189672653
0.0
19.1415044926
148.567356359
39.3166483766
68.2857511877
59.4924591334
79.4693854394
54.0286038703
195.543431952
103.107889228
36.757330656
25.2990706711
40.5004508179
18.354087621
46.3027976189
33.0099127068
97.8726078746
26.634729445
135.757419968
71.94363687
75.2688044719
154.775984259
51.360828515
6.01197594031
0.891423672437
21.2175672557
105.277097091
73.4551651831
77.6737376153
53.8906099164
27.2806424014
79.1264347807
93.8798614572
75.8843637127
45.7915658467
8.1347456351
9.2382239923
5.08978016674
139.008277254
68.1044635918
108.516256582
59.0795719894
61.4603588352
75.539446637
191.714736588
59.7003776729
5.91524583847
1.87227496505
11.9763688445
1.31531488896
123.508368988
103.484216317
41.6558280113
49.0341858118
15.6488069706
28.7187472963
79.0108163254
120.488282522
34.1270588162
1.41513035539
21.7293051481
34.7671743482
6.55472123623
48.3895977269
84.1645288301
85.4423051477
44.9941347941
19.405691592
54.1110717058
40.8298035264
4.29439437389
