0.0
0.0
2.58655428886
57.3004274369
14.3005252182
46.2064880858
25.0345748719
29.7938416433
26.4560415298
37.254588414
46.2257408815
0.05686298199
0.529252812266
2.58493844791
6.75269380956
24.2619667529
148.08618495
76.0282265623
109.122125599
45.2522517331
35.6093970034
71.1940539257
44.9642592744
1.23723368347
0.0
3.38722121714
1.13741110079
36.0859352023
19.4801603411
59.5245735878
7.79221502134
39.4404610992
79.2810612862
88.3807163789
88.1217927751
28.6278052927
8.06962108613
0.0
36.3870021281
126.702031799
29.9719780097
89.9038875089
42.0420718649
96.9581100634
151.01228463
27.3908695634
52.47462762
6.35766881705
0.0
8.68526856602
40.794408571
23.9928497225
49.2951367646
112.491180318
48.9396033101
72.5848657788
49.9110662873
71.8544503637
72.4079123306
0.936216976493
53.89093671
1.48985533789
60.4011325836
71.8429432063
55.0190602709
83.4886438334
89.8077736433
24.0023655518
56.434643045
15.7740908833
94.2212203061
21.3522703461
8.53308311105
0.0438561723566
13.3827199191
115.722533449
83.9073066017
83.7796731005
29.5985994245
85.1221027421
36.0282201859
75.0742990812
78.8280294276
17.8692922778
31.0285280942
0.0
76.1477076053
12.9013250666
36.3321735598
46.1304323952
114.540899366
82.7052271999
60.1957107113
35.2563323491
106.46652426
18.2253001928
4.30828940124
4.46243610979
44.959956149
52.5776717047
40.7987378966
92.1170990006
131.502175586
52.3477401809
40.9698981643
96.818544547
53.6097707246
19.9778284282
17.0356990322
0.0
17.8919068705
178.729738947
49.420026306
74.342015773
43.4799303989
67.5137524596
50.2399842809
163.271744488
104.000651278
54.1339003219
58.8355276733
30.4229741134
31.969520375
69.9461144424
44.6198448794
100.540049504
21.1336455569
133.552217731
81.5857367254
59.29079004
142.722647309
55.9093322921
5.02050827443
0.0
26.9582815999
112.414490674
58.4094842774
71.4801867391
66.7189040556
29.4993183521
76.9035410174
81.9011539891
79.9651489332
33.365642231
11.9339163601
5.93396546693
2.76820020005
125.771736684
57.0491019655
108.641830953
69.1189643405
47.6067039595
89.4869924784
164.376518575
43.6907517874
6.35236121714
0.645719110966
7.58728694916
0.0
145.271007221
110.002024412
46.7243293534
60.7777130753
12.2996709421
16.3114406476
90.1442773346
115.856536701
25.7298774497
1.2941292515
14.4791744649
34.7418917119
0.957084041554
43.9328214974
63.9452093868
19.0344495624
44.0377178527
35.6659871935
46.6675291882
32.6818362773
3.72172332554
