0
0
0.0442321635783
1.7235539183
0.822451042244
1.86523892009
0.805690808105
1.18535232102
0.67647512001
1.18193887547
1.04205195874
0.00631076935679
0.000551098608412
0.358585208654
0.182342965156
0.968434051611
4.19582226616
3.29730415042
2.66403499036
1.4874312547
2.23703217926
2.74822790176
3.17395749432
0.217841444537
0.0
0.0064483252354
0.00536018470302
0.779419329017
0.478956507985
2.13786600635
0.331370241416
1.85710202763
2.25380188064
2.47046289954
1.77740583778
0.0201155133545
0.313557224348
0.0135691622272
1.70196048729
3.75768245012
1.24942845746
3.08979144366
1.51700013306
4.58892264264
5.49421972316
0.860287480056
13.210880667
0.00744884065352
0.326929926872
0.13615212962
0.900232255226
0.415290175937
1.83628485631
3.8213650235
1.75847033272
2.79890203697
2.65035926388
2.38095345261
2.25792161957
0.0104821249843
1.26370905875
2.31979646516
1.69100045413
1.84462521039
2.87680467567
4.12374170753
3.37104569841
1.00648339954
1.98041104409
1.07484550599
2.5914334135
0.653052046662
0.289889287204
0.0536720202072
0.137550877407
5.11610326171
3.50576410757
2.6259511094
1.49794967892
3.280865354
1.39644282823
2.59766814543
4.75332055509
0.369296763558
1.16989094624
0.0
1.77929539606
0.82236332004
2.62197967421
1.70118838339
3.29642854515
4.02272947785
1.95285306685
1.52766838996
4.10958163487
0.287857312709
0.351819619536
0.247050210834
1.89414245263
2.15317979082
1.44625057536
3.7492110536
5.35229090427
2.22771492135
2.32586969307
3.69973156042
3.41295641218
0.496122486889
0.678353987634
0.0
0.283752465621
8.47068571148
2.21461084794
3.57328012225
1.50604324415
2.00629021996
1.99688936479
7.67725442071
3.32616735063
0.819592493121
0.896856084
6.39975048229
1.86058642459
2.78165147261
1.57126986468
3.30632836837
0.854518698063
5.52785319672
3.5741239104
2.06157009263
5.57157219993
1.67931456026
0.475577144185
0.0
0.340381305781
4.51431602519
1.82229943527
3.85878017498
3.56655676942
1.79772094218
3.0430266672
2.94492445618
5.31161814858
0.210523982532
0.158631497994
0.972309277859
0.829784564674
4.73425166786
2.22442278219
4.648469646
3.44463406981
1.77817271836
4.43846849725
6.3123312341
2.58156515565
0.0878303158097
0.00314074894413
0.00910837389529
0.0
4.95939286437
4.2618762101
1.44801419426
3.08012914751
0.600712338113
0.624580626376
3.13211754174
5.17854273261
0.863611263689
0.652702331543
0.51002112031
0.638164956123
0.757202867419
1.69578049844
2.35827666591
1.11395607656
1.16829464724
2.22460254421
1.85585476691
1.47536035441
0.0321050100029
0.0
0.150924853981
1.22301831655
3.49539251812
6.23911802191
2.48838463705
3.65217168722
3.39707845263
2.88778521598
2.44090557471
0.117314788513
0.676987255807
2.86824508291
0.902923738584
1.20114160888
1.61398286663
1.0896101268
2.07221919135
1.46602770756
2.22927187174
1.67215026775
0.779363198671
0
0
