0.0
0.0
0.717168688774
38.997274129
23.1217386648
48.8062466369
22.3745474629
29.2594314403
17.1744485311
25.4520322289
21.2135541793
0.0403601266445
0.257690683008
11.7510709763
4.82733075322
13.034293592
96.1948644072
85.7290167775
62.3640276175
32.0158388167
56.397549726
74.2079418898
58.7832162379
1.60933035426
0.0
0.0
0.128649786115
20.9830925167
15.5399610512
38.738898349
11.8788901451
51.2487523387
42.5959565508
58.886340833
28.9800782009
38.4648656844
15.502000764
0.374508842825
35.6851976047
89.1121045613
25.2371353399
61.293214308
32.078225473
114.431893732
102.326959371
19.7861268371
83.3384984695
16.2423613071
3.37636756896
5.92957037688
16.3971918225
4.2118974924
42.4691529794
85.3816919402
48.1878369302
51.153153372
60.5735056625
50.8831226611
49.3157765738
0.60501432605
23.7731931768
108.43577937
22.2986028492
47.9508892001
92.5022710114
89.5537169762
89.2933552879
27.773978591
41.3024602476
20.9519517012
34.5393137676
14.7390284724
3.66896030678
0.023716840893
4.56099092959
94.0227118135
88.125879731
64.871899854
42.8593479506
82.1581233254
34.9758522547
57.5468951594
106.33434365
8.67358416785
25.575045473
0.0
43.8537536832
23.5532114916
74.4087139824
36.0759006031
76.1157563618
91.875665333
50.6919716717
35.2590569482
128.870322106
5.40104605258
2.2082862854
10.0619008988
49.3987074271
39.4453677982
35.0453308673
90.8075793106
120.596003238
48.1847089716
63.5183367665
90.6485785582
69.2166475207
11.0169543475
19.2426709235
0.0
4.22201894225
155.518665936
56.5139630038
111.830837309
45.9278470651
42.9204502591
45.843962653
165.855172377
89.3740809058
27.3316008636
43.248078648
80.216822315
64.3639993742
74.0746667654
33.7218816079
60.5891106204
15.5145320054
123.320725171
84.5772619174
52.5236038474
149.59495765
21.2651358247
10.4520456791
0.0
4.08802073076
131.352667686
46.2290111035
90.0038749092
102.56264095
40.6342102428
64.2077141014
55.267261385
100.52651947
14.4257895201
0.385206012055
26.2306703479
16.1932821572
133.099179095
58.5357002412
116.803901978
74.1288966984
44.1783277598
119.22314788
148.901736712
52.9797811882
3.89121168852
0.0
0.329353965818
0.0
133.71980367
97.1025253459
34.523053367
64.7176507702
12.101576563
12.5910651991
95.7613630258
113.631524901
13.2798560578
15.3262753487
16.3804778606
31.4841567948
2.2024265863
43.4184569122
56.7981659174
44.5984572506
25.7428377439
54.2972119598
39.1015102174
32.4912394882
0.0
0.0
0.0
15.4208693951
94.1951061487
138.115549844
115.617494557
92.7371544912
67.3892738074
76.0057166777
61.220552221
1.14891599491
4.69791739807
57.5352278575
8.85854329169
8.27896142006
33.3247033284
23.2335363329
74.4130983353
38.1491830721
66.6724611818
41.442982385
25.9387792591
30.21
57.75
0.0
4.66999999999
0
0
0
0
0
0
0
0
0
0
