0.0
0.0
1.35578852892
47.1144417374
18.3533291845
37.514624911
17.0038067903
25.9360177853
15.247690117
36.4110242129
31.9387898426
3.85289068894
0.241263583303
9.37164759636
7.26397177577
14.091696756
116.691341691
76.1021411306
84.3399617729
40.1624703343
34.7582002246
85.3785976766
42.6290871686
5.66124108619
0.0
2.4698317051
1.3049456086
18.0674262643
10.6430031653
55.9106578008
7.58879880701
48.4755523726
68.1724189651
64.3219431108
27.9126745183
55.8222370147
11.0027498603
0.0759018491954
23.316915608
54.2700399086
33.2530258577
86.6117091458
30.8553803364
98.5662958157
142.889490569
25.6680423283
47.905394863
0.373812921346
4.0138347745
4.99287128448
23.7391382307
16.5388804749
48.1806249953
93.2626639903
39.6628244743
67.6284730733
61.6369708702
60.4819814321
61.0196234342
0.0
28.5415641703
65.630623729
71.8200346826
55.7927262782
59.366840629
93.1065732305
78.4279177934
22.6643869292
54.703209403
18.7533561448
78.7068814058
13.998843913
3.64545017621
0.704918228556
11.2942970395
69.6501489581
88.704364392
73.0891482588
35.9313804041
82.7935942075
31.144873146
66.5670365765
85.4866173053
10.6679899469
28.9160405904
0.0
45.5905180426
14.2770748828
54.784322653
48.196882194
83.2244852772
104.895848148
55.4865739541
38.6460107042
109.724413728
3.04439590126
4.3860758543
9.28011238574
44.5919750669
26.8639140869
38.7556897625
87.4431728964
134.325211295
50.3951956406
49.3454933976
90.2625904426
55.8958138776
15.3641308844
9.44578161835
0.0
8.83193613588
166.377992598
49.8373839298
87.985416443
30.091981357
55.3611775841
49.5146665577
202.769214436
83.7225422858
76.9913220797
87.3119707927
15.8996431231
45.9136887118
49.4271303622
35.6017694549
81.9436952882
20.3735893406
121.761127509
83.1545706521
56.1028719955
118.349288095
48.8687348441
18.0573378839
0.0
11.8550334368
73.50427638
57.2936130626
87.0297572314
78.8240362303
40.6174491103
75.1722520999
74.6850857539
128.490647312
25.6983829457
12.8897553496
38.901640188
21.0136990249
119.418904619
54.49610205
111.946316242
67.0016504628
42.4993666447
91.6909390334
144.956459295
54.0798499882
3.05598150194
0.243798024953
0.802494764328
0.0
98.2071443069
103.428769827
42.0996816886
70.384252321
13.8517958019
16.9938665223
86.2243847446
122.825340081
18.6686926335
15.8945521563
17.4647326665
24.1140990257
5.60561755298
47.3222362361
50.1897928762
22.3064380567
21.9847368468
42.8946883121
47.4014431956
32.1845245063
6.7254922092
0.0
3.37128531934
28.2034476398
52.0488323719
160.782884382
47.5554730409
86.1758836358
74.9157954007
72.4529850888
65.2360700369
4.98738028855
14.4760024846
80.7842355854
48.8047794029
5.51839725672
26.5557360929
26.7897841037
58.3228127556
39.9380820953
51.1333973184
37.5898506156
17.7242992334
22.81
213.23
0.379999999999
9.66
0
0
0
0
0
0
0
0
0
0
