0
0
1.95780551434
24.9121801901
32.8839055699
40.676176493
36.2600073516
29.800633213
21.2110765614
32.6028711302
21.067413331
0.824605375529
0.0
4.70910964162
3.41105876863
14.5220169844
80.1289106234
77.5517953075
62.3511211154
37.2190431823
43.0490855443
50.1167902351
19.7943504453
3.31610113754
0.0
0.0
0.225049110129
18.550479278
16.4007472386
36.1548057804
15.9967118301
49.1544462461
32.3811755273
56.4039948648
46.4529404081
34.0571651458
8.19127227365
0.0
24.2842322587
53.1777304709
30.500351153
64.2348950318
32.4663502536
116.487925591
88.297906992
21.9552615588
54.1683034656
6.83831869438
1.89576619864
3.42017363011
18.0986277452
4.82627798616
48.6546653314
81.5451943483
73.7564667072
59.7096883524
67.4053450282
41.203904598
35.1481231385
1.39136716817
20.2180090752
4.02054099833
65.3143730162
29.8129432798
103.85647472
101.86299024
85.7051352002
41.6223127618
37.0269799541
14.8892096244
51.1078168229
3.98071338235
7.95078821854
0.0
7.45832008123
64.5018065573
100.932922775
61.7118399739
42.069117654
92.3139618727
24.7474128166
58.3226458622
78.8162302198
18.6342275301
20.1900431402
0.0
31.9271693676
22.4140371233
94.7690570186
31.4789535454
80.0957132438
65.15516508
48.8573904746
35.0702518188
137.576114155
0.481626539491
2.17737829685
5.77878713609
46.996037677
29.2707403378
31.2980961521
83.3216351503
91.4094022982
57.5397929772
62.3824657118
100.354440305
67.1816354357
3.41156500764
22.9244256914
1.3254827857
4.45897796004
216.99137159
48.7968368513
97.4738160298
32.291376125
47.0382169812
41.2147351457
173.887226544
74.18467875
24.9519485906
22.6372933611
43.120589543
58.4084486738
55.2341440246
39.3102730423
60.2567981362
15.7225525947
106.711775556
78.7589363899
67.8403989478
149.371578723
33.4380778166
4.74289854617
0.0
3.5648185769
130.923136286
60.5807555839
74.9082635134
62.6622584285
40.0735646803
60.1130614997
55.5485524313
129.170638997
18.2885468826
2.2069316078
30.8949486763
0.907018214465
169.857406005
58.9758172102
107.066737359
51.8132837042
39.7862860286
131.426595401
130.009981703
54.6244215444
6.75384679063
0.0
1.44729807973
0.0
115.316824214
101.369974159
34.7821931765
56.494890972
8.03178919294
14.5570766358
58.8207068369
93.9722018474
4.56607042999
0.0
15.7379997969
3.75761175156
2.77667067199
28.1084976084
55.4677423872
33.6241703652
25.6343230241
47.6767034568
36.934585087
15.1315455437
2.36469984054
