0
0
1.91663662344
26.7304333378
8.26517446339
42.1946573184
36.0889977235
41.6572217009
23.5945055634
45.9783367327
51.2324691842
0.0
0.0457656076178
6.17889556289
10.3683330417
15.0994110089
104.299092751
74.4125647322
45.166863989
37.9182914458
40.8815464507
79.0795948337
64.035558097
5.83790814132
0.0
4.75494647026
17.7691710675
19.2247223631
18.9297325951
51.0672681955
15.2355518667
44.0422240142
117.561989218
74.9439419028
49.0924187993
3.12370204925
7.69820219278
0.0
32.9919928908
34.4199341052
30.054804979
88.0079306597
24.6171095772
94.5822370034
117.042383837
20.4373928458
81.1408366039
0.0
0.0
12.8141664863
24.2297156006
16.8435323015
64.868166564
120.601373261
36.6076552766
136.839253189
41.7697641012
98.613786486
37.4656940549
2.02790113538
34.7360125109
82.6669646054
36.7572633773
55.034003173
45.3179822434
57.285866797
64.7232727978
20.2550655529
45.0613256971
22.9417428989
24.3228162742
17.3070398569
3.63846361824
0.261016513222
10.8733647466
33.5195347666
70.0122545342
53.0444010571
37.366764726
78.3553876094
44.8946284241
90.9237316567
107.558368013
18.8358342871
27.8528417498
0.0
69.7396073174
16.4746546
40.1064919308
96.6232917701
112.505496796
54.9024439529
57.1968736694
41.8261882514
164.611166686
4.87105864193
5.02605309338
1.35062125325
29.4248917344
17.4403033554
55.4573489484
118.07580844
117.10550073
37.5454449523
49.7580517517
87.5489869891
62.4671839178
25.96601028
5.92819563859
0.437434349208
41.6371209864
62.9784205164
25.3034068812
77.6010993761
78.5180206262
74.3972018798
76.8038055898
178.980673313
94.8623269481
53.9054885237
52.0549206511
38.4487132207
7.95355137437
24.9916682587
25.8403356672
107.192722108
37.3196552227
121.469583627
70.7636468928
75.3982944322
130.984068967
61.0762975159
7.50746754929
0.0
4.9857553728
68.6099087633
71.9495178648
86.4367142035
46.6033964474
32.754684845
79.0105425586
101.38772665
122.644720165
32.3707181532
11.2122885771
8.16814644634
1.52092339843
87.4343822482
72.3480390468
103.036267698
55.1654279306
85.0960830542
77.8296830467
176.726877552
47.7317626015
6.69246234744
1.9404360652
0.908150911332
0.0
79.1757367788
122.267088981
39.9851393849
52.8782506138
20.4044704735
26.8684955359
91.1171425889
127.188989371
13.8531325618
21.2735061049
3.83986924589
6.5869152546
0.0
47.7123598606
91.524477887
45.418188773
57.3190389946
16.9785149116
60.3972947839
27.7167509208
3.35985070466
0.0
0.0
11.1658237651
79.8148420416
76.5434717686
94.717617251
82.018092703
98.9388884491
79.903116379
59.3717646449
4.00900746881
23.6183781624
45.4895803927
31.9809865951
0.442195907234
57.4511933201
27.634860875
49.1196549163
32.5410898702
78.3933825194
45.7067031338
7.79524663836
214.52
40.02
0
0
0
0
0
0
0
0
0
0
0
0
