0.0
0.0
0.0849715769292
46.5372526646
72.3681372552
58.9791635592
60.2593346033
38.9404173838
16.9404261075
34.2804733514
16.3653492853
0.324958853424
0.0383201949298
2.21316021681
3.80447494985
6.18277474538
46.8430974482
91.0461707935
73.9165436402
31.0236851102
26.6021396779
48.4528823532
34.0538552441
4.81664699503
0.0
0.138746716082
12.0364031196
13.7750881389
11.3816586533
33.9072565776
8.80345420538
42.6825232375
17.1464571934
50.2065857606
44.385195083
16.8100304604
9.04990299046
1.07977679372
1.36463996256
67.6098794863
48.3936432862
55.8974632085
30.55602465
94.12037367
47.0107425024
23.6751146391
69.8070362359
4.87045074998
1.69139371812
1.93109446764
17.8414276452
38.5705831032
45.0326278488
80.1893655108
86.2785187327
69.7244898007
67.6085574394
31.3463737714
75.0221927762
0.881927540525
26.6792975664
130.102387324
0.449510291218
35.2285365389
62.5253020673
91.2609729991
73.0978223998
67.1451418558
36.5324758217
31.1700636094
87.276993425
19.0474282633
3.89340041578
0.056174794212
0.0
167.586971004
89.5280427934
48.2190359748
33.3110078462
60.9699264067
50.0183407925
38.7491349242
70.8412581235
80.667326605
37.2220118736
0.0
30.9115467192
21.1084977575
92.7213816857
46.7146932463
83.4037332125
61.7267795875
25.6427324227
34.2520094966
166.491652263
3.47009358554
0.0
1.45874333382
40.3241729568
71.7082322537
9.3837192678
78.3024440724
86.4696280694
72.63832587
60.8490933235
74.6185771375
60.1607662886
3.03427406587
65.9203031659
0.0477905874142
55.8396361918
139.227481004
66.1969988141
67.9710140414
18.3275265908
52.3622664857
39.3827688341
152.47010517
79.7207498028
52.5191231669
29.1380335764
59.0821769369
42.3971074373
41.996530374
33.1232758435
63.457925887
13.2534019947
91.6693555433
87.79465872
88.3884353628
140.058885751
11.646083191
5.04721856117
0.0
3.49818032328
161.347358823
41.4825315847
76.0708842398
26.7908751761
60.4759590626
62.5492605055
38.9385052315
96.3427651366
18.4043468032
1.25430152938
9.66829615831
7.17320763319
134.471222612
68.147662201
102.189505007
36.1226911637
36.599101061
99.1931141345
134.003886335
68.9921463132
6.97308897972
0.0639779940247
2.10866957903
0.0
115.999643683
146.091645408
44.9099251601
63.0739383996
7.23502920941
8.73414528742
38.8442916451
65.9631687552
5.96481364219
0.0288705630228
12.7632581396
4.83348079025
2.25768005848
24.4923941196
29.6780421031
41.775539808
32.2682189858
45.312669877
24.6511559208
1.73467129469
1.52465723455
1.46095857024
2.23350423575
17.6876146495
63.9552817046
114.46404697
84.7820601077
61.7046310118
77.8524554371
86.1363408398
17.4013264775
2.2981249541
6.35292220116
21.3088623192
0.174054868519
48.028742239
22.0566225517
16.1754673272
43.1492959409
93.8799607157
95.9631344398
26.6281327195
15.9725012183
111.83
864.33
6.85000000001
5.85
0
0
0
0
0
0
0
0
0
0
