0.0
0.0
0.832961529494
39.1268709396
26.7932026013
70.896180653
37.4066025024
40.5198359638
29.1335373
42.3495988884
15.2684995048
0.0
0.386599858291
0.0
0.0487822419965
21.6393054128
41.0651173778
59.3911265731
51.0774313956
18.6093161814
27.3299708822
72.2362066694
14.3716439679
3.35663062334
0.0
0.0
3.02960228921
0.0
10.9852228761
43.6992672701
28.0771979796
33.3989925274
26.166898909
49.6470671966
23.9322177451
1.3071758151
17.5482615139
0.0
9.31071004272
42.7330571897
32.1981960442
56.7709701955
14.5539538306
83.8315696567
39.2858787245
32.4623785615
43.5998317747
14.5143495798
0.0
6.88622462376
23.4956078539
28.7775928303
41.0185395778
74.1073812343
111.068594899
53.8423608038
63.1163757295
34.8818942354
32.0777641553
0.0
67.5105992784
46.5490411519
0.0
44.7191790194
72.6031892897
75.9532090039
63.9310099874
43.2416330258
71.0663890522
22.3110044338
71.2018353324
29.3770070671
8.57720392385
0.126789595932
0.109998710454
184.898599416
88.0293729245
41.0560998372
18.5510938712
65.7851205775
35.6776719773
54.173401745
68.5238101781
42.8827624229
68.4206131474
0.0
20.1321464041
3.5994557999
106.797199387
39.147669984
103.941089482
144.534458399
14.365002986
49.117357931
245.494234039
21.7102454714
0.0372969349846
8.38155779242
14.2003516098
33.8412475493
25.1471912311
97.22204115
88.0037568379
83.7418690771
72.8201750256
68.689328201
79.7422672882
1.96822281461
7.56756134705
0.0
32.2162195946
102.530747363
71.9929330944
80.9023997057
19.5831727087
51.090732371
30.4168292285
157.116179533
32.6017311048
130.535817426
7.49716910719
212.658320524
29.1868571676
27.7987499815
27.4611419254
119.939464912
10.2216974124
67.2696613726
61.1764555733
93.1847566589
177.984842867
10.111372076
0.956681884826
0.0
5.14849735423
72.9015642847
35.8883704618
64.1124356863
32.7577079906
64.0307102222
75.7856822424
37.373225676
30.3403515926
21.014709726
13.3521456085
47.1018505598
2.88191305195
149.807323828
88.1238175202
116.421616808
74.2145727602
58.698933659
85.4214341138
91.2384386882
73.9016809891
2.42160619051
0.0
2.85775351524
0.0
208.739160228
79.4964131712
39.9944451302
65.9915036028
16.949738754
9.96287703329
51.3785041246
110.911402333
6.10599369182
0.0
17.9680623114
23.0104610436
0.170546606183
22.6382620269
37.8796954303
13.7529257736
30.1176379882
34.9903683811
8.94623109698
13.5359215736
3.29730892181
5.6235512495
7.83402001486
5.17640982941
31.0932638794
96.0765972734
47.4405944645
120.020475693
50.6497275084
65.1146395951
18.540364081
2.21109296847
31.180528164
19.9539439212
0.646394312381
53.9708512682
32.6386396586
22.3464379683
18.385928303
195.006046719
104.124226682
42.2510470524
38.3226942122
39.03
27.99
0.63
0.14
0
0
0
0
0
0
0
0
0
0
