0
0
0.0
1.14789675828
1.79856181145
2.8662730371
2.51398055634
1.03800039436
1.16409095377
1.46662717173
0.8395806232
0.00815897062421
0.00174856069498
0.058772096585
0.0154993925244
0.49061295297
2.45760094491
3.79015105404
2.28871399813
0.932522085146
1.12384613417
2.1500981116
1.00753377471
0.565274194814
0.0
0.0
0.102549098432
0.475149589125
0.415561839938
1.76483155601
0.639372829581
1.5984492891
0.915772315115
1.84117970197
1.6840274916
0.857418000698
0.336836192058
0.0
0.327003866434
1.92140395497
1.53703846037
2.83504278737
0.724971569725
4.39645671705
2.05844906444
1.04456278449
2.61720389128
0.183603720274
0.000737706955988
0.156622864306
0.604829936405
2.65664075315
2.29816231388
3.46850546228
3.83159135305
2.91259068454
1.90975603915
1.28192362655
1.62657297304
0.00367885432206
1.40115832852
0.499913817272
0.0
1.71175263822
2.90316203237
2.92772484571
1.67386240658
2.35272791956
2.02737817937
0.938788648229
2.42755113612
0.570407268591
0.0510864023818
0.0509838871658
0.0257752295583
7.7319481913
3.00106368324
1.98802843899
0.883890933241
2.94389239163
1.79007423879
1.81179285701
1.66899984097
2.84229079727
2.32541612221
0.0
1.25877959223
0.504362284904
4.28968881222
1.19566709292
3.92897240818
4.17830632627
1.20169736817
1.37022245867
9.20031698328
0.791536050849
0.0890810340643
0.0256224833429
0.792440120073
2.50444787927
0.783848721534
3.54376825131
3.95764414151
4.32437413419
2.56402980816
3.10120380623
2.19398564985
0.254059196217
2.37289110001
0.0
0.196400847286
2.63941793027
2.30229596049
2.72227830673
0.756054247729
2.30640204198
1.21677917254
7.62817498296
1.86560595618
4.61928292271
2.40987119824
5.99459212227
1.20331014675
1.47252371174
1.3341148505
3.65739446876
0.441191773396
3.77931307594
3.24266889482
3.67896571197
7.29635921726
0.400155122392
0.14674502844
0.0
0.536412650952
3.02900342515
1.48464434547
3.06650928082
0.973064840771
2.57044639066
3.63180065015
1.07086492795
3.10545385908
1.11788759101
0.224850617349
1.14441856928
0.0535347056575
5.68398832332
2.4872893882
4.35916992091
2.2013541481
2.07595573459
3.6959377192
5.19078356214
2.92500430718
0.123218812048
0.0
0.0366899594665
0.0
5.59938830999
4.89190780185
2.0030712802
4.17402731429
0.420754660619
0.668820501305
2.17264198046
4.45834164973
0.140479229856
0.000555471866392
0.466840438545
0.0321620739996
0.0
0.871801918373
1.40219321358
4.14327438315
0.989978978178
1.9590244256
0.578846175224
0.233220413327
0.203295875341
0.0
0.294210935012
0.241081738845
2.09417391848
5.60442772135
2.22443211451
3.1602489436
1.76943914779
3.55639295024
0.23658676073
0.011739613954
0.704602339538
1.3938607797
0.00207253778353
0.903851647745
0.878473244607
0.994088631123
1.28976215795
6.45839490555
4.85560709238
2.01466392959
0.845095083117
0
0
