0.0
0.0
0.0
25.8963484894
52.0309259892
67.0510821026
61.6568196137
30.2786909045
27.7988673504
39.4452164993
18.9415481295
0.151643514633
0.0
1.17884498835
2.03689004481
10.693922611
55.8332186938
91.1009716094
46.5905838394
25.831599162
30.4868648602
57.0565812718
26.1036656722
12.3286872245
0.0
0.0
2.46064978838
14.4300494157
8.47048866749
37.6240282478
18.1234529195
41.0447709252
20.847483376
47.5571483374
27.0406921282
0.0
11.5045782644
7.66520619391
12.3118121261
52.5144241042
38.4922789169
62.7619024879
21.0120840194
98.4425375796
50.9020403064
25.3410143405
50.2760523086
0.812173202633
0.193998657167
2.46166652441
13.886118019
62.0123047102
52.6642506934
75.2279057215
85.1511914273
76.0501815886
45.0708414427
36.4002283718
12.3535369914
0.078850278631
40.1243021227
49.5924702622
0.0
43.0480407178
66.938756682
70.4884491941
43.515869287
55.0298517226
60.6003325469
26.850897353
83.9926175885
24.9844173118
6.06875832473
0.369485735894
0.510045379399
176.164998159
79.5457780051
47.5374282898
25.5859611403
64.4117778036
42.6397250333
34.1563873999
47.2861756795
62.1667678634
44.4250443634
0.0748006012291
31.4560786123
16.483081324
93.0508384332
28.926262795
86.3943889214
91.0568833798
31.5162824448
33.1824426278
237.690188443
30.266368769
1.73824939504
0.553579196333
19.6175894737
83.9224171601
15.5220704377
77.0001649483
91.5587621592
98.9178770856
62.4920891114
71.1142196506
51.2287374996
4.86673070491
52.1590445525
0.0
19.0072707161
75.5424789749
58.5511566996
60.8192542958
15.659699867
50.3516540719
30.0353965788
166.128757842
46.9164907783
100.737072498
17.5645866618
114.778041551
28.6907046655
22.2937502917
27.1198516375
83.3195464164
12.480704695
88.9088676636
77.1634584871
80.2280730194
163.27681455
12.0091891475
1.05542322993
0.0
22.3344387556
94.394359991
36.7324646227
69.8276177868
24.2822261146
56.2897701972
75.2534420081
25.7624504011
78.976445742
26.4166250546
1.17376544327
37.2484095545
1.51688214764
130.801225225
65.0267498364
102.844115026
54.3499262659
42.8069244605
96.5874039977
135.971196978
63.9170095771
3.57234084607
0.0
0.150866255164
0.0
128.344302733
134.314391054
42.6577184424
84.5535974131
8.17603065166
13.6510856599
41.1289670057
87.5224119946
2.31922584772
0.0390428882093
10.4032547213
3.75695239752
0.0
21.327079922
39.00847599
79.6174263199
22.9508683076
50.6420003326
18.8612710834
4.89952218533
2.75215852819
