0
0
0.035787940491
0.886940128403
1.42326052464
1.87952682993
1.75563334522
1.06307263719
0.96336226631
1.08728874818
0.780080438242
0.0347130075097
0.00177997181891
0.174123078585
0.155476442538
0.812251343275
2.7690486731
3.29307325522
3.57345639262
1.36409326713
1.62306726887
2.38838845771
1.18391580402
0.120481910184
0.0
0.0677031427622
0.193398403935
0.687478937209
0.453562628478
1.44749756134
0.826447199914
1.83741876658
1.39658882911
3.37753618485
1.22857139679
0.978949218988
0.259768191725
0.0
0.261320534919
2.08673656452
1.36141040316
2.59104151285
1.31433306774
4.61400290509
3.47939022956
0.904627277981
2.3233035194
0.397325751837
0.0443864502013
0.151332820766
0.535614325665
0.526695241686
2.82997083967
3.71483106411
3.2200654028
2.25643138285
3.0961572146
1.96374461742
0.906192897703
0.0782907232642
2.56320998608
0.127082362771
2.99235415459
1.06856359169
4.02979217283
4.08256137132
2.72317674407
2.19128258619
1.30397339514
0.896348464768
1.99975893425
1.02529493137
0.172981150448
0.00270797871053
0.104714214162
3.24712447263
3.97494667931
2.22856044862
1.38184285461
3.47902577533
1.16117734928
2.35573865433
3.0116254139
0.837688156753
1.30095428228
0.0
1.38895527081
0.963887166756
4.71983298508
1.22513166029
3.13052798714
2.53425600566
1.7026909464
1.33445286821
6.21897814196
0.271446073428
0.0
0.270220039762
2.00000093266
1.75235107355
1.29666396731
3.52951234055
3.3789013488
2.48692847765
2.3342318759
3.9923653368
2.44549703645
0.203551244456
0.590124403127
0.0
0.0280776433647
4.87491215975
2.13311039493
3.58433516393
1.67969162797
1.87420432572
1.86620276392
7.26962989033
2.4362920206
1.56517810782
1.60512523819
3.34888200532
2.21783798933
2.29601779953
1.76328937989
2.56940007361
0.623939818237
4.57396523678
3.44200174836
2.25903772935
6.46435900196
0.818931102986
0.11400617566
0.0
0.0987879229942
4.92497472023
2.38674711157
3.41517630662
1.8308152894
1.66418394633
2.64989683987
2.36722970218
3.54965039017
0.537709210766
0.05354920635
0.910457820632
0.0405539353378
6.27647916286
2.53243939392
4.26970830932
1.77224507183
1.5809630208
5.22281464399
5.71290719125
2.30140441284
0.135593809187
0.0
0.0282566454262
0.0
4.37158687133
4.95867865672
1.75976213958
2.51032927539
0.306869995664
0.49370671151
2.50242092309
3.66415220848
0.29322986491
0.0
0.903881788254
0.168568044901
0.102746009827
0.783106357325
2.37470311566
1.72446936881
1.14114328119
1.74607586302
1.28803589614
0.440315691754
0.153030753136
0.0
0.0
0.871106658131
2.28409104422
5.97003315017
7.21185440244
3.47538850398
2.22665267903
3.39937637374
1.86768665165
0.250110996887
0.0436136648059
1.57619368192
0.270718127489
0.112369649112
1.44927157974
1.06663619075
2.63126371987
1.81783957477
3.04244723008
2.3763243719
0.568642349914
0
0
