0
0
0.0
1.61470798217
1.49615260772
2.91804759379
2.38684666262
1.09298274852
1.32458796934
1.6268029965
0.482218186371
0.0
0.00349722220562
0.996145784389
0.00957542750984
0.836478292942
2.26306552452
2.88754641265
2.70387277286
0.729443887016
1.14700600319
2.48424387141
1.34514580481
0.329084472731
0.0
0.02049119398
0.060279481113
0.00408958643675
0.432787966914
1.8367796815
1.03056107927
1.71029349859
0.676767320372
2.22463081591
1.70692274254
0.0
0.434291058453
0.0
0.278118408052
1.983994907
1.26324735605
3.10389028658
0.53238400002
3.33279321343
1.6970562269
0.775280251866
3.4628443612
0.140945881605
0.0
0.174617435783
0.731161261443
1.76591468044
2.02283008565
3.64499382954
4.3286666132
2.42318585032
2.41343693435
1.3588904005
0.561100793537
0.0272846091539
4.23432540079
0.0526781193912
0.0
2.12222763896
2.87621528469
2.60050465731
1.78562295064
1.88019329251
2.68667050538
0.680603300221
2.67986146221
0.593825301621
0.0501878224313
0.00281764776446
0.0233100634068
7.81771974685
3.45407341764
1.50246177102
1.04726829904
2.69518894498
1.56435754336
2.29458171979
2.78125668876
2.81322240038
2.64960688259
6.80797910923
0.806523923529
0.14056744508
5.61151821865
1.54730912833
4.55715642392
5.10113919526
0.535066868179
1.69511892181
9.94098802749
2.34065770451
0.0320954956114
0.0
0.508777178824
1.9387786095
0.769354338234
3.64656533953
3.70484243758
3.60574008105
2.89691263065
2.97320219397
2.47978083743
0.306070258725
0.327634141548
0.0
0.0730430204421
1.54315243778
2.26664293557
2.80263715982
0.595876970561
1.77698101068
1.75705422647
6.37512817397
2.15435686288
5.16414748132
1.31567820814
8.491979477
1.60348519403
1.06766318902
1.22526883276
3.75334917428
0.468173119123
3.24486066372
2.79834765953
4.12546029454
6.75180187821
0.347468595719
0.0279960071202
0.0
0.0344900027849
2.94725508464
1.21486592205
2.79937338608
1.2950039478
2.44155427138
2.71036649146
1.45685776137
2.513025105
0.674616749398
0.252081205137
2.04386985069
0.0676338565536
5.01177556033
2.80848700693
3.91433176561
2.51048078877
2.21937002335
3.2300577123
4.4912491818
3.23815390281
0.199551083846
0.0
0.0
0.0
6.0348253561
4.33543175948
1.69880359061
3.82396116853
0.523580237059
0.577205226757
1.90378886508
4.38274842501
0.249763486907
0.00165185669903
0.203892892692
0.0667357365601
0.022175071761
0.720180524259
0.974324052222
2.60608911281
1.43395842426
1.51591994823
0.574005484581
0.358476668596
0.214962071739
0.0518344007432
0.195355848409
0.179759362713
2.02941462398
5.14684776217
1.90201165527
5.36882519256
2.37515841611
3.22627660353
0.565970361233
0.00353665323928
1.10988667607
1.12465571798
0.512907207012
0.430107515305
0.587805338204
1.09217876196
1.61385970935
11.1179306847
3.68683549948
2.43341020541
1.49838477001
0
0
