0
0
0.0
27.525666397
44.0366456285
70.084621452
56.2528215413
26.8192659113
32.7539582568
30.868370371
21.63559708
0.164306983352
0.0839423323051
1.95874370076
1.4361451976
14.2610696331
54.5027059726
84.2403715253
65.4524153508
22.1225877888
26.3306530975
54.7857903982
19.1331827827
10.5989282616
0.0
0.0
2.46155190468
8.97912772001
9.96790212394
40.8460454923
18.4220327809
36.536172565
15.3957360908
42.6172479763
40.3062089626
16.8098430634
7.4176642187
0.0
10.3987154067
49.7529094555
31.7889335453
75.7435680377
18.6261920999
90.6788582894
39.6940401401
22.3591927495
59.1319391726
5.81073819101
0.181708328426
2.87438204885
16.0014710845
54.980222471
47.6366133391
80.2276927018
97.1879745936
69.0292243961
46.5177420554
35.5871269853
61.4085229164
0.0
89.8648134247
38.3429382629
0.0
40.4566268028
66.3435270487
63.6758444755
40.9796164361
51.4204546334
47.7854679934
21.8119211364
74.3520998563
16.6903583631
3.91475367173
0.828676622362
1.03792673349
168.482962266
87.3793670386
42.3416633606
21.2737815008
66.4354420044
41.2172155994
60.5779767259
59.863066379
71.271637939
61.0381240099
0.0
23.3641875721
9.94381269067
120.151301416
31.360028604
115.457320992
109.914856732
22.6500951648
32.6765236258
212.894359879
25.4555527567
1.9105682373
0.400294929744
13.9061986771
54.8735703751
17.025904879
88.9409776032
93.9882339221
100.347232493
60.18713931
61.1870204062
57.3593697845
5.6864759177
15.0107626514
0.0
1.72659820318
37.7467453368
60.1806030125
68.4550253638
12.8424411379
59.7701396522
26.3999360203
166.130804054
46.8596745617
83.1531930641
34.8160087466
105.58106624
31.4792072978
28.6981645524
32.5169640953
92.6547726331
10.2203400414
87.2054806044
81.3065383694
94.9809765926
169.807619289
8.49709031359
3.01499894633
0.0
13.0744171366
70.8907940731
32.2967370898
69.4003460705
25.692259513
58.1232343968
74.1014101538
25.3368774132
74.9702920596
26.7568415561
6.09294428676
68.4480960221
1.46100596711
119.177741691
60.9259331635
99.1562832893
54.5588367199
55.7616769932
80.0289957811
112.850428831
77.2836586498
3.542396307
0.0
1.36053952575
0.0
133.879705656
111.50826247
46.527906865
106.362804732
9.69792279694
12.4601297379
47.9565458894
99.7087333649
2.63932484016
0.0
10.666916348
0.470724463464
0.0
15.471806109
24.5459755514
102.865519273
28.6088578469
42.4656298757
11.2741609812
6.65534663201
6.32542213798
0.0
9.93304672838
3.07091796398
59.3891551495
158.773244172
51.2510320543
81.319911763
32.0864257961
83.8867618013
8.49527299404
0.0767181739212
16.5808103476
26.8699780181
0.333978963084
10.437499621
22.1480087042
22.9877779707
36.1912597752
186.298852209
101.211019143
58.2663602158
17.099429369
0
0
