0.0
0.0
0.0
43.4200828447
32.9465076552
62.0458650348
53.963904024
27.225815082
32.6092710178
38.3609941342
9.19968896918
0.0
0.691655158997
0.740213781595
0.029010345228
23.8638738692
56.3695767881
65.9120296687
57.769196922
18.9009395884
28.8457142227
71.8531978392
29.0388536453
5.01755925269
0.0
0.575599104166
3.02849221229
1.10738745891
10.5776356347
40.9605052025
26.8040192184
39.2568945475
17.6541711632
40.4461183212
39.6524005382
3.73324799537
9.57797667012
1.10711207986
9.63756930828
43.8858004762
34.1994932479
70.0106264054
11.6824195138
84.2514172279
37.7749862484
20.8566774577
45.3193526455
0.456044957042
0.224239893258
0.59264472127
19.7731624106
32.6568908842
49.6932249866
96.1712469715
105.702229321
59.2862538574
62.8595751374
30.2974453289
12.4332939573
1.49700960517
57.516512856
44.2372447774
0.0
47.0012019574
69.960773617
61.6293931687
50.0389664546
52.7505031171
65.229350905
20.5501932576
52.8823607081
16.2010748517
0.888414591552
0.0764868669211
0.446903496982
187.090006493
90.9186064526
36.4698170498
23.6398221972
63.065832701
35.4552260376
59.7961566941
71.4654974789
46.7416015248
75.6914704889
325.825861121
26.7963238992
1.58236916224
134.834649749
38.1210918725
101.564665552
121.110475302
15.4027117007
45.3067156692
207.409551233
40.3125935419
0.0733791701496
2.12776261568
10.1406777017
43.6158822197
26.1356250043
89.892126996
87.458277769
78.4499276359
80.4381921329
64.13590689
57.0915751253
6.21652773209
25.7308209221
0.113567423076
1.46155335009
36.820997268
62.7622272223
74.4619081802
15.2367632557
45.749025341
38.6328793522
165.564706324
44.098393662
113.928734869
27.976486355
206.999424331
27.8391884789
27.4617018475
29.5561541292
89.6194013134
10.0749112498
75.5016961433
62.5429179586
97.3812436982
140.148359411
7.11622505822
5.73884221538
0.0
1.2188093774
82.9451611843
29.2792775407
64.5343366562
25.397429377
57.9701531791
68.0516747441
38.5109422356
34.6925904079
24.3250604422
5.40092191099
27.2055633142
1.6428709561
129.988719138
67.1022410542
103.512392879
59.3364989134
59.3976246715
74.49883632
106.389794044
72.0801424634
3.02598800417
0.0
0.0
0.0
154.83393685
101.873645112
41.4529275744
91.9861056079
13.1069517061
12.4877869533
44.9221255927
106.13072646
6.71819582395
0.0402472866698
4.62934000231
2.57635537908
1.25935667753
13.8667858033
32.8438109179
32.3580257446
30.5606555119
37.6863091104
10.8486114442
8.48613882065
0.0734003260733
