0
0
0.0
0.963485513348
1.85780827166
2.86739489401
2.45444900356
1.07438302599
1.321610288
1.56567372638
0.847632793011
0.00653327815235
0.00349712313619
0.844913979061
0.0191458603367
0.934536886401
2.12629170669
2.79763690755
3.42754222522
0.814039997291
1.03368845209
2.36277682753
0.979186628014
0.388125463156
0.0
0.0
0.109694764018
0.0956860440783
0.435600844212
1.9659064007
0.997749019822
1.5655358131
0.55592055642
2.13564458117
1.55515014101
1.06789207458
0.636740241433
0.0
0.315706344787
2.26457839715
1.08289974486
3.25151729555
0.692109368392
3.59529286064
1.66384967766
0.79020846705
2.43081238866
0.158063471317
0.00454819260631
0.0865573659539
0.763764381758
2.0363207804
2.06099620182
3.51382098487
4.32791862229
2.6993947039
2.12695568684
1.06297488476
1.15367223462
0.234743112698
3.57480231102
1.24203793006
0.0
1.97155450284
2.67191246897
2.98778528435
1.87578495219
1.87010952551
2.28038262133
0.867604043102
2.65389387123
0.504764110316
0.0187110113911
0.0045303129591
0.0432469472289
7.67995789391
3.25512659363
1.59186396096
0.964771735482
3.09857698355
1.52145732124
2.36609188514
2.44050319795
2.50775693054
2.75625728443
7.02423667908
1.03235946171
0.117570699891
5.27877745056
1.29909743159
4.95085495745
4.9844898209
0.691957044415
1.70290848427
7.58103603963
1.18718190119
0.0856803618371
0.043143697083
0.389807750937
1.94863866735
0.89450777712
3.83882174967
3.75012668385
3.8803270628
2.6255922924
2.84993782698
2.39041342214
0.241433979478
0.406633040635
0.0
0.0349185031373
1.41414712532
2.43125117291
2.77132660826
0.50451709982
2.33486927574
1.13074908685
6.51542617334
2.15475180093
4.82578003872
0.404369008727
4.53649092279
1.28736913449
1.17015872151
1.51546525536
3.6747719734
0.432297690189
3.40011179505
3.04414835153
4.36659658095
6.95421494823
0.41110505769
0.0585462227464
0.0
0.517983040307
2.70159355848
1.23559627042
2.77778263879
1.43621063139
2.49344626372
3.09343058988
1.24103944516
2.61797873676
0.68566651782
0.363124118187
2.71043654066
0.0528872861178
4.66661350639
2.66156067071
3.87659134716
2.28258046135
2.27205206314
3.4249839097
4.90182866901
3.39671267569
0.162940885872
0.0
0.0280982721597
0.0
5.56904820399
4.41922363546
1.92524983361
4.25457930565
0.453518118651
0.573482204229
1.80790661648
4.16490248009
0.207175323274
0.0
0.344782414439
0.0404767114669
0.0
0.776317730546
1.10125241638
2.50645363296
1.37453481823
1.44761185558
0.315850421786
0.259720414877
0.251336462796
0.0
0.389800401405
0.0806790553033
1.83972065151
5.99127439596
1.8825410977
4.46508094994
1.94897857681
3.27177391946
0.433209866285
0.00804771226831
0.765266865725
1.22889534477
0.0168260429054
0.403503878042
0.905254151672
0.819329984486
1.74355435837
11.180698494
4.22790222988
2.14790590294
1.59048551321
0
0
