0
0
0.0848049968481
1.26590906456
2.34506180603
2.17816127418
2.39262059407
1.5942396475
0.788862790214
1.2796997719
0.803034549579
0.0171095337719
0.00293157144915
0.360634312034
0.17008562386
0.306060162897
2.14971618727
3.78680653189
2.59014800045
1.22885489068
1.32703796576
1.72476305766
1.85958612291
0.236854318529
0.0
0.0357044823468
0.269081570208
0.545679098926
0.246744353673
1.44830449042
0.414692568127
1.72901042376
0.887782202801
2.58148121694
1.88339768955
0.198283150792
0.458191305865
0.0371960476041
0.0705447494984
1.86292166542
1.54104334023
2.40864426864
1.23597874655
3.92240373674
2.06612716545
1.19786353502
2.64640398254
0.174355296418
0.00145497487392
0.0845752451569
0.700970820151
1.68655374646
1.93861507159
3.57933657849
3.39532417327
3.15823814366
2.33815443935
1.31952977611
2.2059017662
0.0114978672937
1.39438075572
4.75481272209
0.0208899416029
1.65474708768
2.63358370401
3.4196935459
2.84789047082
2.58902907846
1.86870422622
1.19741782395
3.23241942923
0.630082764779
0.204896263313
0.00484183756635
0.0071349516511
6.58644003933
3.56658677384
1.72725366335
1.30880920927
2.50110495568
2.20040754974
1.40395547822
2.63375298283
3.28450824507
1.31150937919
0.0
1.25130432355
1.00851921749
3.37964115804
1.62285568379
3.54211538425
2.79172159883
1.18032022193
1.53305085341
5.95271672634
0.2495613629
0.0821992941201
0.0405987463892
1.45313835351
2.83112925477
0.532627442677
3.39464825392
4.02821889985
3.08385346457
2.46509580221
3.3697615515
2.60558882658
0.169288565638
2.67335262895
0.00226623908384
1.93659379147
5.26254042305
2.81917914376
2.7625118508
0.637227112311
2.11781986005
1.43807925744
6.3830288297
2.93647897989
2.92775108293
1.76520497352
6.02251563198
1.91668772243
1.40854055446
1.43068075704
2.83243468404
0.681124994531
3.68768621469
3.48607620387
3.91410182766
5.47162933368
0.379207008518
0.141702264547
0.0
0.143783667532
5.1158809269
1.46126219258
3.38381092658
1.28608704847
2.66994122439
2.9510781914
1.56796868308
2.96251055785
0.476585597731
0.00560372974724
1.25797291938
0.129889911157
5.32718213293
2.9549162928
3.84032032458
1.53108120558
1.5491234872
4.07500045188
5.7509942269
3.20005235402
0.192938041873
0.00243888725527
0.080221131444
0.0
4.2219691163
5.92976482958
2.08387852972
2.820033025
0.314128682134
0.424073135015
2.19496144913
2.79365715012
0.185081172734
0.000646199623588
0.578461466444
0.179094772786
0.0240145255812
1.06546757696
1.16755614616
3.14049007418
1.41049925832
1.57828083821
1.02477552695
0.0746639817953
0.0821295948699
0.157990112901
0.11687655095
0.108677323908
1.32830609754
4.86210465804
2.93123940076
2.94958406384
3.60865499079
3.79158883903
0.65476539731
0.128611485823
0.588171251118
1.21539336536
0.008160661906
0.34819066897
0.518668055534
0.90758324042
1.78112625144
3.93286106922
4.96932573873
1.2382613495
0.689439650625
0
0
