0
0
0.412028074265
44.5195003375
25.180323679
60.954078474
44.7520893494
32.2649350538
30.7039894536
39.3261441552
11.3356281705
0.0
1.68107700348
0.0
0.0497919386254
23.6231585741
52.4101091261
63.1492879987
55.4820797256
18.6153242094
30.7768680509
83.8094632925
15.1072177179
3.64518633485
0.0
0.0
2.81277537346
0.0
10.0575747639
38.5809246228
26.1567718714
39.6344528748
20.9917481616
47.995948825
25.3249506802
11.2569741011
8.56912348418
0.0
9.62654694914
41.8399558793
33.2665875144
60.664758294
12.6812920463
77.3124612329
40.6748361737
21.0042702332
46.8905746378
2.93322751298
0.0
1.6131944675
18.2433405183
30.8213699273
40.6330668173
75.5172668304
102.224804353
55.1844451195
67.659968622
32.4530674963
13.1359857582
0.968503922225
82.8709461986
45.0316170276
0.0
42.6968015582
74.1036951542
71.327090723
59.0135209411
47.6885864628
69.3364292755
21.0829356685
104.2086647
13.0192925334
6.02716254629
0.103883665055
0.0804564915598
191.80396767
87.8059632406
39.7933998014
17.7091988367
62.1157774524
35.7004419146
64.269462157
64.7286119666
49.5249227621
73.3213274431
325.045637743
28.8760842012
2.54853730649
121.97801606
38.4223771049
104.926565928
140.05146794
14.9019398242
49.3273113874
266.146358232
36.7562284022
0.533130923287
3.82182070613
9.47612231969
36.0585240797
27.1472160103
100.44282468
82.6666218917
85.347048875
77.6157401316
65.1115165428
58.4449151717
7.69854981266
4.95901177637
0.0363129163162
8.4668128565
56.9589068746
78.6463486702
80.8405582757
18.6237187553
46.0724580624
35.5785011239
157.958590066
41.3349389098
132.120749943
17.14434506
227.129297152
28.479121171
25.771502953
26.4143835926
103.062836654
10.0426428001
77.2680338546
61.1774923279
99.2294885069
176.395583846
4.0259104399
0.770004121586
0.0
3.24562684447
84.3115324526
30.4686210305
63.6102647083
24.9920299464
62.8073998577
66.6869220602
38.9393826127
21.0005245339
20.982018292
8.57580909132
28.8221163991
3.97204759531
143.524883009
70.3114493786
102.570735231
69.7219487652
58.36557753
80.7348713167
104.028607126
82.8483690173
2.60962298513
0.600273102521
2.21962881088
0.0
168.143502899
94.8461477681
41.1123015583
79.2255453346
14.5599797275
11.9265080318
40.4334712224
114.874299824
6.09028297663
0.0390515774489
24.355808965
3.80744803325
2.54809087514
9.25499333906
31.9869964589
20.2430656155
26.7714178171
28.1607984379
14.0451262593
11.0962028503
1.58547610044
5.97256422043
7.17581236548
10.3253167123
64.9939019681
112.727596454
44.9030609429
140.622554272
46.935744211
68.3728135675
17.4630171955
2.39707020577
35.70772326
27.6090591139
1.05902677774
6.49411139964
23.419246763
22.0956441388
20.3842534125
194.290067076
95.8799379319
44.5944723151
21.4526537284
0
0
