0
0
0.345677409322
21.5996705219
31.5576138022
38.871379626
53.4499451844
33.2605192442
26.2934240028
24.1091803978
14.2996839294
0.734506085515
0.0457341321744
2.36280065775
2.63695447147
11.671324851
63.3347252011
68.739101437
100.400832527
31.1753405146
34.761639121
68.4499388784
25.586949449
3.0170237124
0.0
1.95668238402
0.257299527526
19.2777736187
12.811392121
36.6312932242
19.5645922185
41.637081312
31.5880169695
90.1017794177
34.571951447
0.0
5.54427119717
0.624181419612
3.6622533677
61.2879161462
26.5021222313
63.365112355
32.4770218805
125.527276117
78.3696100255
23.2728061751
58.1347837178
5.61834269016
0.0
2.45084121823
15.7187016159
14.7180558722
75.5648701898
84.611044333
78.4229318407
59.4235171694
77.8476497177
48.882837072
20.9023266295
1.88318708539
65.0714615508
67.8401933314
70.7595405578
18.6291350126
90.8704692274
99.1767461522
53.0080503552
56.0303569716
37.2766024404
27.6841040225
54.1120200581
23.8700985108
9.14066295326
0.0667439508252
1.1235127151
80.181213498
90.1208635987
53.5837630817
26.294649961
82.289588269
29.5982692056
48.7123352182
71.5558588234
33.3017018746
19.6354794502
0.0
32.9664518098
23.0335771409
114.412991951
39.2191907201
81.342017904
61.4589614645
35.0716663375
28.9405024025
152.444960017
5.36912758649
2.2406385541
7.56738284602
61.6877279179
38.5801417752
24.8299580393
82.6612457726
78.1691796408
62.5296231509
53.7534726821
99.0242894143
58.3111537769
0.992913767695
7.70866547897
0.0
29.1478167326
99.4173186031
47.5788671729
86.0097439438
35.6643089801
43.5969497482
36.4982724293
172.292292037
64.4446097462
12.9707457907
34.7500635982
135.070617042
51.4239097238
55.2465090528
45.107654791
62.5901826919
12.205737303
108.212356397
83.3066615983
67.5460170732
156.088389954
19.9448442422
4.19052451104
0.0
3.31826273258
126.292933127
57.6888740604
84.4010605272
48.1653792802
36.1378207392
62.5447393711
54.6301076599
95.6097182035
21.3307440933
0.840664464979
20.333161287
1.83299771324
133.929159699
66.1098288818
93.3785584754
38.9425882519
35.381089367
120.40894749
122.885401508
68.0021492928
4.79264116286
0.0
0.0
0.0
109.401945233
125.976131737
31.8754956821
63.6055444702
8.09535102686
11.8328383584
47.4827427641
71.5328437685
11.1460372712
0.0321228140964
12.8882794976
5.61730074137
4.70644184947
21.3061485663
50.900538817
40.923015587
20.8778907498
40.2346948133
27.2112873718
10.8328034654
2.69690568744
0.0
0.0
5.03700506688
89.8221259788
141.914517604
142.65582966
76.6047570509
57.8625982042
76.269952483
39.8358783425
5.37424833142
2.3787292242
52.1926564426
0.0
4.17638886859
40.9116989338
25.5309215561
69.974482865
43.0670246194
80.3167934921
64.0083661889
10.7762995362
0
0
