0
0
0.116264611483
1.2088952316
2.16833844036
2.69867126027
2.59087146336
1.30703165242
1.00021491037
1.35989601095
0.846788944211
0.0
0.00174871028867
0.00165073457174
0.125359117985
0.355437515303
2.57369964384
4.12397400552
2.81416861992
1.19944645849
1.26067915058
2.69118785625
1.88111847057
0.32246588869
0.0
0.0
0.109694764018
0.774525648216
0.293044012273
1.57657352649
0.49989989138
1.72320693464
0.974110404553
2.34758180985
2.38727458101
0.185978829861
0.345448357984
0.0
0.254019469023
2.20738788147
1.78765362874
2.47844558069
1.23821031657
3.88862272364
2.03161836741
1.3427505591
2.83606162894
0.0216865092516
0.00253665936179
0.226135477424
0.710284021974
1.84648001078
2.10476028291
3.55724332947
3.18598515051
3.36734509212
2.08067763108
1.07483376132
0.705176844727
0.00787652377039
1.99438982451
2.04664402152
0.0
1.39842459501
2.65866937488
3.50326266512
2.40490479465
2.21563431527
2.1524262249
1.23544547136
1.794158048
0.752951043891
0.26264292933
0.0104187875986
0.0166943464428
6.41179992352
3.47687479481
1.82785202516
1.11547159741
2.91707151697
1.89085520315
1.43606764148
1.94445289392
2.74487347063
1.83697515051
0.00279206386767
1.38010141719
0.831669197418
3.38639006345
1.39230810344
3.47034851834
3.13406384364
1.42713493435
1.68961450481
6.70406294102
0.425652616657
0.0813258700073
0.0
1.48753771186
3.3757747463
0.725812267396
3.48328125011
3.78609344549
3.37793692853
2.35157581931
3.43402111204
2.2545262163
0.115828232723
2.07220132137
0.00133436813485
1.56075379858
4.47920218622
2.73861204088
2.49420419335
0.658506507694
2.25669831302
1.44996895932
6.54083308158
2.40244223643
4.06559073646
1.29987797886
5.00393326813
1.49289547093
1.03783196956
1.36761155608
3.4010280855
0.789171018172
3.97678529378
3.31003414025
3.41549131367
5.58518911491
0.38324040937
0.192710209638
0.0
0.509121512063
4.58904228359
1.22837302089
2.88908499927
1.22726736299
2.4779169528
2.92164465063
1.48389491229
3.70357008232
0.830136759905
0.0307221203111
3.09356489684
0.117357073352
4.85977288079
2.82701052353
4.33056623524
1.61658924131
1.57848791406
4.1099418652
6.31239138846
3.61794283707
0.184707991779
0.0
0.0575629919767
0.0
4.36894214511
6.37273959816
2.06222121045
3.01638318971
0.287373850588
0.516520111356
1.98291333974
2.88670747541
0.0523939691484
0.00153569702525
0.83697129623
0.111303718761
0.0135460272431
0.964584050234
1.21873553656
4.40367893828
1.33802531054
2.02061430365
1.08418922499
0.167840600014
0.0984390587546
0.189433068037
0.0631018090062
0.372681926936
0.974632838741
5.15049637924
2.34613995464
3.10357650649
3.64223592076
3.85834249295
0.844311982393
0.0330635241698
0.678275697865
1.22666792152
0.0112934997305
0.388630330563
0.787185821682
1.14417410642
1.82010039082
4.00586260855
5.42681629863
1.46955704736
1.20272383373
0
0
