0
0
0.848171800375
34.6926843022
32.7896728591
77.6557504423
48.0179876578
42.994518307
32.2935524136
42.0477814301
16.8933262937
0.117314167321
0.0839309804141
4.21909189224
0.0
20.8526561335
35.9932198226
53.9071142441
51.9513603151
19.5667975349
27.4930346813
70.5208365842
21.0739113092
8.11049848795
0.0
0.871285647154
5.63289356232
0.958443939686
11.7689430714
47.6743704098
35.3821855188
30.8647287526
24.6953709461
44.500042621
27.7565907072
7.05723953246
11.100428408
0.0
6.00046969951
37.1287035019
39.3022479024
58.2455060911
14.2415212621
90.4896843341
44.7526660886
33.5684984141
114.101409584
26.8185639382
0.0
3.79265651666
24.1423632336
27.7096746192
56.26976379
61.5632509896
114.987528638
52.1307022814
64.429820286
35.5698524275
51.4751904588
0.776546627282
107.082152214
61.459007442
0.0
46.8382238969
70.819084704
80.133684929
65.0067191594
47.8253503126
66.4709851238
22.4159522653
76.1554096229
9.7858330831
3.31663459538
0.197119496763
0.635780453681
147.394451872
85.5031816334
52.5877144764
16.5388491405
55.7435123866
30.8221484693
47.1362407879
62.7361325138
42.1617200878
62.6792805792
0.0
15.220721704
0.57793435757
89.2691009381
39.3435658514
103.913894545
142.441502809
12.3461893201
51.1961603611
247.018960063
454.40650092
0.0330448318272
8.33406570554
20.8934055604
38.6584282481
24.3984596268
101.116359661
89.92577946
81.0815221445
89.9414052218
67.9908927475
76.8366000653
1.19840777479
6.34427496046
0.0
32.3586086669
83.5553397154
77.008863017
74.9696352036
24.839427257
51.5535536287
30.0679214448
165.045093661
34.5035949648
122.238453789
31.8194316029
177.212336138
30.9545186609
18.85790837
24.6098662243
99.3724572434
10.2364058532
77.7913954183
61.8652731144
79.9939099922
179.548161132
12.007418599
2.3984679021
0.0
4.13141231798
45.088111998
29.2736447676
63.7842695314
36.7487544046
70.6061360501
72.7075190842
36.3212101534
18.3520142566
22.4238155857
19.1522281095
55.6949402635
2.95369860437
123.442544505
85.1963842939
122.510955334
78.0297963806
57.1519989185
86.9763257112
94.0414811969
68.2292964646
1.98650383204
0.0
5.41826891899
0.0
162.483139113
69.2807399333
36.3423541243
60.1502974565
17.6586831026
11.8085319232
57.0596623534
105.697268553
4.08525525034
0.193533166079
22.9103312208
3.77916788309
0.421111151575
32.5318288543
47.1844780147
16.6851399466
24.544942841
20.3370094188
8.28663030266
14.0921387672
3.83029362559
0.0
1.62782534212
1.74522473663
16.1062512696
106.29860115
48.9595620185
91.8119347841
45.6062237174
51.197610095
30.8195297364
2.74577142019
22.1745826006
43.9434488789
3.68773582577
84.7759056686
35.4244016558
20.8108207584
21.3559469283
209.279606975
117.935621649
35.4046335182
49.0478456318
0
0
