0
0
0.0223580218153
1.55872933019
1.87206613284
1.84639913618
2.66099559329
1.18354072433
1.03405515174
0.940713288612
0.567228486761
0.0120671559125
0.00216974469367
0.0780065432191
0.110209656879
0.287718836218
1.93481925153
3.40419778798
3.93341299391
1.42569531035
0.932954832097
2.41726639774
0.85246756603
0.0596947825979
0.0
0.0883903279901
0.299852799624
0.631683330517
0.707378060208
0.983151101391
0.358865846181
1.6381206963
0.596187337185
1.34948102233
1.35703578463
0.916336655617
0.327677951194
0.0
0.00128562399186
3.80894557061
1.72643699008
2.04350683064
1.19483460445
4.8094240597
2.41018761415
0.996628190158
2.62069917098
0.274771668948
0.00263665849343
0.071378082037
0.497746689245
1.1132475615
2.43080581445
3.41106622317
3.19621307577
2.75783582591
3.54955497058
2.04261766881
0.577030760003
0.0239348639734
1.22731554951
2.99079114199
1.10641348362
0.756898764113
3.3402147037
4.07008860272
2.37055698887
2.69904381409
1.40553340485
1.02441583469
3.08843610215
0.336393449106
0.618625144474
0.0020492898766
0.0417834743857
5.11094132718
3.65742276562
2.27329630364
1.02454611822
2.39329213655
1.53060283326
1.44137796544
2.35711584974
2.76974814874
1.04915264249
0.0
1.2472320532
0.6912260768
4.13097709417
1.85257491097
2.96284150542
2.16432795161
0.860065918649
1.12698956998
5.72471362259
0.0926640760154
0.0865214392543
0.320110872388
2.18009796471
2.51782542281
0.491005418473
2.97157430602
3.36407148046
2.71180915413
2.69654207304
3.12439842103
2.95191764738
0.0484571279958
2.6219413802
0.0
0.683300574543
5.11660531629
2.39417216741
2.99269370094
0.989665176952
1.98399031209
1.58856028924
5.99270292127
3.36240688333
1.83408707567
0.956701432355
1.00458038622
1.66551245935
2.09668618161
1.60777511017
2.79043482931
0.548640567577
4.37182006869
3.79604888376
3.06556358194
6.4112928696
0.664301358163
0.155231082346
0.0
0.0511419554241
6.93281967752
2.01579881646
3.23243498697
1.29609319428
2.15848564566
2.65830395021
1.7628557625
3.10862110252
0.459112048149
0.181007315288
0.684747381136
0.0806701106485
5.81963831448
2.96285220748
4.80351122376
1.50339509617
1.61872397712
4.91737422184
5.24780780729
2.58806066215
0.220834335778
0.0
0.0587118528783
0.0
5.38055179501
5.08255430707
1.73384846083
2.46525578015
0.411136838375
0.360191020067
1.65107974876
2.333362395
0.107286696322
0.000808482116554
0.80504673894
0.40113616595
0.271542456001
1.46410436928
1.8490318777
1.93985939259
1.16320219975
1.96980306832
0.916607431602
0.223587147892
0.0
0.0161046609282
0.0610221852548
0.517499303445
4.27328350581
4.40572106978
4.73409700068
2.61407211307
2.65394857153
3.49007368227
1.55344606936
0.078329622047
0.850597660989
1.11061737407
0.0291408952326
1.30688928161
3.13073140569
0.736112234648
2.26131641306
2.32281114906
3.09830438928
1.50526210852
0.413136575371
0
0
