0.0
0.0
0.466790886595
27.7914640903
43.926758213
36.0400792882
60.2722144397
36.9077788121
29.0485478976
23.9356115498
9.27546087653
0.0
0.0422459682449
21.912630558
2.47803924233
12.8652115893
52.155454181
74.481066192
99.4658397278
34.9234233806
31.8979673702
56.9179071821
21.7547139209
1.9856608808
0.0
1.82466101646
2.6246931553
19.5815415233
12.8161304542
34.0502493828
22.1164425679
47.2745118478
25.3876055851
41.0244525242
33.3587785476
0.0
7.0848169662
0.0
1.22172673233
68.1843318343
26.1929166634
54.5526973922
29.5765693579
103.977521382
72.2645352139
25.2411343082
52.301913539
7.90472046286
0.0
2.82543506474
13.9190241806
15.3506007548
69.3765878453
78.187911821
79.1679027631
63.3280507586
82.7825834993
53.4431253384
13.777069083
0.58621712029
69.3452929481
64.7151181697
69.6133232117
19.8227140903
93.2358848155
101.676104438
51.4463393558
57.4186568088
30.2631452568
26.8532337444
52.7675035558
28.0503809676
8.3768979991
0.0236865403131
1.1902103126
103.281364962
95.022408329
59.393821735
22.9104914144
65.4150142428
32.8502908944
42.5677217357
76.9210798006
45.2132443116
22.7828235403
0.0
36.2916184253
27.0770443097
112.367400315
36.6510874126
77.1120503246
57.6198001987
26.0832557268
26.6845076736
153.899400216
2.84892457723
0.0
2.41355785075
57.1747580054
48.0134233051
22.9589497447
80.514916895
73.9358643684
56.8124576434
55.6731585972
93.4644752182
65.6244207994
0.507517850026
45.5877811164
0.0
25.2795093878
128.851043447
52.3774887425
74.3564766432
29.0229399818
45.0040985496
39.988632895
164.719353944
70.0988927801
15.5152002024
19.9490129426
163.596769704
52.3155072257
54.0076193064
44.8263588314
65.2845630542
12.1667554043
112.674641582
81.5021985852
70.8467866565
140.37859717
24.1582059859
4.43648537993
0.0
1.61047668848
122.331727533
59.0177777297
83.6505364152
46.173116237
41.5290368647
59.9435250218
54.0710698385
89.8847568725
21.2741311826
8.74734592438
13.0894225314
0.883674614131
128.22635926
71.3060654551
103.636945445
44.0399158392
37.5099084209
112.135469494
119.509405942
70.2407714165
4.60398425906
0.0
0.228466808796
0.0
110.838123254
122.736670822
34.2490365934
56.1974599958
9.39896053913
13.0762444139
47.1502360404
63.3711157171
5.86929671746
0.0327250985429
14.0065491199
15.9334161356
2.81122704595
17.9288459346
42.7236314722
42.0613385774
31.4227123819
41.1761225789
24.7482114137
8.79993778466
1.84564970434
