0
0
1.56395279244
14.8469359847
30.5848866329
35.950562736
38.5903406237
26.4839100782
25.4111246244
27.212729819
20.5700845588
0.912332028151
0.0284225838259
4.181701608
2.26572679728
15.0446930425
70.2324675768
81.7223918215
74.8195562242
32.6221657992
39.0019970052
47.2555852867
17.4050597995
3.93668364734
0.0
1.48980438709
0.171533055604
20.4590946436
10.9998076181
27.8746322366
16.0618698984
48.0926427617
34.1376717276
60.285074207
34.5321318806
38.1439733506
6.98304605484
0.576167464255
16.6458541341
58.0739354342
33.5481939017
66.6600274778
31.1379495096
113.421182279
84.259617174
23.5790754897
63.0404676602
6.93441572786
0.0
3.407661438
17.6577940676
11.4237657264
65.1688529011
82.7298625774
77.1146517936
50.9748292901
66.8448769246
41.8051044624
19.2885931022
1.9257542789
56.5150476583
3.34586413577
70.1871471406
29.2984582186
104.859801843
101.036898072
77.2760175756
47.4512560666
33.6994714039
19.5354549838
38.3073970572
2.29083452001
3.61272478848
0.043084247969
4.9434646368
73.0100871026
98.6608600519
56.0501999035
37.6795471274
85.2510447744
24.4835839178
58.138110755
71.3983081738
20.3055077484
34.4363572598
0.0
33.0832755854
22.1852768362
104.573726482
30.7929470738
78.4997115125
61.8098964058
50.0703084302
33.7651691995
159.610149994
2.6793871075
0.0
7.14714054576
52.8244582414
39.3400367796
31.3807565141
84.728942695
85.1084265538
54.7116295471
60.223491107
97.9083810943
64.8397049345
3.69946140422
20.6287282482
2.53345870973
3.71838213132
119.044566753
50.7207025085
94.6711821166
39.6734290514
45.431524789
41.2504638182
180.507933676
64.0942562242
34.2716472074
29.4926383718
62.9239401518
51.8133118898
59.4601383247
38.8181392411
64.2549990098
17.0180367096
107.552690031
76.8434779198
54.2217903715
158.315569114
26.9084047973
3.87520701439
0.0
4.15213552862
121.861067846
59.8072761074
71.4042525761
50.4444227033
37.6715013106
59.8163432508
63.4376649437
95.9317093044
12.2746090796
0.807014660909
31.785215333
1.93882412463
161.352616679
58.3780748026
108.332074567
40.4885188937
39.4861824197
132.889333849
136.26502907
45.3276393862
4.05853343009
0.0
0.678159490229
0.0
107.719439417
105.326418031
32.674085551
64.4303478206
7.49615043216
12.5793509628
70.4266196033
93.3221277986
4.82988123502
0.0
12.5144931078
3.35652521254
0.00351697322914
20.154056333
50.1950740032
30.2950528858
28.3462123248
39.9833948119
32.8617285602
13.1972161531
3.62686045469
