0
0
0.00146988965571
1.56992458552
2.22373954952
1.94409730495
2.43371238047
1.40715548274
0.900856706314
1.24437662773
0.807212229818
0.0122532062232
0.00247444398701
0.0978165194392
0.105846166611
0.358225791715
1.79186738003
3.81683302764
3.72792160895
1.41791260144
0.934491709399
2.30014866753
0.699869121658
0.0519593346398
0.0
0.00123829080258
0.27776760608
0.597686042544
0.921167055552
1.13597062178
0.428934725467
1.65052284475
0.435364807781
1.55090869451
2.56005727733
0.0
0.847497300245
0.0312090702355
0.00076726678526
3.5992023875
1.95616655366
2.49065063603
1.15476833831
4.32602923503
2.13312881114
0.93237370695
2.58964195568
0.137269106694
0.00909591745585
0.0947745740414
0.632986734156
1.41710707429
2.37198509928
3.13903678459
3.65040219203
2.74670176092
3.3123737413
1.45812781056
1.61663385294
0.0918710567057
1.55985467881
0.106460653245
0.629701673985
1.38393551687
2.83743002405
4.11382689886
2.73428676813
2.84689235291
1.1480928862
1.16692654334
2.92997296562
0.403868741123
0.423306505196
0.00129925506189
0.0417834743857
4.7348451314
3.70260402188
2.43662064418
1.1937032491
2.40253647114
1.7314686419
1.73559330939
2.88508253096
2.42930418812
1.32640964538
0.0
1.56085790379
0.42060431838
4.06439283484
1.78163273848
3.01462771534
2.10270613828
0.881067804294
1.08031308698
6.50283768773
0.197573105805
0.0
0.464355930686
1.79357435112
2.53595508542
0.45610854344
2.99943058775
3.44004961196
2.58551711915
2.89091619849
3.00835135952
2.52144470345
0.111628390383
0.650846002623
0.000642374972813
1.53650515247
5.99180219951
2.49304776196
3.38292860123
0.992576537072
1.98450581403
1.52907824668
6.24195849994
3.57102812268
2.84179837955
0.741223989986
5.56759292912
1.68035478191
1.9774053907
1.65723830822
2.88884859951
0.57511599292
4.07905974519
3.6395903044
2.78402105265
6.17525032349
0.575639202201
0.0919001698494
0.0
1.04820695682
7.8566355072
1.60720271524
3.61867845419
1.4074839314
2.3219273081
2.72635014576
1.9732441266
3.47424077359
0.681294563226
0.406955299899
0.607125014067
0.106571249547
5.56915972719
2.99340161949
4.38746133167
1.68841685692
1.65081393812
4.83945038589
5.86458223499
2.855818538
0.199744034559
0.0
0.0710542351007
0.0
5.84322345909
6.004834919
1.73720987223
2.5188880153
0.367699712748
0.395865192637
1.70437044674
2.81478039717
0.138086552848
0.00117428484373
0.971596281743
1.7181708503
0.254637280479
1.28657307336
1.33642619289
2.00871157786
1.15047134645
1.6495704758
0.858559203101
0.069649502635
0.0421255994588
0.0349428802729
0.105717241764
1.01375555433
4.49525266513
4.44443469919
3.99054245598
2.60310212197
3.00216752291
3.48839546961
1.21665607579
0.15038453415
0.467711647972
0.877232611179
0.042800758034
2.67505562119
2.84372778051
0.687329256907
1.87829175824
2.42647435144
3.58373902948
1.35971431807
0.460955899209
0
0
