0
0
0.0538461059333
52.6413561701
65.8138428144
62.0453387002
53.5417069997
34.1176560907
20.5705876686
35.2937070931
15.5918532768
0.317905582488
0.0395624041558
5.09076368808
1.84118803404
8.34746704577
39.3452752008
86.6753693777
79.0006139119
32.2966269125
23.8443035153
54.0944899152
20.0502713676
2.08171597123
0.0
0.0337215978653
11.7406532764
9.36312772706
18.238798541
29.9387544686
9.04773008405
38.5686395774
10.9528266513
79.853264845
41.6808972778
1.06792286038
23.9592785239
0.723694056274
0.0184144028462
81.285022147
48.0492377522
64.3287686525
25.6457526962
102.177093375
52.0751099904
22.6722782403
58.2357449904
1.04858529568
0.943943426014
0.326422691345
17.6881163127
39.1213006507
49.671496572
76.8860946278
91.6079353094
68.1398971471
72.0195869318
32.0583030862
36.4048521314
27.0515250341
43.1513721439
1.97113645077
0.131329346448
29.7810861022
57.3785254061
91.4864635505
70.3384306524
66.441780936
31.0282789493
24.9868836002
78.1467123739
11.2860082649
7.53794489801
0.0203287848271
1.00280338526
114.591605868
89.0040622819
51.9528736454
32.608100485
64.4123398327
43.4857143871
34.4018596596
74.5779448562
58.6145475581
33.1642634059
0.0
34.2457068377
13.859580704
94.255271676
43.9744720711
82.9119784646
54.7126584816
22.4827839062
30.1547367274
161.677784029
2.97609442939
1.95342922211
5.95517760516
34.8958334998
68.2114792318
10.5250848094
76.9540281482
92.2708744927
69.0268947557
71.2391801422
61.7342615983
69.9690188616
2.91685641557
15.5871689022
0.0172467855737
47.6847073138
143.928247042
58.4683629283
75.7400399436
23.9419056075
52.3226076365
38.6157337082
158.037220627
80.0757185071
80.6680239737
9.14138887078
111.833740381
47.2420430818
46.7607233002
37.5490608634
70.0942131019
14.7148176692
93.2668478618
85.9937174321
77.3019759972
137.835140074
21.3000104651
1.6833678782
0.0
39.1984426138
181.131624699
44.4456011318
70.288305533
30.4521091534
61.1343836244
68.4693430932
47.804971524
85.2505782852
18.8605712168
2.58131559938
9.17734792829
3.78966129106
141.029572634
69.4700454218
102.657408211
36.3366356326
37.948833486
103.314965565
140.886853142
70.8929042815
5.62322084606
0.0
1.36594632268
0.0
146.864136692
157.291130204
42.6147056515
64.2645190582
8.79689853732
9.49239018
44.3731996939
63.6798919961
6.04723397177
0.0288704177364
18.4963022238
25.9505281392
3.8448627144
19.8530126922
31.3085620589
40.6346522681
28.5205451623
46.0811330863
25.5081051662
0.988372027874
1.23685951531
2.11606800556
2.71261236816
26.4065045714
112.906348586
106.066886108
94.3861817933
65.6129435318
79.6012516915
83.1652134509
18.6939940452
2.78239448369
17.6570936143
34.693825758
0.460079591722
66.7603814592
49.1242718585
12.3351604789
45.3818821013
72.469500035
79.7808864043
21.8256296776
13.913579464
0
0
