0
0
0.0207986040041
1.52258527651
1.6121270716
1.62727290508
2.60768691183
1.37487735867
1.02335821535
0.84075315576
0.339216568973
0.0120671559125
0.0012091739336
0.974864311516
0.167177079711
0.43019800086
2.07383040688
3.29566267011
3.55695572647
1.43305348267
0.9242910475
2.20729949162
1.29415455181
0.124218158424
0.0
0.150740280747
0.205180108547
0.55017234548
0.662678002031
1.22074880626
0.745688648167
1.94322080817
0.830287009245
1.97780835564
1.63594847824
0.0
0.260661923327
0.0260075591505
0.0561914303107
3.17913303548
1.30327897565
2.15788671456
1.12629345316
5.06044150877
2.57367791957
1.03204227227
2.39169241302
0.331127128098
0.0124201008584
0.11184345372
0.56504787039
0.772456385195
2.83322849148
3.0580544438
3.25849883875
2.7736681737
3.32883542345
1.85862371686
0.528600276681
0.0751371663064
2.45180875063
0.090962793678
1.23368597031
0.858280178159
3.67841191869
4.11708846147
2.27799312898
2.48828470631
1.43948656542
1.09631178982
2.82758824353
0.0946821059333
0.347062465618
0.0
0.0728044398129
5.00095588155
3.74568813387
2.32252621045
0.970327310031
2.49278091942
1.51870724745
1.62619602587
3.04113110527
2.50247688591
1.15094097995
0.0
1.3848542925
0.860070461174
4.56192109047
1.59310027887
2.94973518536
2.16585737281
0.92296759435
1.02552074625
6.81559488829
0.108348034322
0.087960973382
0.153953298694
2.04892163718
2.30016847188
0.778907476575
3.3044579057
3.18445577973
2.65714179468
2.42835010577
3.77848890191
3.01398136234
0.0628300576936
2.18294177024
0.0
1.08774967748
4.98261319555
2.26910954644
2.90081281797
1.1520703506
1.96796464664
1.71609982895
5.85428883618
2.99255269975
1.04216797603
0.822550734505
5.63320487784
2.06018831022
2.06810878566
1.7955323644
2.73815816757
0.550292177009
4.63537063682
3.40688895585
2.54778325208
5.91402417608
0.735180497169
0.0957611529157
0.0
0.0214111823589
5.59163678437
2.34610556811
3.32178475929
1.37963857176
2.00437271339
2.56091028079
1.77844916878
3.5942422431
0.549413295928
0.119073625654
0.328300276771
0.0367983295582
5.74437658658
3.24937780015
4.3569686641
1.68440539902
1.55250181793
4.73608285608
4.94747991569
2.57814733963
0.190040634247
0.0
0.0467109978199
0.0
4.77085557207
5.24705657084
1.456872907
2.37043355312
0.424657865311
0.410782810301
1.63142042269
2.77480907383
0.232793956995
0.00150682672393
0.903822854743
0.82933893986
0.192081972957
1.02474742383
2.11454289872
1.80813320214
1.21357307816
1.70076362928
0.810854834504
0.292625814676
0.0
0.0
0.0587210208178
0.738795654848
4.53477328271
5.24954015564
5.56443612976
2.58174954366
2.46201722883
3.32493950753
2.007957533
0.125943673658
0.859757404774
0.623367694207
0.00783971324563
0.834898755653
2.42554359138
1.08847817057
3.15456322022
2.20307269087
3.5665631108
1.91787547339
0.38498609513
0
0
