0
0
0.0
1.14971612964
2.15865171328
2.52724335017
2.71348210331
1.30615670211
1.07531448919
1.5004301602
0.898409318877
0.0
0.0
0.0
0.0941226948053
0.411231196194
2.38030029088
3.78918248136
2.53778292343
1.13100745063
1.35965014657
2.45250148932
1.01967894845
0.323670126498
0.0
0.0
0.0649163648486
0.980606036028
0.390558569692
1.60685344972
0.746068618027
1.65953310061
1.0714772137
1.80278587993
1.67085407954
0.0
0.418377655791
0.0312666669488
0.538722882629
2.61610451096
1.65644459752
2.6390440315
0.969622667588
4.08399218926
2.18826858548
1.13973920816
2.59451128962
0.0185396978632
0.00871019158512
0.139089614153
0.56806989864
2.21200336562
2.27992385864
3.41330574383
3.37364063156
3.24541706505
2.20583572693
1.30028533167
2.06698491797
0.00302882189862
2.26185872592
2.89185492322
0.0
1.62149973458
2.66644464433
3.21021016239
2.07616749144
2.03592239541
2.26758903381
1.09942397091
3.27920062048
0.549834437435
0.133692007512
0.00979279819876
0.0
6.53952896968
3.33140791912
1.83970427513
1.17548854288
2.96982533857
1.83245589538
1.57802560506
1.57700862736
2.82181529375
1.96800542809
0.00320357875898
1.20765867783
0.778629727196
3.3333575424
1.43860709824
3.62777522998
3.33489095676
1.47055288742
1.37563248602
9.07745445368
0.495902857278
0.0190464437474
0.0
1.02394475974
3.82714818977
0.661542244256
3.680068332
3.88415411254
3.74784854613
2.56763638044
2.92108264379
2.80170053849
0.137415388832
2.1528166905
0.000679455057252
0.824373315088
3.49031904212
2.7714869231
2.47124238871
0.637774288421
2.06035999666
1.39809780382
6.86794367991
2.1298945907
3.70676869759
0.735824888572
2.57783768908
1.17963521637
1.14760943316
1.35779079585
3.6170850349
0.653389499057
3.70738242683
3.33227624395
3.11888051289
5.38608891692
0.4102067528
0.0480898432434
0.0
0.104925386608
4.1420451114
1.31614117883
2.89923552936
1.05622719158
2.46233832079
3.19437153661
1.26775976364
3.38700823602
1.17308623507
0.0377438468859
2.83636016678
0.132491627242
5.59498231305
2.72032204643
4.45268993918
1.94461555057
1.68395105936
4.07171879127
5.84936413844
2.99900169298
0.174654547125
0.0
0.0132088614628
0.0
4.55186300748
5.79921754263
2.04971194919
3.00208858959
0.286881948705
0.590967769036
1.70654933527
3.60918672942
0.0984077900648
0.0016752864467
0.768928653793
0.216861643828
0.0
0.909776748624
1.17226907611
3.4572997127
1.19053325383
1.91802643798
0.936853640713
0.195403307676
0.126797374338
0.118779957294
0.161691185087
0.443622814491
1.34251917247
4.72202468012
2.21131586726
2.93454424292
2.89133774862
3.54573131585
0.921159017831
0.0388582259184
0.901808376424
1.24460901693
0.00680166250095
0.511550279334
1.23859214596
1.04468405992
1.60450091911
3.27137286169
5.00700223353
2.08996392973
0.871621154249
0
0
