0.0
0.0
0.756019592285
83.5972216354
32.9944646359
27.3330732175
87.2977311434
32.6290413067
38.4263349473
45.3234457243
21.4675616473
0.0810686610638
0.0733848866076
16.6862154007
2.39709362481
23.8384487629
43.4841586054
57.7047290503
50.1155516021
41.7933320179
52.8168354593
79.0041326544
19.3359778784
8.83260063082
0.0
7.12688827514
5.17185795307
1.86506339908
12.5489440598
61.8220264517
62.8960091666
14.730224831
28.0398750607
75.471284777
23.1291762739
8.35919992625
23.5480669364
0.0
14.0015992988
37.8202969757
42.7395405108
72.4832090206
16.6861464428
117.098623473
58.3434080501
61.5648806914
52.6206009434
10.3034259249
0.0
20.927010946
47.6628825437
44.0267876162
55.4825872848
83.2848255336
125.33385893
73.921269659
60.3794593848
84.2549855522
12.0967355333
5.6946360469
44.2511362174
201.371196047
32.0882062913
44.9332603366
57.0611595511
89.7548218354
54.8900047951
41.7384263892
46.3976636902
15.131454438
121.582314511
2.11996903271
1.43538974226
0.0
3.61732313969
161.292649761
88.4325270514
45.3048941837
26.2908757855
86.3557216433
30.7262350637
59.037876919
63.6806809958
39.2570349806
14.1053198576
130.274588093
23.1982439929
9.53302161629
59.2068984602
44.007056225
72.0650391862
114.354727864
24.8231810947
37.3230464486
331.062447845
99.8650147766
2.54889401794
8.66614794732
36.7493792976
35.2588288375
26.5406601504
113.323557587
74.4670096915
90.1436748197
66.8159192093
70.1044296305
35.0816012174
0.15977823548
10.5292953216
0.109767626971
14.2270476012
69.046434559
66.745387584
90.5722689965
72.0811383914
79.1795867042
37.1562985476
130.075422132
50.1435882859
48.4387769458
2.79710367322
165.738368735
24.7776255571
18.2794947582
39.3533873213
75.8351377286
16.9392053636
46.666331213
81.4226156753
61.0299610253
236.44821747
12.463314875
9.09150474518
4.53797650337
45.2655398323
65.969186537
65.8559093177
73.0451876801
16.5651647877
73.1357541439
92.6389222406
49.5280624776
41.1827450479
25.1992250021
7.6943384651
8.70543022826
7.81046773308
180.357719332
73.4749186133
156.407856773
81.8500783536
67.1846561897
103.949415112
104.711204577
57.8327517415
2.52185033261
0.0
0.0
0.0
116.548663817
69.7514964602
31.4822422675
43.2549169663
29.4020030062
23.3427733742
56.3086182362
90.5175844262
9.65648458152
1.43107236642
19.9501077533
26.8318159282
2.43237150461
36.2536725432
51.1888655796
76.558119942
30.9939227422
18.9121403284
10.4806233198
19.2241551876
4.49755390361
