0.0
0.0
2.54025435307
43.0980474874
50.6341159987
92.8035864823
59.3658327526
46.3081829386
36.3635994048
50.4725094941
39.8357111962
0.1694900617
0.0839146021754
5.23658304288
0.029010345228
15.4790322483
41.6618725956
78.2108635325
53.6263600812
24.6382964998
32.157333935
80.879183963
33.6767329517
7.74047188462
0.0
0.467492625118
3.29084265233
4.46260897814
13.5556615591
66.8658597005
39.4839671873
25.1423608438
20.8179808986
49.0834972579
32.9340893849
26.9304664135
17.4157739784
0.0
2.94651853339
37.771033164
40.901413207
68.4726362563
13.3282215572
125.806999611
46.1614686382
29.1663993756
75.5268298442
24.0539689958
0.0
9.92954615503
25.7820099838
33.6361607239
65.232027132
64.8775055801
116.383659108
60.222500693
78.6723965407
64.3069408481
41.2182197906
8.58792295308
87.8236700083
153.332645327
0.0
27.5524935386
67.7708093674
119.497550771
88.1113746298
98.3899818509
59.476773491
17.0133274198
85.1197531858
8.31496716895
7.46202465893
0.0
1.79164368566
192.926037697
82.854294084
68.0082434016
30.089179337
62.019500088
44.700509537
53.5640228167
43.9091595859
41.7756864634
54.8794612339
0.136235050857
36.7190375124
7.46685875952
71.5734309665
33.561125801
96.1872739987
113.220847741
25.8651164398
42.637680455
302.705817182
509.079122633
0.0400787098334
6.28584433346
32.6760754735
34.5596373974
23.9069274589
124.47174594
92.6671624733
87.6218334307
77.234417257
67.1061600996
70.0943040346
1.16451042239
67.1108972021
0.0385148869826
66.051976109
75.3200145782
79.9658612609
84.0404465719
33.8091737371
51.9108661255
23.8589227684
134.301273873
30.9492200407
94.1101495363
21.2845671102
213.673900589
45.5830077566
15.3919022139
35.4469561502
74.2077713935
4.33571199329
83.2847137078
72.8119529988
65.614258038
233.950925857
22.5629890412
1.36947304197
0.0
32.1112215053
34.6305968798
39.7235741086
67.9810110535
15.4320409046
69.5228956529
67.17751953
34.3443065062
24.0331931189
29.6682920604
36.1964082756
51.366923131
4.13990481197
107.284419458
84.2788528874
143.945688642
78.1089159194
74.0714879093
109.346391526
106.014419963
57.2619838099
3.63363969326
0.0
0.0
0.0
110.396715894
63.0403426363
54.489847133
28.8096926138
22.0285313269
10.9268026929
60.7078202964
109.224285845
5.10405653995
1.9314558506
21.5681769848
37.2333652116
0.854540884495
24.8370047753
40.7791192754
86.4014744748
30.1380467503
27.1354612392
8.02507947386
12.0262842178
0.53952679038
