0.0
0.0
0.0
79.4475991577
17.1755343424
25.4805694241
99.9042937411
28.5686537633
44.132870363
27.9715450778
10.4963582195
0.282153228298
0.017064624466
0.389141231774
22.511097989
26.9700813442
39.8459705561
60.689863231
53.2872633403
52.8524104414
66.7105253028
77.5274145221
25.1587769688
4.65697639435
0.0
13.0188217163
6.6705186367
7.42541348935
12.1409175619
88.3170395801
67.3478083159
11.06510799
48.5050581386
60.752475324
32.7317433972
3.41998341679
5.75243277288
0.0
12.6044313312
51.2172366113
39.5849231918
65.6851059067
47.0149737288
127.649233466
41.718395412
41.5026473813
44.0605764343
0.0
7.62586516142
9.70117590576
28.3793097696
32.0200145916
75.7686369242
104.989104504
132.514890969
83.9439259618
35.582282628
79.1032495982
43.5431782258
7.17616464571
58.063209149
12.9370389311
4.27961254121
70.111923024
90.7941064812
76.1056013928
47.5124529283
50.3595287875
48.057094451
20.2455913201
136.277610076
5.85486541315
26.616362214
0.941017895938
4.52251446247
164.593795091
96.4032434765
31.173498893
37.2623446613
60.405491352
38.5814196943
76.2329690299
44.3220173203
9.23515552562
20.9794571651
0.223268732429
29.2107123994
2.3879270819
59.3644827521
42.0871417354
92.0148646188
138.349703082
29.2305698208
36.9145875425
221.90344308
19.1244808137
0.0
13.334053508
12.3221594871
71.1653612028
30.8574520927
92.3302624673
42.9036048857
88.353020101
34.904221477
75.8937589601
49.7278669774
18.4768955112
1.80497345701
0.0
22.173817323
108.95763726
78.3036349034
81.4327341662
80.6841427646
77.4789476395
35.9037767503
114.496488161
69.7940082605
142.023264734
2.48242020607
146.499856755
15.6182566434
52.2880982765
52.8056885366
63.3699537842
86.5179781056
55.321678902
74.1883397419
71.5089793378
241.807276495
19.9141375758
3.32897872478
1.50495457649
5.51849255338
102.686564326
85.7772952937
80.3649667428
20.5962969884
59.2321935518
95.5387229165
45.538629245
9.9027751945
21.1928805113
6.69572469593
22.447959356
2.79435119033
198.177892573
56.1191187893
127.027578235
45.8559895567
55.6494625838
98.5356098638
117.280801043
48.5159341692
11.4847801924
0.0
0.0
0.0
112.223546952
96.2847791054
27.1342953221
51.6992775108
31.7721358327
25.9566150996
74.9913614513
87.8759099599
4.77316115191
6.35176921728
0.0178081048653
3.97689843178
0.0
52.9392442524
86.4655205906
66.3101294897
50.0951841754
20.6781231835
34.7220739788
47.4017640353
0.0
0.0
3.31952440738
11.8488313928
27.8557906152
83.6125442683
35.1781247446
108.622106608
57.9224363174
93.2501446958
37.9341851491
4.79422318702
6.63216948509
32.2090041564
0.0778139345347
14.3405677378
15.6626714543
7.3490393646
40.6020442507
87.504884407
202.788003104
70.9458942936
7.88049604745
32.5900000001
35.1499999999
0.0
6.51
0
0
0
0
0
0
0
0
0
0
