0.0
0.0
0.0
88.6768720596
14.7539023831
24.8563291956
90.5577289872
29.7340851835
49.0347085073
28.6183208172
19.9562010728
0.110200960189
0.0
50.5086097642
18.7160360059
25.08682143
32.6761886402
54.3692432362
64.9009899754
47.8828645795
63.2303475458
49.7156363054
24.6159147619
3.8393644765
0.0
9.26684617997
5.1728886366
4.11880713701
12.6591488197
75.187020569
77.4900071695
12.8263239032
41.3467526549
65.7437327263
40.157835547
8.62811775506
4.51835032181
0.0
21.2969312668
68.7981919795
53.0556568411
71.5733251058
51.0116609287
119.616336809
39.5860781035
39.8769515342
39.8397065419
0.978325098754
15.0059562027
9.13181011006
29.9943583337
41.9714743495
75.350128781
102.947791513
149.607968196
81.3037646861
44.9591190499
87.1863844414
33.0410318299
8.25646803528
74.0992027195
8.87844257244
67.5103740691
74.6646126691
82.4521150253
72.2084218548
49.7039048947
42.4972052983
45.2011143454
20.2772769593
132.71226294
5.9376661554
8.59053629638
4.6552541256
5.4574041143
166.278718516
86.3501649682
32.9928279742
34.9354664098
64.5469645411
35.5719456374
72.0480710026
45.2378808708
14.4363466389
15.4749326706
31.0231092274
23.6245271196
5.35384650528
54.0206553451
36.6721074991
86.1183695287
114.335168389
34.6872925423
37.2703630999
75.1003118455
23.2005067617
0.0
0.0834074690938
3.63116379082
56.7229476458
32.8501764984
94.9936847594
43.1813689903
82.7418204866
39.1332872376
74.307699792
32.0775523334
11.0693113189
1.67175384611
0.0
7.20359162986
136.235499092
77.0362618373
74.4197756052
72.1423404514
72.9828302376
39.4296978478
113.069379179
60.0220039822
75.4772402434
0.51180204749
166.266564533
16.1928981403
40.9622827694
51.84823386
58.939432092
61.8903468931
59.6205852545
72.8364020549
69.2219291926
223.571719313
4.92697506398
5.36742740124
4.95760488511
5.06157632683
92.0474727564
74.3158847542
73.215944197
22.3202698203
57.8860115782
81.9322333764
43.9779866784
15.5764548406
19.4839003533
0.803687341512
24.3187340666
0.245083832647
198.703531795
56.7525900732
116.179734851
40.3431147336
56.5017878563
99.3621933475
121.282074094
43.381829448
9.91086745262
0.0
0.0
0.0
136.600316987
84.4892983027
22.5216675438
54.677303723
29.0256821186
21.4003198435
68.4142190069
88.7609555292
0.890054494142
6.05086129903
0.0
3.14332330226
0.0
54.0302977133
99.8721766099
65.1188160122
37.6683340044
14.4305663556
46.1029846073
30.8586301802
7.95145976544
