0
0
0.0
129.352305707
20.2734113261
21.0371834077
104.69979177
22.8739631474
36.635402117
41.7910501008
25.5659059658
0.111033126712
0.0
0.0
11.0763908923
44.6910559126
41.588557139
56.1805975289
67.4095617053
43.9567925026
46.3720792606
74.5443006065
20.1578026302
9.01091132686
0.0
6.53867125512
4.68819844723
0.614639908075
6.31683891266
69.5306203673
73.1183563219
14.6801702818
35.0005871491
69.3935898096
77.8065350578
0.43131145835
11.8697656095
0.0
12.0156863602
48.5904294514
41.8197550877
78.0447380729
38.1457907791
121.185450084
42.2173021474
59.8648702428
88.3273020514
4.25248003006
0.4217787534
5.02447879315
48.7026586253
51.5902752691
64.6134516005
79.5365908699
139.986223753
62.0126390196
57.117430687
90.2044833787
20.223708719
12.3798805475
46.5204401203
183.883195482
115.774642029
78.237789005
63.4189944864
87.554100263
48.6823134274
43.7118600178
48.0798455347
18.2077928083
132.919159278
4.4776057452
0.840252745896
0.0
4.9687723685
203.140477717
81.859097107
39.4722234173
23.2794157807
74.5244256108
35.8659351998
64.622818116
75.584712401
37.0126267774
11.9763488173
65.4976408034
29.4481332782
6.4951328449
63.3767248435
45.8598247594
78.652349885
105.858057406
34.1371181422
31.1631242597
297.944161781
25.6231957598
4.61312299222
6.60714178999
30.5715319169
53.9445347114
23.9177204389
110.989415369
56.4793967741
82.8140552184
50.5863166562
60.0193974394
50.0012785234
5.10920558498
40.4593412875
0.0
11.3847899591
110.091597386
70.9980960713
80.8481888026
74.1456978823
73.9846747332
34.7275971919
129.23113858
47.6838449892
68.556428399
2.98209388555
224.208898343
22.6817789767
19.8151211464
43.2101020162
71.1166523918
25.0275465679
53.1306509777
79.6578586399
66.0348778562
211.64731976
25.1410195687
17.1513260789
1.24768209457
22.2094238056
110.15177232
77.478049703
72.5209821132
18.2222091258
66.9086909993
83.534679749
45.5167509689
19.2335953116
18.2055898905
31.2118614725
32.0261223
3.49817838146
260.121834398
66.7366543505
155.971504129
67.1675975249
57.4083608016
100.639521726
118.736454003
63.1376973242
4.8803177029
0.0
0.0
0.0
153.097611293
75.3697551079
22.8236861089
51.4101204984
30.099935417
24.2292704712
58.0661163926
85.705589125
13.2068814486
1.91460442543
9.4647836387
22.9774754718
0.606522068381
43.8590326322
69.6358106453
123.772265598
27.4988847487
26.0767525882
11.5851113051
24.7635762691
5.51396709122
10.184457913
27.8030773402
35.3628409802
64.4940269441
63.7156597226
41.4370975346
87.5885224231
55.4359150975
77.7693470122
12.3825819902
1.49869587086
6.01713397354
31.7719748318
22.0631215721
445.15414488
30.7124991418
41.2354003788
56.0612154706
81.8024669141
216.189663696
55.9579740689
23.4129375704
47.5099999999
297.84
0.979999999999
11.08
0
0
0
0
0
0
0
0
0
0
