0
0
0.0
82.7465507983
18.0589915803
26.0169481421
100.808003639
31.8182245865
46.2426658608
28.0853076427
12.2191542126
0.532845871524
0.0467312391847
0.288943961263
21.5849801302
27.7532404661
40.8057598361
61.5533704831
55.2550603711
53.3764456138
72.6965392157
71.3459882474
26.3532998712
4.49266692996
0.0
12.2711620331
3.79751050471
7.40120592713
16.0319522135
76.6247034883
65.8199446416
11.2121001519
47.6181197232
71.489437404
18.8633995224
3.8639319241
4.97486491687
0.0
12.6223000288
54.6188789537
48.5141124766
60.1298483033
41.7581888201
125.889582731
37.110338347
43.774175196
58.174282439
0.19084071368
2.92646813393
8.89225791022
29.7584101483
42.9567610322
78.3243613675
112.898827476
124.73093652
86.9893094748
39.9205077029
74.4141605402
18.4962382279
5.55229341612
62.5783664436
7.3349254271
0.74277690053
69.2335442753
87.0242041438
76.0814211108
52.5845343658
52.6743620484
48.1272484046
22.795873173
185.179562112
3.98158327303
25.8085305691
0.0
4.51738750934
161.272789657
102.948160434
41.7611188834
36.1013717261
61.4244237989
41.1218565926
77.1113400002
42.9372085166
2.4712779522
28.377312541
0.28234653175
32.85619005
3.14256201312
67.2532188432
45.0369199296
89.5905088428
128.335800549
21.9860155564
33.8849038258
96.2333725831
12.8517475259
0.0
9.21703031938
10.1451806026
85.9443992302
32.475874247
95.0485550837
46.1835016776
85.5507808956
39.0837173201
84.0067069418
54.8644871414
17.0510369539
2.27243310213
0.0
22.8071769476
107.590348036
74.394382445
75.2703368318
77.5710113794
77.1968273436
33.6012861686
115.644435033
70.8464973494
134.57719163
0.576480522751
114.459005345
16.4786107242
42.1109000863
63.1724118703
65.063619529
87.706976993
52.8644263968
69.5160624696
72.8539073354
228.808917099
21.3610384064
6.64090213178
2.21812587977
2.77010155097
114.46494884
89.8719166838
78.5093350411
22.7695205659
64.3105839641
93.8940491359
46.2749450839
12.7936943472
13.0787510723
6.1510173697
20.3053863421
3.56798597239
218.634242646
52.9859566056
135.093605429
43.6159544215
57.2034856613
100.032521803
122.193265222
58.7163813115
14.269615531
0.0
0.0
0.0
109.973852456
94.1763064339
29.2647093012
56.0747855342
36.6991489438
24.4447866362
78.4195365804
79.1896221545
4.09265139698
7.3125097705
0.0
13.0989541411
0.0
59.2817351371
90.2356908917
58.2642406673
54.123373188
20.1684946194
30.094065763
44.4040535242
0.0
0.0
0.0
6.07975326665
29.5397957861
88.8608045542
28.5792556051
94.9504327531
53.7902526185
96.3597175776
33.2863084255
3.8314816591
7.91573429479
30.2108883708
0.0790602006019
29.4288865327
13.3897919431
6.37976859883
52.2177348732
85.2228295282
194.001686007
67.196022095
23.7850768715
0
0
