0
0
0.0
5.1156638395
0.445914264768
1.01327393908
4.10384924593
1.19854095532
1.87752960762
1.47280329419
1.01266148454
0.0533965220675
0.0
0.0428728871047
0.639554040506
1.70471032709
1.61547425576
2.03384305467
2.84597536363
1.84026254201
2.4429499195
2.71549984929
1.1557355132
0.164392120671
0.0
0.00993251614273
0.179582118988
0.149207528681
0.41350059351
2.89719142858
3.43183513428
0.417984991567
1.62478552293
2.48030674481
3.73795810365
0.0610075630248
0.321784480009
0.0
0.968433201313
2.81052407494
2.18546203361
3.07290736242
1.42904015107
5.11856090697
1.93583636265
1.82564581279
2.2464759954
0.135595709085
0.412646055222
0.580796164926
1.50655491638
1.86303252727
2.84190387512
3.50483598968
5.84642047272
2.9459938854
1.99602593482
3.60916516534
0.874222661369
0.247101347893
0.526115833549
0.347307991236
1.49280190468
3.73523329943
3.15799992508
3.3769529569
2.08090984565
1.92574553564
1.9003364183
0.988011273905
6.27478487993
0.0993658325169
0.368572469801
0.0
0.177753168158
7.85463231336
3.73581995443
1.43160031992
1.26862257835
3.04823374189
1.26775047055
2.7513633417
2.66464340361
1.27359628677
0.731280118693
0.020010733977
1.00382219511
0.312846859917
2.48149126582
1.72856486798
3.50365977257
4.60280681495
1.53584475035
1.25347954873
11.5575379692
0.659871483687
0.130571946502
0.00138856458943
0.397620208561
2.06114735641
1.20926600532
4.63526491635
1.83230020362
3.63941495324
1.83447612962
3.04438954091
1.53569894482
0.401100840652
0.0660949647427
0.0
0.0300642953953
5.64564377896
3.27684671298
3.53345938586
3.04935940681
3.07857321587
1.60973517294
5.12709059939
2.71135678934
2.40376676223
0.127448590472
4.76041970798
0.627745035046
1.67348234286
2.27105805837
2.03768602852
1.95431950688
2.21223719232
2.9626958021
2.55386557209
9.59593428113
0.745670324424
0.0714848686475
0.146196141839
0.28371901327
5.16186777875
3.36111831293
3.05703999638
0.917056114879
2.62175676576
3.37462104019
1.9848950624
0.527097456623
0.131726120133
1.59038738674
1.281362148
0.178996513016
12.0639437102
2.50117008679
4.88193588506
1.68329952721
2.23930162378
4.32977901807
4.56339828577
2.0604899209
0.275577791035
0.0
0.0
0.0
6.90902509727
3.49175624643
0.904764921637
2.33969018632
1.23974511621
1.00895330124
2.78354780935
3.60232674982
0.165445583872
0.14910068037
0.253049773222
0.30361152254
0.0
1.72414208301
3.55268406497
2.83618200231
1.34845576156
0.775992418174
1.6603217572
1.26471936703
0.459355173633
0.374531447887
1.52198841423
2.36225326825
1.91530966014
2.79655785486
1.93967531621
4.72707157629
2.13586518168
3.16914649867
1.43328529969
0.107957206201
0.24711547792
1.69068754464
0.494374979055
19.4424712788
1.01985537633
1.01971904375
1.77649295802
3.09956748714
11.8812065002
3.28306625597
1.19848895818
0
0
