0
0
0.0
88.7226978634
23.3434753278
22.8190268241
110.556727313
27.6819206458
60.538364891
27.5774195417
9.58303218427
0.264447251335
0.146815124899
0.548293277621
24.2255207278
31.1279452946
42.9946713914
72.8544063828
57.4019651189
60.044066593
79.2417570725
61.4336778782
23.4392175581
4.74477479606
0.0
6.70241832732
7.1254541874
21.300765574
20.6485708798
72.1082909801
63.0491851195
8.98013688298
45.8563123075
63.6076548434
38.547385049
17.3394167125
11.6962689534
0.0
7.77238342166
58.4686775208
50.3921152214
60.2553159194
41.823599759
128.709105469
37.5057079922
49.3848303482
42.5384230613
2.84066569805
16.0515471697
7.97584623098
27.4560797532
41.2819670141
75.2770391832
129.769414002
117.006728746
86.3297542891
46.9678317346
67.131395022
41.0243786182
9.65597496182
57.332254026
4.76694355812
0.0
63.1168684958
78.9756908064
73.5393270934
52.559963705
46.2653760127
46.7960029766
22.9516605427
186.805570146
3.70641546696
30.1540385484
0.0687332097442
2.24624061584
98.73780144
100.976278357
44.2231731252
26.3632321414
56.3851122559
45.1529474146
85.952903009
48.8117913622
12.4662298411
27.4158782959
0.0
30.7952781007
3.54536437802
94.4459281135
45.3693382702
88.4465088341
117.718481664
26.578992365
32.938735921
95.6262611971
8.00657755138
0.0
0.011233298108
21.1590665728
87.3647427857
35.5637296471
97.1450855462
60.7811746224
88.9190318304
36.0746732633
85.3984831721
58.3107534797
18.465008676
38.7752951124
0.0769025031478
31.1708906741
115.548282556
76.1077603922
89.2289648539
79.9185865001
82.3598590913
31.5518454043
139.589313403
75.457209751
35.5202239555
4.49674165248
61.8599933534
8.40194251387
34.8063990161
66.072789935
66.8280252228
80.8758965806
59.4332173615
63.7097412218
83.8958977433
210.337508275
33.0095966198
9.60239525513
3.01081824302
0.304027425125
109.841319457
74.6269716696
79.5278415084
29.0613014772
67.1203965694
96.7386956542
42.3167681681
12.3385876268
15.1702470481
1.73808633909
28.482263893
2.33099068701
234.185427926
61.2671947488
135.678674849
45.6911972611
56.6481715366
98.3503994002
116.350587744
59.610944867
14.7170670032
0.0
0.0
0.0
107.831355214
102.840077866
32.8910675695
56.2925775312
46.7695247513
28.3662849235
85.565178492
77.9965819913
1.84954811633
6.62909581325
5.24768205732
2.61302143334
0.0
64.735455528
105.978806734
73.2148978114
58.218263436
24.7281246408
38.4753357098
37.5365860462
0.0
0.0
0.252251990138
9.95845245569
51.3089303971
70.8908616874
30.2511283123
89.3541720305
72.3765470088
85.6938350369
40.1113889962
2.20936693624
0.0538095496596
8.49771754817
0.0
6.32362376153
24.3813259901
4.86081921122
46.3674355634
89.2913572154
161.143828567
56.5129056559
43.6481822693
0
0
