0
0
0.0680216625333
2.43372288626
2.16006631532
3.96904364493
2.377986582
1.65005442529
1.40082460549
2.37199262355
1.69696884509
0.00531014055014
0.00524515786674
0.236250420799
0.00204980641138
0.92370538041
1.89008869231
3.14439863432
2.25783425197
1.21883647633
1.39486823138
3.11918286141
1.41225609323
0.291295815259
0.0
0.00558405695483
0.177453279495
0.181819052435
0.652541473508
2.81138734473
1.78760870342
1.02438645158
0.666257949837
2.29402505467
1.03057288239
0.61014059186
1.03147748113
0.0
0.0757599055069
1.82541993447
1.70517743856
2.81839350308
0.572531407262
5.20162375073
2.03616513638
1.46422961587
2.7188640614
1.57992753386
0.0
0.464962150902
1.13207742892
1.64190022601
2.77494521812
2.76282556751
5.10167391261
2.65667394619
3.14112949022
2.54342325893
0.657023188425
0.0
4.04511401244
5.7329810001
0.0
1.04158521991
2.63244058564
5.83291502844
3.8230357467
3.63925256627
2.7783410449
0.875416576979
3.69359951303
0.28610037663
0.270502183586
0.0
0.082520827651
7.02014967729
3.39622817666
2.67640765582
1.59024522593
2.82849717187
2.09472772852
1.96980486962
1.83207973721
1.99661769782
1.7348444839
3.98981396994
1.61559479777
0.33365483029
2.94716261723
1.72743834864
3.74877408764
4.53085497953
0.748284516856
1.69282449374
12.8360225935
18.8433453022
0.00320873316377
0.275342036039
0.845152595313
1.56924747024
0.988323545083
4.96901546931
3.42192745861
3.59771273634
3.42278149771
2.79519070126
2.43218729179
0.0230607322883
4.02556430362
0.00155396782793
2.17634862213
2.56692690286
2.99702923372
3.19632905256
1.65065611704
2.30966735643
1.00014230498
5.98250499764
1.34126804583
2.52445786027
0.239544036798
7.05858534621
1.62537672103
0.393564622384
1.43017705542
2.87658170005
0.16817319952
3.73869731417
3.35114996997
2.87531902851
8.8021976063
0.909161323332
0.04957457399
2.91181224026
1.10088266572
1.0724752419
1.64928757492
2.70637374872
0.885318549699
2.86524592293
3.06541605387
1.35817154008
1.24211120047
0.858104566578
1.0744767841
1.41762449616
0.116828526603
5.33461592929
2.85829311144
5.92195961811
3.64762435039
3.44825070212
4.97438178561
4.10614140262
2.17126108997
0.139183311956
0.0
0.0
0.0
3.83368401113
2.6097883028
2.11790703854
1.1677313759
1.04053441517
0.568653474795
2.41709132725
4.28924132884
0.260511867702
0.0721900891513
0.556514374912
0.862829066813
0.0915500372648
0.727836115519
1.85886592825
2.73701833573
1.15639895911
1.25825102651
0.250668987632
0.608727052808
0.0206323675811
0.142076179385
0.0349038995337
0.0828013308346
2.95782106556
5.32930995803
2.04962455109
3.30717498204
1.93196576647
2.31460358389
0.728824065998
0.0382590144873
0.265640966594
2.88636835478
0.881348064169
0.536580590764
0.828077744693
0.715143036097
1.1569560729
4.02089980268
4.36046516709
1.1477089338
1.04449419188
0
0
