0
0
0.089046753943
2.52478227532
1.58947667154
3.2448550312
3.16099281982
1.54726686282
1.72487945482
1.92906136706
1.11754801939
0.0217557535507
0.00746795209125
0.0126595962793
0.0186127033085
0.610164595244
1.83740247041
2.82278274465
2.00441707205
1.32513056416
1.67062607314
2.19131690403
1.04940573126
0.407088574022
0.0
0.116270147264
0.109402306378
0.182866857387
0.32388499612
2.38704688195
2.06212877866
0.735614493722
0.731086789921
2.76027752738
0.859024609439
0.448618032038
0.452153395338
0.0
0.122231667861
1.42227438348
1.78938270936
2.53528291767
0.613715416635
5.03811169922
2.21190036787
2.23240286391
2.79099734395
0.625632108189
0.0
0.539962453768
1.5207924695
1.44088732032
2.63132571802
3.48675522403
5.06465078751
2.97419060045
3.16701886477
3.00595382275
1.59062629705
0.0140211333055
3.35690170806
2.53360237833
0.021967343695
1.28085779143
2.21335778479
5.18954917177
2.81017114804
3.49968788004
2.16448937356
0.775825268938
3.3763972288
0.186157178134
0.61861410737
0.0
0.110664805397
6.14711545408
3.52055542544
2.51453780406
1.7190961747
3.20216839854
1.69658024306
2.65445892897
1.91766079003
1.5051982021
0.941264085704
4.15015680157
0.989219097479
0.410876638256
2.67976323608
2.05337527517
3.72659095749
5.28362630727
0.830406219698
1.66652701993
10.5272976011
18.5756520305
0.0114578856155
0.0553753450513
0.665724655497
1.34006068733
1.23581870552
3.96150598285
2.9602822226
3.67468187446
3.53376471717
2.76460121386
2.85636480409
0.0616984611843
0.0284182536416
0.0160462214844
1.54354355391
2.04464100441
2.72240514681
3.65946690645
2.12881116499
2.83183144394
1.0887599822
6.67575518182
1.10952012474
2.74790680944
0.228511415422
9.15631916746
1.55798766471
0.397003580758
1.4808999477
2.85519526881
0.438097025268
3.35138028394
3.49058599351
2.86390776583
9.48385032779
0.657634877483
0.149118136615
0.0904785767198
0.254636238737
1.14543932397
1.73158990312
2.70585968101
0.737857644563
2.88921949849
3.17452093359
1.85288372054
0.863657957176
0.858913953882
0.120092084631
0.542609246448
0.140351511829
4.71753927227
2.90390086919
6.38702748192
3.554356687
3.34268601937
5.41492736491
4.02753422037
1.84248278115
0.111708127253
0.0
0.0
0.0
2.79849713715
2.94197444757
1.8183792897
1.69463157782
1.04828407848
0.788333425066
2.3242263915
3.87147204066
0.320571187418
0.0344368442893
0.413391464157
0.450933381915
0.13318419084
0.417706802546
1.63299371768
2.7396275003
1.09907638506
0.990251920186
0.278250990435
0.471599549055
0.0399618430529
0.131400600076
0.108900209307
0.0442771278322
2.05073495483
4.58215088531
2.05627650209
3.36228796397
2.4698954653
3.16763796879
0.83880381193
0.139086425304
0.127800069749
2.05190320499
0.0150750819594
0.341594755184
0.917670082767
0.790326145012
1.30036823452
3.00163493864
5.27366740606
1.24768817611
1.23548322916
0
0
