0.0
0.0
1.6325199008
59.3685066662
35.8161186547
97.528539114
68.4922638907
37.251159042
38.5873597562
60.3320445511
35.2936172448
0.0454149115831
0.176895632409
0.328295186162
1.00074139237
18.9627444148
44.993615359
71.8511051014
51.8980848602
28.856425099
31.6733583115
60.8517399878
36.9283911624
9.08619350196
0.0
0.51370073855
2.62525695562
5.16862095288
14.0693648681
55.3218044938
44.7005669796
19.0418327451
18.1242859955
59.6782496832
18.5489756148
1.14489653706
16.5650525931
0.0
5.85289410408
35.4678201377
43.4280087444
68.1039009634
11.7809259505
123.771200082
49.1021621078
47.4849067478
65.9289159012
29.0406259373
0.0
13.0727655105
27.604917684
42.312474288
59.0663216225
72.6381746256
118.191932442
63.963904297
74.9424662618
67.8101816364
18.4579654522
0.336620232091
101.896414826
80.8319691718
0.0985336317682
30.5360514912
57.4838566483
141.957352205
90.2944938038
90.3346533739
65.7223361513
21.1578425579
87.8708277941
4.97107354459
3.39443368838
0.0
2.24178335443
151.739885531
85.251409471
65.6560798903
36.3728723767
67.6759984865
45.480121721
49.7956371737
45.5722609944
47.4961702195
29.482445497
95.758268796
29.5165240886
8.84956202657
66.8204570263
45.5491240541
88.7936820024
122.702533744
19.93653078
43.1196430894
282.43153512
386.631556363
0.0794109385462
5.67420718073
11.8613481224
35.067569375
29.1185046137
102.829672946
76.0443418092
87.0898314156
86.7758366558
71.4056677222
66.7072477843
0.229742484167
29.6291373967
0.0318334791809
52.3324191221
56.4748784714
72.894926101
78.1645497456
41.3508014033
64.3871413507
24.3053218229
151.813690312
23.2762379944
55.5693987161
7.51167583466
200.128958076
37.2886633202
9.01478171534
32.8943511509
62.6960895499
3.94500602782
90.2454903199
78.8273090534
63.5116704698
223.284979518
29.2294787765
2.08072580025
2.21498858929
4.37690733746
24.9301014672
40.3531591147
64.9404167254
22.5835122066
69.7551684994
72.6753053292
36.6691538225
17.4210598189
22.0536954962
19.6733417586
23.313013969
2.26134611294
135.97909866
67.8286840841
147.902260755
81.675923802
79.7000504249
126.250759436
92.9559000413
50.1515796036
2.76117199658
0.0
0.0
0.0
81.3228334152
63.1866681072
52.018031761
34.9526738004
22.0017869174
14.3934871685
55.9247639179
95.0964719962
8.38799732923
1.16685871035
11.5407027137
5.1454188265
2.96918356418
12.1040509902
49.9834700525
52.9293781891
36.2090829984
22.9473195635
7.21656525134
15.3394088745
0.0
0.0
0.969822093845
1.02063900232
45.9688197468
129.323693141
45.518387921
80.0750714578
46.133123651
73.3854769925
18.9755921066
0.80065691471
4.20775468646
50.6055826397
0.570841804147
8.87857346981
17.9817028642
20.4743481875
29.2021304815
84.711162731
104.176338986
31.5734480023
67.8820574282
288.87
1394.2
32.6599999999
2.56000000001
0
0
0
0
0
0
0
0
0
0
