0
0
1.63252007961
66.783311963
41.850152681
61.2953354081
77.0828426498
35.3459611572
34.2245584913
45.2721326294
30.0623115823
0.036146820523
0.081137560308
19.0883216858
0.422431885265
22.4373427033
40.8670439868
66.2805789782
46.329285521
36.744040992
43.7229935712
47.3653552606
25.1078877636
8.05994787811
0.0
4.52509796618
2.82072240115
4.04972049593
9.36969734542
61.2854598434
52.2621104926
16.1668984406
20.2499582358
73.0599524863
22.3454214893
1.06254065037
16.9979095459
0.0
4.96057140828
31.3623595805
40.457896351
59.4523059194
14.6788761006
121.261099705
57.8071575053
54.5947869122
52.307128231
24.6326732822
0.0
18.483335305
39.0003361562
38.0608721786
50.3089352364
80.6435895917
120.048770003
70.6482574661
72.5441942477
76.5148445518
57.6976474486
3.53275984526
73.34623989
66.038110681
2.47020685673
29.6722920835
50.3362186253
106.099131357
59.2207734211
68.5679475312
55.3072986211
19.0660258234
78.1672023554
5.79895696788
1.39527909458
0.0
3.71623674127
149.33432065
81.8990901773
52.5078815635
30.8295712956
83.4877883623
31.6565849762
65.858784587
45.8763483055
39.3591542189
23.2764559505
95.9495765491
18.2789899707
5.53200696269
58.2208797005
45.7874900539
82.9127943842
123.553290479
20.8386951294
36.2348339762
259.311643637
330.548169516
1.22553223372
1.85257297754
19.6971408427
37.5656182402
27.8542463556
105.514260661
76.6212799949
91.2373423171
86.2788346186
75.6184509137
65.3160276655
0.352721353992
1.11776525527
0.421165362931
32.2974571735
56.8864134746
73.4496093391
90.2361889332
64.4572633104
74.2180862263
28.5280815367
156.779374704
24.0277555826
69.3500690014
5.82375079394
241.340599721
30.866669455
16.308275891
27.7134032138
73.2724794521
9.54197469727
73.0716311707
82.9308024646
63.8527852836
276.156017057
8.40296269488
6.74242835866
2.21430999041
5.16914371961
30.3089723736
45.3966664822
64.7547708358
16.1495386865
70.8598875962
82.3156842458
50.2607276011
19.5400462356
14.9692457132
2.73391256669
11.7528027222
4.57096217573
114.550409247
74.5962016135
160.147034246
80.9011419286
75.7439577319
116.007571287
108.11010121
41.2556900662
5.17392221465
0.0
0.0
0.0
90.4796464406
67.5051119887
31.4605763945
36.1600776538
31.1567141098
21.0701551717
56.5149780103
91.0337564182
8.3872024566
0.037894721143
9.27579188347
32.831128031
3.27923167123
34.3323434285
37.5994725377
61.8022156766
22.1751772435
19.1683186982
8.58009767532
8.4163248539
1.68828063458
5.77427414059
2.32795653306
4.66550633311
46.0449317064
95.7943805326
49.5912691354
79.4538491628
62.648812741
72.3192209266
28.197145477
7.03164285422
2.15747478604
32.9590361863
0.431726351381
8.02208600566
24.2121183425
25.6740131378
35.172962442
75.2713353038
142.640726687
29.2707978487
28.7950517534
0
0
