0
0
0.0
5.45685128821
0.82422648184
0.909141960263
4.32583145809
1.27311435761
1.54293694487
1.63896425394
1.11671641003
0.00446689501405
0.0
0.125877007842
0.452060966694
1.69473370723
1.59374577552
2.48165416298
3.09747969772
1.78702975204
2.1526709944
3.15106026991
0.960358739831
0.358647839166
0.0
0.311641275883
0.217015877366
0.0533657334745
0.431046827522
2.6236032825
3.26163319941
0.598020647536
1.44046195596
2.94657451892
3.69526985823
0.0166992489249
0.410051323357
0.0
0.771186179598
2.35957188415
1.86612947774
3.12897252152
1.51056933426
5.20295411441
1.86455806042
2.11193098594
2.58402664296
0.160877630115
0.0128636676818
0.508750559529
1.95007088035
2.14002572559
2.55912597344
3.59269310796
6.11683487729
2.81130001671
2.16907136212
3.70345779415
1.55680267932
0.31632934371
1.95415625675
4.03101241961
1.37109694292
3.98531887121
2.59870011359
3.57988097431
2.21167496103
2.01440191502
2.13251139503
0.881042327383
5.16374853329
0.180246257223
0.0302088502795
0.051070895046
0.231062233448
8.47066322714
3.53945095057
1.63561259641
1.10298687662
3.23955642013
1.55194726086
2.6845502581
2.69476016238
1.91253212746
0.333569414914
2.96056041494
1.42151073192
0.29650142882
2.84919514321
1.81885245355
3.54869946942
4.17580145411
1.33319111704
1.25966662378
11.470420423
11.3368436955
0.301892523654
0.0
1.07914450113
2.44989819825
0.981619034661
4.84260977537
2.04534086026
3.24785784143
2.09209386911
2.69903230295
1.52322417544
0.166367111495
0.709603995085
0.0
0.260170807247
5.71552110161
3.23705061153
3.19060395774
3.38486020046
3.0877416025
1.42058936972
4.96053987928
1.5705136545
2.78902043961
0.201541726477
6.75846637134
0.513765450509
1.08361748123
1.98369571008
2.61486401164
1.3246190215
2.03852837032
3.19697158888
2.54694285523
10.1322225025
0.490907381289
0.679354451597
0.138813778758
0.27587577037
5.18857266661
3.59953933209
3.0371534992
0.860303438269
2.88506205974
3.45598990243
1.83472171985
0.82753614895
0.604544986971
0.0816126465797
1.06134149199
0.207797757408
12.1675819
2.95677828672
6.02825490898
2.05232437467
2.15646848385
3.91348820482
4.64116626978
2.35257980647
0.269536484964
0.0
0.0
0.0
6.39213240036
3.22233975865
0.823880629032
2.37284532667
1.3640357689
0.960161896306
2.6004562797
3.64179369714
0.480274271918
0.15790306963
0.29967751354
0.650083491579
0.0
1.71181205285
3.03772615292
4.03048603621
1.29266340239
0.980098066619
0.789122058079
0.999572575092
0.360280425753
0.495308358222
1.37760715187
2.46159998327
2.32884266693
2.82201974094
1.66504235379
3.82145413524
2.43246617587
3.19776457082
1.10368003789
0.0391070742626
0.377122733742
1.67214545072
0.633480392862
13.6345725656
1.15098615759
1.20161882788
2.52535835654
3.48413420189
13.1450242447
2.64777628612
0.538320248015
0
0
