0.0
0.0
0.87158998847
70.7855862043
36.1769605838
42.573262854
77.8529508523
29.1109315642
37.7775066643
50.1583368312
27.4248025865
0.0814250931144
0.0758919809014
18.0828123093
0.80660907179
21.7296000095
45.0904247314
62.8574614673
49.5418312848
36.9611096196
52.4169445709
68.7959359066
19.1826411523
6.95537146925
0.0
5.33899676801
2.73059535026
2.58136260509
11.6716021299
56.917209949
63.3009786665
14.7048640307
23.0201006569
76.88200536
33.0853265674
1.0057426393
16.1851372048
0.0
8.70753415999
33.8068649657
44.947076099
64.4201589497
17.8641031925
119.632214938
55.0034665615
58.139278561
61.6492732493
11.5600689277
0.0
10.9932241067
45.6040644218
38.5083212815
54.7711049518
83.953555584
128.439142093
78.458422361
61.8449436185
83.091222709
38.856860429
5.19189673663
81.6063367109
177.85245654
1.61414140463
37.5222107916
52.7224031165
101.454336863
59.5509258247
56.424342893
43.9909857641
15.9778818386
108.643260584
2.72912285105
1.35652792454
0.0
3.51928303577
142.100548469
82.219570309
49.0620739627
31.0992621341
86.5698338225
30.4052771134
61.9860873185
50.1671845001
33.7068093941
14.2859441042
95.9244280906
23.4032504819
5.73223633901
54.5470515238
48.6866595307
82.1567914188
123.702237502
24.387797255
36.4256741981
306.762955985
174.309380958
2.88032774628
2.48961031438
22.4929703996
28.7606191634
28.3003314547
109.433121127
69.2760490291
95.1893912566
79.2819878942
75.3991514258
38.03390136
4.58098497614
8.10686740279
0.0451718531549
24.5066552014
62.9976349846
65.2062132732
91.7612148598
64.8497037444
82.2319934294
32.2910795986
143.867552988
23.6056583002
47.797822751
3.90376751124
134.762266002
31.0331028701
14.8393309331
29.1015097798
73.959806107
11.8898531198
58.2819443755
84.3054707832
60.5250150953
254.203027637
11.8855165187
7.0197948329
2.2878844142
29.1533484924
50.2914114338
52.5822092592
66.9744317467
14.9372039661
76.460885005
79.6692120732
45.9050832185
23.7165457774
20.0642954791
1.68242442235
19.6635862906
5.6741084531
158.389805042
77.2339264042
162.783905279
86.1636632122
76.1112041976
116.219323844
97.4591646864
50.8927474133
4.00721911154
0.0
0.0
0.0
101.177877361
72.283363944
36.0728025091
41.1372820073
27.8882749937
23.1797841657
52.7273599058
96.4784354122
10.4720311202
1.69781928789
20.0192763805
38.9955872969
2.52819147706
44.0845480262
45.7466450258
78.9866356162
32.2134582103
21.1596789882
11.8537180424
8.81726574898
3.64673231542
