0.0
0.0
0.909538582898
37.0876435786
56.0600601173
93.2011597766
59.6320535558
43.7686788216
36.3150216043
43.7566443254
40.9963752888
0.261974059046
0.125883788802
2.12931738049
0.029010345228
15.6426446959
36.4272418766
67.7098817042
53.1866791138
21.7669337634
30.2553955558
72.7394586058
26.9440418501
7.83540642634
0.0
0.359950080514
3.28206932544
3.43101216852
14.128047701
63.9887850518
40.019302987
25.4040464534
22.4402147485
59.7565004042
34.5393697879
9.73564982414
17.5689475564
0.0
4.45000544563
34.8539076614
41.8648236953
67.1782321706
11.8873150935
117.108827057
43.6382509488
27.5487903636
95.2246811484
41.0273244828
1.88776195049
8.24489518068
25.3080680897
32.142395664
60.5642793216
62.9399376792
121.024097856
52.2877263576
74.6329421102
58.8841223772
40.2047348292
7.64277995378
63.4828034117
95.0451129823
0.0
39.3077266999
75.3690104707
101.107693305
82.7666457742
90.1566835418
63.6475450121
18.9185088761
100.275719332
6.49282331765
3.5466246307
0.0
1.14988353895
180.323064163
83.6466470976
67.450057391
25.275660756
58.3790018074
39.382955172
46.2728662714
43.7076165173
38.828243941
58.9298594669
101.215232849
25.5235564728
4.67516905675
81.6608757264
34.5394042656
96.2363099455
120.829499602
16.2894153334
42.9372555223
238.593441208
14.0338240117
0.0
4.98350626231
33.490270542
30.2959951759
22.3382729329
120.02629018
92.5254509902
78.4672558224
97.1334580836
67.487729472
68.2181875649
1.6223672675
52.0610821099
0.0
61.4326180313
78.5902511369
81.0187035799
80.8305764794
30.2627217444
54.903167701
27.2266386264
151.024852479
29.7602822714
73.8682029806
8.4089038968
184.732485898
41.8953128234
18.6076601087
31.2865841138
75.0654822019
8.64733891188
76.6423036159
75.3917369731
69.4219010287
189.419477385
28.5064569545
2.24309550226
0.0
43.5962927314
39.9063936886
35.2845385176
64.3316073922
16.738984108
68.6229314525
73.3254867643
33.8886937174
40.6098301896
24.3316409794
23.16650513
54.4519383833
4.2446116805
116.837182525
78.6796264351
137.66249251
77.0605371622
68.576497771
98.2248660182
109.555268478
68.0434836074
4.31495976449
0.0
0.0
0.0
104.396632947
67.4746427314
53.621602105
34.7928435802
21.9089188082
12.1754108258
63.4277110846
112.252174426
4.52221484575
1.07167616487
44.2962777055
47.6233456582
0.0
37.2002938985
43.182711415
28.0826561395
31.3794098218
20.4417850915
7.56688812374
12.6865582466
4.32920426131
1.75105941296
1.45625065081
3.64625260234
52.256820649
119.150010064
55.6111423373
83.9828487178
33.8534799814
53.7443124857
21.7626655921
0.21864849329
17.9228752255
46.6350496039
39.4190911241
84.1098205111
26.494408831
22.5527506471
17.7888382226
145.129117959
113.287730735
28.4144766926
20.683394283
129.46
1246.91
82.29
1.3
0
0
0
0
0
0
0
0
0
0
