0
0
0.0
98.3636635356
27.5843882561
24.824187655
96.7878224383
28.0701576545
37.6420690901
44.4870598018
32.9973477871
0.993456803263
0.0360567653551
10.8894367218
6.58502837364
39.1129012406
42.1292974502
54.1347385682
62.36345883
43.22210598
49.9359458796
86.0821109153
20.5815771259
8.54554773866
0.0
5.59481370449
4.8276311159
0.873003602028
7.94164728374
68.2959073874
72.0039214126
14.6598652471
31.7210624186
81.6773327887
102.840599556
5.7448131144
21.0780698955
0.0
18.8446317064
57.235987723
44.2575181006
76.5851422548
28.1860066318
122.783331759
47.562083736
58.3122967332
56.5806735569
1.87802124024
0.0
9.13626515866
48.5485102598
47.9834005236
61.3687879666
86.3824068778
137.410464607
70.1901920959
57.992280744
86.3992345795
13.7450721357
8.81797826662
63.9114426523
182.927373782
37.5124883652
66.5318572819
63.2561563253
82.5237019764
47.2120787669
43.0298405047
40.7962267063
17.8569814749
143.031354424
7.44572993741
0.778269063682
0.0
4.02895002254
193.456246913
82.1225193002
45.750961051
24.5901493771
77.1513275429
33.8329497528
63.3537896498
70.7611818463
43.3896369756
13.4206236005
65.423141107
24.5529305083
7.90858944458
57.8337850236
46.4210676989
75.6020412859
110.662620228
29.8467064351
32.0268376339
328.90329259
106.039266229
6.87053266169
6.60322419739
24.5400535414
37.1704542115
29.8589549885
112.743998095
65.6410506084
80.8578363984
56.0985707045
69.3054054547
52.4878250062
5.00394156576
27.5423756429
0.0571788903326
10.4211107008
92.2939379393
72.3095264285
86.8866375535
72.4445100864
76.8940739861
33.1330893814
137.01747901
53.9656400923
60.6042891742
9.1979983896
176.142635241
22.636095766
19.1886887527
39.8617519586
74.9836774171
25.2430049117
50.798608806
82.1078806781
62.1323032157
227.180816129
16.231092724
8.6545999199
1.38795080781
21.0521595525
83.0158763006
79.6756269782
74.4611748658
16.506692972
69.5757219382
96.4809706529
45.8388303146
31.145069629
23.3588754432
7.77185611054
16.9711927883
3.54319010676
224.315067261
78.4399346654
164.585826762
81.1593162194
63.1782876458
105.637687116
110.82272462
61.5429533868
8.42705934494
0.0
0.0
0.0
154.557398711
73.3553368786
25.2265256988
47.5165029802
31.5224201494
24.0167586206
54.5040100291
88.1613608467
10.2943204008
1.22548684012
15.2119800746
19.6053166687
2.07161843777
38.8653463236
60.8125070035
88.0987206382
31.9331311529
21.4548594877
10.5354500413
24.1506135463
4.12725992873
12.2209809422
30.3705171346
18.5515032336
56.1166284084
69.8278404326
45.2286581398
89.6295310558
87.0788424163
80.5367661641
22.4986964464
0.538045417517
0.84158501029
43.4236184657
12.9508599881
210.782487044
24.1816498786
45.637409225
55.1281907558
89.051869752
211.931297944
50.1374074817
29.5043661185
0
0
