0
0
0.0
3.58828390297
0.980301693082
1.12778952031
4.52387049969
1.10167053295
2.48569668736
1.04060697462
0.621821543667
0.0106375582982
0.00332354055718
0.0
1.03337687673
1.22930330783
1.85567744169
2.74109378259
2.33822944516
2.22978469636
3.23622623133
2.85725889378
1.01088727056
0.175404396607
0.0
0.362729936838
0.145873423666
0.37791826576
0.848549981602
2.91904084361
2.66380626208
0.426687818137
2.10297627375
2.84858750465
1.18057677709
0.516919776797
0.225861895364
0.0
0.628946468234
2.47832596954
2.06352236745
2.62475282699
1.63850767672
5.06508486439
1.65934153949
1.80530492775
2.03053062037
0.291275255382
0.481811568141
0.279093045741
1.04678333551
1.73709106073
2.9336163085
4.971176313
4.74481356237
3.84569427185
1.78631785954
2.91246500076
1.7195131015
0.40748339775
2.44564603583
0.310714328778
0.0
2.4105277285
3.85005601862
3.03195035958
2.15456344793
1.88244459406
1.9877215689
0.769504841417
7.19405193988
0.22791252099
1.0572751835
0.0979269798845
0.105072580278
5.03209905699
4.28627706179
1.7248500142
1.43516248337
2.39276899723
1.62212585285
3.54758990905
1.83475393872
0.359192149714
1.03897038102
0.0113303260878
1.31904587359
0.134609971428
3.39009664766
1.93683871167
3.71873808
5.49157494726
1.01759348856
1.41636698041
3.74313552422
0.376227346482
0.0
0.000468054087833
0.636098840856
3.54270727746
1.61923189543
3.87666086364
2.13311348157
3.73017156636
1.45129703253
3.50434278883
3.35975707741
0.822419858538
0.156234887894
0.0
1.01744160126
4.50416838739
3.387234336
3.6104162439
3.32814904535
3.19053158298
1.30798712475
5.58837565314
3.16692896094
4.24399846548
0.301598027349
4.64947868325
0.337938602897
1.51857136772
2.74320457358
2.6709789813
3.40311900643
2.12497994304
2.68594650296
3.1153635215
10.1163614357
0.727381386794
0.277261553332
0.112411469221
0.12592195964
5.09499947913
3.21464695036
3.08819457516
1.25661739614
2.66146646161
4.10026330757
1.97031473822
0.491818612209
0.440625102958
0.552225205582
0.952174321748
0.908873572014
9.68899890315
2.28736381605
5.64277148526
1.82159741782
2.39852732839
4.19531147461
5.19902458484
2.41090272367
0.586711883545
0.0
0.0
0.0
4.44527859613
3.76650780765
1.20904913041
2.2479666234
1.6863529128
1.27360381954
3.37373725558
3.19720618101
0.0640059517464
0.318442346179
0.204034179449
0.359208356589
0.0
2.18320553936
4.191753536
2.62659748201
2.32714685728
0.853711234406
1.46365850884
1.7167237848
0.0
0.0
0.00811237562448
0.683975337073
1.47182033211
3.4953455074
1.39780970151
3.80992129724
2.19428935694
3.64270321699
1.57378379046
0.171879585832
0.0
0.840569817228
0.00277907471173
0.827768848278
0.755845796317
0.2834582121
2.3812570665
3.6528365314
7.69376024138
2.35637589917
1.26561731519
0
0
