0.0
0.0
0.0
111.394288704
10.781620726
25.0698664394
104.51388197
27.6932270676
44.6544019505
33.4455915
19.362222936
0.108412887901
0.0
51.6634923108
13.6258157641
26.577047646
35.9877347722
50.2954097762
67.9702766966
45.0716192275
59.6492146541
47.1573304608
24.7683091164
4.13818543776
0.0
6.34166836738
4.8276311159
3.41229343414
10.5932417661
73.1909625857
86.8019835391
11.8560601976
39.3095803522
67.9467606302
53.794604581
1.03840979934
4.74471606408
0.0
23.0006475449
67.9537151455
52.4609345198
74.460446041
40.2455925142
118.432376719
40.724419836
48.0629637055
40.9632672617
3.04962337018
2.44407570362
8.45551838726
39.5999712031
40.5124710845
72.7344900118
87.9570461806
140.265541099
81.7549590022
46.2164373547
90.5174620673
19.4046967886
7.51645874976
60.2911972572
7.9742680164
44.9819869994
88.2305014116
78.081100789
72.9425948784
45.7506449261
39.0826603147
42.2401005329
22.3768082019
150.701439369
5.86451774462
8.10432642326
0.0
4.3769749403
173.161299035
88.2030076752
34.707292308
31.4152796957
70.6123821326
32.6266110912
67.2603570857
59.3547742591
17.5953147523
18.0101710092
0.401315778494
30.3633156605
6.89939340948
57.1412006467
41.3143311293
80.6845424417
124.138485879
33.1037010247
33.5974491499
154.160834022
20.2180411164
0.345437519251
0.0611280407758
11.7721453188
54.6023253502
30.6189804823
103.516574878
41.7443917505
80.1759326798
39.5302003474
75.1209719796
27.9491768796
9.59916847385
45.3971901163
0.0
7.61488532647
154.41689444
77.2841703943
82.3726610542
71.782786427
71.4232497518
41.6808749597
117.343644904
75.1055162028
102.607681895
4.54750871659
166.700927854
14.4657977256
31.7781165763
54.7083997874
52.0453804805
49.8981015086
54.5637882749
76.4254632778
66.4195185509
224.61819081
14.7280211505
7.14058206974
3.57100009918
6.78599529667
111.944710812
88.7061933876
69.4826227985
21.1679076254
60.6774235814
83.2798179415
45.0552980081
13.2014210857
1.87855450809
34.7514762506
22.2480908912
0.747449659277
252.634056086
58.383042301
123.814564993
39.2164195106
55.8889097347
101.583498906
117.534661062
38.9728441982
7.87939560413
0.0
0.0
0.0
149.363354892
90.9830655566
27.6028732164
57.7425713594
33.531001093
22.8234738708
66.3641145454
86.5782177598
1.73833770398
4.5668923566
0.0
3.72445124388
0.0
43.0349100475
89.8653767779
60.2544622428
36.086152495
18.9748566002
52.0502151624
33.8650624752
12.806526348
