0
0
1.62791186571
32.8024752103
42.7248466685
77.0905465046
55.2819872294
35.6022320059
35.9555412233
41.485668959
23.9374854248
0.138802908361
0.125899158418
2.02400583029
0.0
19.6400074661
27.3485294803
61.5091105224
50.8796867765
16.8270788854
25.819771573
64.1604084336
22.3253831863
6.74871376901
0.0
0.328272745013
3.97551727296
1.97707168758
13.1545608044
55.9992353674
38.6668448676
29.2189149787
23.4596169228
49.0525457114
45.3466550242
8.41574263572
14.9479904836
0.0461931210012
6.02719799335
34.7867188733
38.4080462578
57.1508785877
17.8246990889
102.162432969
43.8143995637
34.0879750438
61.8306204881
3.30149665476
0.0
3.93660235404
25.5573374479
31.0562552513
57.0670836408
59.8855746641
115.087847259
50.4014015431
63.5002259184
41.6238631793
32.5152194201
0.542180746793
61.9561740718
11.3253477216
0.0
43.1818948445
71.0856539904
88.948064821
69.7595548932
75.1573264114
68.8303617854
20.1469232216
72.4134039468
5.76227027177
4.82107302547
0.254919067025
0.679236844183
167.598402545
84.5025355853
57.4639202302
21.4156923378
63.3415379016
31.7334929333
46.3762009274
64.4125830362
36.2666587886
70.8042491599
149.208698273
17.0087098572
4.65874837478
85.6495156512
38.527349107
100.547789287
137.390206151
11.2282305546
47.2274126374
204.18892223
21.4990963116
0.0
1.02724948525
29.7872289475
41.5953862442
24.5553252305
112.023417381
92.3811520272
85.3266271894
87.9093200695
70.7479096949
61.686182443
3.76233359054
49.4139051252
0.0
46.4759714249
96.3069137138
79.6327067614
77.2871028744
29.0019393247
51.5193239786
28.2641876182
159.499481164
34.2376448885
78.3417719676
6.69848409667
219.23821323
30.5751332575
13.2403201237
23.1115561053
87.4508455339
8.4463388957
75.342915835
70.2926522009
77.7448248156
189.453382932
8.68036882114
2.02050256356
78.9224452973
21.2598103378
37.6951580978
28.7872699723
64.1461131312
22.4637558796
66.3530675993
74.6762309746
34.2070422749
21.6714158077
22.8934090063
24.5537953824
52.4875424076
3.32783507556
113.959130086
92.577044785
131.680792356
73.9033165555
69.2569958232
86.3602150529
101.168380938
60.150118567
2.84855496883
0.0
6.46648907662
0.0
126.083037196
62.6269212886
45.7883278114
43.0896327886
19.0334989037
12.6692911126
62.8488754034
112.746451769
4.74109134079
0.353386715054
45.0243716239
1.24515686184
0.960666865111
30.2463503088
44.2437083201
22.1375535429
32.0040774223
13.2043104954
10.1216833144
12.2587108612
3.02080142498
0.0
8.2787601594
5.46757426858
35.1654220373
146.935493365
53.9969050884
90.2781007961
37.2200509608
54.187830342
34.5021956899
4.33391301334
30.6489739716
65.8358102069
19.9762963056
60.249467357
29.9143817201
22.6797965169
20.4056851566
161.756068068
115.982706294
33.2177435383
38.2718703636
139.41
29.8099999999
0
0
0
0
0
0
0
0
0
0
0
0
