0.0
0.0
0.0
129.506933704
13.3312993236
22.2209490202
102.947217797
23.3816759326
46.9946431853
39.3326482884
30.9011885225
0.104006700218
0.0
0.803727890364
12.0812060684
41.2091528177
35.590890102
51.2628998347
74.4007791994
44.2920316234
51.31621968
68.7333196699
20.5358628407
4.05124602468
0.0
2.50903630258
1.44670754671
2.80557096005
10.2893090872
59.9935948054
76.2111198977
12.1779601201
38.7172706724
52.186917102
30.9339843727
0.308922931553
8.73073780908
0.0
16.3649153709
58.4000452013
51.9157700278
78.6146622766
37.2060413026
130.749133872
47.2706290205
46.0595780081
60.554220683
1.88635808229
0.231887899339
8.06413936754
40.2026401973
45.1086681895
63.9210755518
84.8635524922
157.657729721
70.6062438134
51.1129169873
94.8267254458
19.9773002453
6.64903936162
36.9446309489
12.7655561417
35.9661006612
100.792307306
70.1374302506
83.7831131256
51.7953336295
47.000217162
48.1402025743
20.441896515
134.359548362
3.74295959249
9.00990193337
1.47611412406
3.62591222114
200.037008777
93.9447133793
40.36429929
29.1276647933
73.7758844978
36.3478077902
68.0004196577
55.400049325
42.8234939575
10.0823950768
83.3839544357
30.0438337954
7.46438208595
61.9964875282
45.9003045336
84.7929439711
109.696571253
32.9089470898
30.6706649736
262.070968106
22.5218512975
3.9234881401
0.0
23.3900147304
47.7493578494
30.2210155596
108.684494544
44.6908487455
81.1832124958
47.9346129746
65.7800305634
35.7020242378
8.41797186434
2.22038602084
0.0
2.27246924769
143.676656471
78.9582134038
80.9263585601
81.3173321263
70.9020431909
37.1861510882
116.094593838
55.1556268037
40.4703053088
0.750466167926
189.639195694
13.8349716375
27.9557612026
44.7649118438
63.2063389058
38.6054267753
51.209577018
72.8562834096
60.8920006742
256.878015283
17.7830905505
13.0841042083
0.513853356242
6.24260123028
127.343223497
86.1895819903
71.9418241493
22.5589181744
65.4012098237
83.4480109387
47.8755916356
14.7865702165
11.0962890498
2.53047329933
26.4978534077
2.94957273826
284.79777047
60.0658330517
123.363659362
48.0365530606
52.1724690199
96.5345302486
115.253161266
49.4622680023
5.38493459299
0.0
0.0
0.0
173.300069533
84.4193386584
17.6526456876
60.5212207027
34.2460906142
26.4900108686
64.2780325915
92.8199724221
6.43252069318
2.24666579347
3.97328878195
5.36002890766
0.0
34.5566219604
78.0679518502
92.915906243
30.4678228704
22.9155178629
28.822126776
22.5656969547
8.36399041303
8.27517485618
22.2865233421
61.517106995
62.8984819651
77.4181992038
47.0314310119
105.531580489
59.2058001458
78.0554989279
23.1217892915
0.966986792162
4.70404815674
41.8358400744
22.0146208964
436.846706986
23.1026471369
26.4592714459
55.1562357713
73.6992236227
320.655573658
72.1136057676
15.7623376697
15.44
158.85
0.919999999999
15.85
0
0
0
0
0
0
0
0
0
0
