0
0
0.0
3.34443024918
0.763886805042
1.05076844653
4.01665016054
1.14674056182
1.97666326165
1.24804077018
0.57354466035
0.0173906191485
0.0
0.0168027542531
0.844685974764
0.923037279397
1.54815637507
2.26993147074
2.34904397628
2.0646472415
2.67284233007
2.82282940275
1.11883338168
0.172954955138
0.0
0.57916021347
0.302539169788
0.312513057142
0.475555844605
3.72299605428
2.94023883413
0.487293281592
2.05657809833
2.87223875336
1.57415320526
0.100723581389
0.199751312612
0.0
0.653133032843
2.2442937856
2.11137519835
2.84363049461
2.07313539321
5.08643342357
1.68772844248
1.77753378847
3.12133383099
0.0
0.367795392871
0.511383061297
1.06844305899
1.37012374401
3.15233539761
4.37239566632
6.03350658377
3.54432940483
1.61501884833
3.42464444705
1.85624575632
0.474786425475
2.40570872172
0.502317038714
0.229328975081
3.16657465138
3.39435568673
3.03530442109
2.25285858411
2.07265395904
1.94911873853
0.711709222058
5.76401264907
0.250473643886
0.484449578449
0.1939689219
0.203071624041
5.9118866995
3.93446584628
1.34867163864
1.51602086844
2.39717788668
1.49004836753
2.98388498402
1.60014045704
0.130857252516
0.855965957046
0.0131144449115
1.11267365509
0.166479958221
2.34699565615
1.64584638365
4.05033638538
4.98484759871
1.36103775178
1.69292172603
4.45391632896
0.988303979859
0.0
0.14910050272
0.373266242095
3.40424157958
1.45747401193
3.87112654583
1.85458491312
3.61844524485
1.34985028184
2.84844431747
1.31769158784
0.899860041216
0.0356359225698
0.0
0.521992452734
5.2736682666
3.15693262813
3.47659345355
3.38085074327
3.17997113173
1.65908415767
4.55604017572
2.53208684269
4.8273059763
0.0356594957411
6.63646536972
0.71409262158
2.05949230131
2.07260547741
2.58150321071
3.19765911112
2.54892996728
2.96448897757
2.91142404918
9.88116366981
0.619142447133
0.263617767487
0.193096622825
0.222778518219
3.59229125874
3.39135096595
3.22601346904
0.827563691419
2.51197424717
3.67218284996
1.87512583937
0.643771965755
0.951555840671
0.327366454992
0.687312356196
0.0496172192506
7.79879035946
2.40183542547
5.08727351367
1.65240065265
2.312199587
4.17873656563
4.61342570744
1.88844610751
0.422938764095
0.0
0.0
0.0
4.41376582673
3.68968723482
1.10410205519
2.04707709525
1.27400207252
0.876771139912
3.03554494074
3.83367893437
0.0303644938394
0.206216957478
0.000895521254279
0.0
0.0
2.5187854059
4.05781866843
2.4692432736
2.11990377028
0.89369074814
1.56394616491
1.56491000927
0.100515514612
0.198534220457
0.438739616424
1.00795215322
1.69918943197
3.14730671246
1.68069660896
4.61908553448
2.50039764121
3.646542734
1.36688902974
0.191634236893
0.355924084783
1.73232723586
0.000488135090563
1.84810361266
0.791500946507
0.440003555501
1.56437287107
3.47003624076
7.92824501684
2.98879144527
1.13801886328
0
0
