0.0
0.0
0.0
24.9325703863
42.7913286667
51.7767859306
103.255420284
21.9263220392
78.6444297955
51.3454098953
12.5080049336
2.35811899602
0.170049559325
0.0
22.3084714562
9.53346705437
49.185434321
69.4187413138
65.1969840154
75.2508058548
90.4308329635
45.4579445282
25.8983094468
3.1220723167
0.0
0.0
2.97092847526
10.7548241615
24.6950836536
63.6171176854
28.2460693716
10.8496745853
40.3524890263
31.9655625466
38.0376984235
1.33768308163
1.36121817492
0.0
12.2149145007
65.2593310838
60.2479096195
48.5855341711
39.6221024813
145.888777193
41.6583074928
249.24270907
68.993555747
0.0
6.66508340834
4.80231960118
22.6635207832
22.9613176212
70.8775172251
146.055359641
82.2212682674
102.45346684
55.493503511
61.6986817802
33.204910487
3.30326835857
6.63574622758
0.92466865573
11.0430214405
77.0546458997
72.9731621705
79.2722995682
53.0033255741
57.3638285086
50.1797645465
17.755952633
148.512322012
5.08917649649
20.5441432446
0.0771074127406
3.60730728506
35.0224342346
104.441030525
69.2836314146
41.0511145872
39.1161777098
43.104229482
77.5605469951
26.757325055
17.8506453484
183.905189507
0.225109733641
39.1510712486
6.15903208404
99.8238024953
45.2664118577
107.398642967
110.326018486
22.9374750573
44.9641599432
137.922811791
22.8532431442
0.0
0.391493484377
14.7015032675
55.7361045569
60.3745297416
118.836787635
61.7360815164
89.6765070938
18.9449943602
95.6956015193
50.8658361341
20.0285804719
33.6475184513
2.77878543734
3.78772589563
72.1001833985
71.1279570926
72.0594758057
74.2514098642
102.522489821
32.8503178507
153.789126031
48.738674473
174.612220069
36.9328297378
110.6419851
8.38975569605
37.6958353836
73.4277074011
75.160081596
30.5137120039
69.0703640878
57.9833958204
75.5472356743
142.633593768
31.6176661346
1.33929735236
1.67161885835
5.29020338506
93.766575817
78.752191633
95.804994827
61.5820308029
65.7890097667
90.4386807941
47.9206782281
28.1158032418
25.0103475144
7.34971729853
8.09492987395
8.30068078078
168.678053141
62.6855837366
171.113938272
51.6557481113
85.9215383717
113.827858999
106.9161551
72.8518210351
4.57013636827
0.0
0.0
0.0
89.4580060243
109.747018062
64.7829180742
49.3481377625
58.0046547744
27.2742003948
84.7900511474
78.4771745726
0.368056699634
10.2812152058
4.66144788266
0.0
0.0
41.8299463598
67.7031799711
74.9139771758
71.8424242102
34.2298519426
7.58864128589
40.8529270291
0.0
