0
0
0.0149273462594
0.866107548936
1.27254415303
2.80328830332
4.18564653792
1.01059877779
3.37904072949
2.31162929523
1.36414558324
0.700606896658
0.0131383358967
0.0227161236107
0.50341556035
0.826536387205
1.48487327225
3.9376647711
2.480586424
3.09839065722
3.2689395831
2.01913126395
0.802678355947
0.0525795747526
0.0
0.526534497738
0.507189564407
0.39765753597
0.873535736318
2.89334393851
0.879016340943
0.34354155988
1.98073910922
1.38985061739
0.928413994028
0.0839466750622
0.0255938672926
0.0
0.32716371119
1.01466518547
2.20776179992
2.15273423516
1.70030208002
6.69633011194
1.85573677276
3.54166543437
2.68266783748
0.49809204042
0.21685154736
0.0553157599643
1.09742517513
0.650748114742
2.1235554372
4.76961035928
3.17615833692
5.1228034501
2.72151535621
2.02694923594
2.42867610836
0.127661690116
0.415718443692
0.0307335648686
0.257454842329
2.80510357022
3.05086593656
3.64999228786
2.18176962971
2.04213812866
1.98438373394
0.699185860052
8.07208618009
0.155957960873
1.46380724479
0.0
0.247164323926
2.0041340068
4.34250052407
2.82152549876
1.13799687068
2.07947708433
2.09021736006
3.84225475485
1.63638821058
1.00886921026
1.628331393
0.0
1.5349015136
0.541782212444
4.68846727628
2.21777212492
6.0015991549
6.17901694041
1.42962384038
1.20896221884
2.45107385796
0.279137815116
0.0
0.047339476645
1.27374765649
1.67569690198
2.17338020913
4.35758227669
2.90315925796
4.08223853866
1.00932829431
4.59259136021
2.81986980163
0.751739303581
1.31327202823
0.16342009604
0.466268561082
2.94432860473
3.51626379229
3.31876067398
2.55715784431
3.41301515629
1.04708974366
6.52651916305
2.24256580416
10.3297533918
0.708399176598
1.8135712808
0.323726881761
0.805571391247
2.94688195549
4.42063174816
1.17427224224
3.02555283159
1.92370604246
2.29324930091
8.9682928659
1.75264272839
0.202253665077
0.0515093170106
0.0311521862168
2.45953560714
4.24697460793
3.85080096358
2.58978722524
2.42101707053
3.28427403985
2.07114970469
1.31075831689
1.62092366023
0.0526400953531
0.384892681614
0.722767822444
7.30742518383
2.82920420438
6.98416632134
2.08863939624
3.00723530399
4.29917124752
3.83657816704
2.0567103615
0.135460126679
0.0
0.0
0.0
4.88374486333
5.47780515254
1.98745197034
2.65417619189
2.62423343142
0.76631008368
3.63158895157
2.87252940983
0.0087859663181
0.434790022671
0.141213864088
0.212144104764
0.204292237759
1.99937108031
3.79812532663
2.07506757695
2.64341515116
2.34864538163
0.225595932454
1.85380410403
0.0
0.0
0.0
0.0
1.92613189295
3.79570743628
0.859160399996
2.84498152789
3.57819639798
2.14618313365
1.02383999899
0.663796446286
0.955139450729
0.361075628549
0.00243166694418
2.21222641692
1.1954902811
0.30274416646
2.17245500721
6.02652589069
6.23736393452
2.84548779234
0.378278966993
0
0
