0.0
0.0
0.0
63.3933531046
32.8300077394
26.3657162412
112.263889432
28.2010960634
67.0832581334
50.6290110535
7.96752411871
0.777587201446
0.194764974061
5.88092725351
23.5765911536
7.07243227958
35.0984666011
76.1813558935
47.6706659383
71.0841563177
90.5306658446
59.5161321202
20.9051668122
3.92760814726
0.0
0.0
3.05382243545
20.3581641912
32.9704173804
65.1157174826
29.9867847701
11.6670373008
40.8675318082
37.5497451228
35.3875478945
11.9079946876
2.97826708853
0.0
6.63312399386
101.523206117
56.3454672926
57.1367208269
33.7765720231
139.160490112
41.462084815
140.786281443
53.8730164246
4.8730968833
12.2760872841
1.81756581366
23.2318651602
41.5054574758
64.0260419743
138.989029191
85.0778669491
100.165171416
65.7341182334
71.4965252587
35.952264905
7.05996903218
12.1196597759
8.61739755235
6.38388919831
85.5620253235
82.3619340062
81.1243660747
61.1142297293
54.1390285058
48.5087683798
10.3230012255
205.396889241
2.23717940412
22.3202675879
0.0843042321504
2.4525155425
72.1207771898
100.066282025
58.9763184528
34.1707942598
38.0053777601
43.0562533848
76.9654083139
41.5292137284
8.07012534142
149.988541782
0.300142206252
38.6660419274
6.31657042354
96.4870073498
36.8562135883
109.519177729
109.823939256
20.5389208314
42.0798808001
121.521350361
50.6963052862
0.0
0.0187686206773
42.3196723075
89.7392746656
54.4366765582
118.647347904
66.2256003907
89.8729005754
25.386905639
89.7618915074
55.5022599847
23.8406147361
9.32820608652
0.262401536107
6.44102128968
109.749113454
75.3302016053
72.486669643
72.780469967
95.5931485222
34.1249363422
138.675246477
47.8659682651
99.9848568226
26.7884252071
110.185812721
13.9581029043
47.7395321354
70.9472080116
72.4424484094
51.5756312098
69.7762514054
57.5215662634
73.6259019175
159.834340855
38.7101125884
6.68660510844
2.03161832783
1.92050011642
154.749203213
73.2516029477
99.7753359173
53.3597662747
64.9403715917
93.2842199988
48.955092743
12.0324437767
6.85795551538
5.15379014052
6.99037944898
8.86225303822
197.908655986
56.8676313382
165.664945381
50.3199034296
78.4962027809
99.9009470134
109.171840623
71.2715637982
10.0823686123
0.0
0.0
0.0
79.1890117006
108.524545536
63.94008
48.7841607706
58.1326505988
25.7190377153
79.8363570012
79.5086643398
0.0646588280796
10.193361165
2.9031159114
2.71273617446
0.0
33.6904351562
104.882300042
52.0876230151
68.5219868794
30.3541693277
29.6144874701
41.8994514943
0.0
0.0
3.8343256116
2.96228715778
99.8214578033
81.6246646195
38.046029341
87.9894231185
56.738397695
67.501104109
25.1482896209
7.2347336635
2.52657401561
1.48218092322
0.0
41.4512976408
91.7701623514
3.22547556461
45.1845448315
106.800359907
190.718316816
75.5827953926
22.350514391
160.41
1026.09
9.58999999999
1.67
0
0
0
0
0
0
0
0
0
0
