0
0
0.0
1.1407318553
1.42667942331
2.33894936647
4.35165737569
0.92555960035
3.23322552023
2.08012291172
0.559126304463
0.578067535535
0.00962175894529
0.111331157386
0.551471808925
0.369012862444
2.08117409318
2.9894416153
3.09011023119
3.1112842767
3.60088974424
1.84207222157
0.964232988656
0.191284305416
0.0
0.0
0.126618266106
0.556420005858
0.860056562116
2.59727707092
0.778208915959
0.551437831717
1.61328116897
1.52904750232
1.5312864522
0.370716422796
0.0746657093987
0.0
0.513254188001
2.26465592789
2.32907968992
2.056683484
1.90022404399
6.38637181651
1.69472043961
4.04095973924
2.74676330155
0.414740532637
0.0
0.202266357839
0.740802153945
0.629756523296
3.10370823066
5.78115609381
3.47562049329
4.18073681137
2.40845324332
2.37801606703
1.478781268
0.122772705334
2.50993656553
0.121167960577
0.303511410952
3.18823907524
3.01102291374
3.38972838898
1.9209708604
2.34887476231
2.13111184165
0.466484036995
5.70400272938
0.176887246547
1.30446544662
0.00657727493672
0.154582638294
1.99466383085
4.35384154867
2.80720908567
1.84603377967
1.79145247862
2.24599812261
3.56256330339
1.21193720319
1.02582930797
8.30555288494
0.00647825701162
1.56095630047
0.281619294663
4.39537499612
2.02467756247
4.73576417845
5.19254040113
1.0282715155
1.70735928975
5.04905556375
2.01374878146
0.0
0.0
0.766384181683
2.64090570697
2.27878064476
5.17428107455
2.37623768952
3.86619708454
0.91309369728
4.6202323013
3.00103094312
0.591873794794
0.0668605818646
0.152149194852
0.471767927986
2.81712427177
3.04013229837
3.11126054183
3.11542531801
4.13946900866
1.26089968462
6.66383481212
2.38091539405
7.1432272509
0.0
4.22784781363
0.219173258636
1.16107515991
3.55849558007
3.37494378735
1.14088673273
3.10702630877
2.29514923319
2.90071244212
7.1395059693
2.3531659646
0.0838103729766
0.0507356764283
0.172831328819
2.85209739069
3.38428801857
3.92274360638
2.69474482397
2.5537600969
3.33763595996
1.99684371159
1.23283329024
1.12355357432
0.289085829165
0.282907869667
0.305810898542
5.92550985859
2.49454740272
7.45034115436
2.13344728376
3.27096707781
5.15750518674
4.32816966809
2.86567549407
0.067159621045
0.0
0.0
0.0
3.42526395246
4.61367155425
2.62590294937
2.46538930305
2.42104519531
1.18345388514
3.51322924346
3.23707590299
0.0206304407911
0.35005363822
0.181904710829
0.0
0.0
1.52006133599
2.75394347264
3.33862611279
2.65718888864
1.37218330964
0.359197199345
1.69440458715
0.0
0.0
0.0
0.0
2.51941040903
3.70427194238
1.20180525142
3.10602670745
3.34295420721
2.50186876219
0.943240517518
0.220292084035
0.30918776989
0.069269195199
0.00265048118308
0.383775293827
0.592316329479
0.187211830635
2.9988297075
5.83377186628
7.584050206
2.33602410369
0.965769653209
0
0
