0
0
0.640096396207
16.6855903454
15.7979867086
80.0747676864
96.6713325725
14.7288946817
71.7257505878
68.76109464
22.4506894257
12.7975785099
0.229509539902
0.371513105928
20.8754513562
16.0331547819
45.440291969
90.6244076974
31.5709283129
71.662519212
67.2586213051
55.7147293332
14.5340045057
1.86401496828
0.0
11.5277717113
5.01105970145
7.15027499198
20.9473485849
80.0578596276
26.9508418757
5.81124486866
48.0273149573
24.0102771562
17.6974832341
0.0
0.453586164862
0.0
11.2486825883
26.7134266644
50.7758378796
50.6911687162
54.4889851493
171.21680358
50.3027092853
87.9259607513
75.9509589895
12.8698790073
9.12592792512
1.76984591782
15.664807247
15.5694227731
44.6756574595
109.623122541
68.4072259291
132.634166177
66.607096687
54.4925021482
89.3779259921
1.72278571688
7.80920900033
0.640468980185
0.0
64.6905863174
73.520643264
79.8500177738
40.270546686
45.456211525
38.666085407
16.2407141067
195.407830216
2.6046645306
26.5666806175
9.43382132426
5.05331540107
64.7086109854
113.322822796
67.2348470371
24.7421368781
51.621621413
44.3662743475
95.2025232617
33.4944658634
24.4369140566
30.7345597745
0.190231986344
42.7860022956
9.63887366652
109.940280176
53.3602898222
148.038796775
161.769602828
40.0172438858
22.8298220001
63.2062181978
37.9087997885
0.0
2.0013102293
25.5243938081
47.6442434863
49.491602663
107.409477845
67.0954770106
92.8386547006
19.7185440562
118.570381002
71.506358142
19.4643448479
2.48296424746
6.19653868675
16.1500718258
93.8757518549
78.4342266506
71.4720075103
59.2515833136
71.2503198086
31.2272623843
157.62758714
47.697093463
250.992086359
0.0
39.9409599043
7.5563892899
23.3710122183
82.6398205106
122.739408204
24.8743451088
70.7662877441
47.7927850596
49.137458995
221.238461316
37.5287662111
6.36450391262
1.87465685606
2.5344233131
78.3663915173
110.166084766
97.7157113794
53.6947042308
63.441183798
80.3503315178
50.6683088606
41.5198351889
34.9816687255
7.32246099785
15.2752712667
21.8972758949
170.236115741
69.572942471
160.623153359
43.7442962062
68.8762647026
98.4460263737
89.5463671478
51.067968607
1.52216503769
0.0
0.0
0.0
123.802459007
132.244167427
41.6257399894
69.8622260894
64.2363135852
17.7170572132
90.0361357034
72.8109234274
0.34093118459
9.87698382139
1.00410041213
7.6018036008
3.8654193012
40.493905405
115.427344747
51.4741175695
82.2004619501
65.6168757677
5.89012634755
39.1557474732
0.0
0.0
0.0
0.456052869559
44.3895103634
91.5533512075
24.8905936294
62.7521076835
75.3620748706
58.1123996386
27.9582645893
15.124113813
18.5789583921
1.27768112719
0.385719370097
36.7276550083
34.6108936853
6.71326708049
57.162147671
164.253403586
141.043458352
77.2331944308
11.5105564864
0
0
