0
0
0.0
88.6623375938
16.1750818337
28.8496672063
107.360217657
28.4384988473
70.8737190329
40.418735465
13.0943788583
0.30320649594
0.190257560928
0.0
21.8450260847
29.1549225746
42.0892154239
75.0645757243
43.3161791302
69.3887577262
85.1929353475
35.7227289955
26.3355678418
12.2277782913
0.0
2.74478888513
7.45319670439
39.8746329545
29.5636873841
70.5950739552
56.5634065793
9.65096117556
46.8205933123
40.5230942849
28.6964840592
1.1057471931
3.10594612733
0.0
14.8588021472
108.034279972
53.2321045111
65.4971233872
39.715508935
138.620741487
40.610966988
64.058971657
59.0926706045
4.18346250058
7.2960367687
3.98798167706
28.7864627839
66.7380779162
71.9159234734
125.261572343
97.8986911126
92.3409087919
68.5526439754
74.238186216
84.5310443045
3.66299837083
6.44067607262
3.62424175814
0.0
98.5427076816
90.5557240135
80.501740247
56.4863327556
49.4153809099
47.5258318483
14.7811435964
199.361430924
4.3931440115
33.9937055112
0.0767751652747
2.59287428856
93.406578485
98.2559275716
45.4641714749
27.9483991116
39.0048763118
41.3349919841
70.5528412862
50.4315260333
16.6201866148
83.7145746946
0.103792179376
43.7448852053
2.86237087102
88.1395749226
37.6987380214
99.0041910187
88.4509718203
27.1826934703
32.3271871582
138.140490979
4.51148160082
0.0
0.0
34.9494168163
75.4652201234
45.974895263
116.383606743
64.0656469279
89.2442585304
30.4908713806
85.2574710511
85.82828781
19.7296849787
22.3133541048
1.31636801362
44.9713093042
147.78492311
80.8533555866
92.1077378021
72.8586882166
90.2304543089
30.5854216162
136.051234282
75.1927640141
69.0641478646
16.2457051277
47.991822984
21.7627244219
60.3224667962
55.0586327947
66.9391806749
44.9244661555
57.2455019765
54.6244109832
99.5428592436
177.877688371
37.5254997946
6.93622429668
4.35081839561
2.68506332674
133.921387017
70.5659006686
86.3065215283
34.2783387936
70.9082410298
98.4631524571
38.4794525429
11.1633185595
6.65651817619
6.82566522806
15.0715113133
7.02539783345
236.565920033
57.2346413167
163.601258855
45.7750826777
68.6630586794
90.2559315744
113.182131166
62.2109760773
11.4806216955
0.0
0.0
0.0
126.619669676
97.4376130253
53.6880707983
52.1205079704
48.481533126
28.6965366876
86.3335964196
83.3236962295
1.39429971669
10.4363845289
0.212982773781
1.31517000496
1.35925805569
49.1147358648
103.199317396
63.4630987644
78.6754107847
21.1940363198
52.326135071
37.3797876722
0.0
0.0
2.07390242815
15.0778744519
86.6402054429
80.3185671811
34.7285444309
90.7782338429
54.05660214
80.0124291115
35.3852120731
9.81875129789
1.06515392661
1.62068879977
0.103676855564
40.7501149066
50.6276031732
3.01157192141
41.1842459309
99.3131102062
176.420150701
72.6772195771
37.7542321644
0
0
