0
0
0.0506708286703
0.956687296974
0.4349072529
2.57799010188
3.32942984859
0.63139025867
4.30043887137
2.31651319726
0.857606604462
0.718151459005
0.0635974777397
0.0
0.623542864807
0.96995299682
1.4148873128
2.92783045664
1.20276459667
2.54416781059
2.92465390288
1.0565537276
0.36820541881
0.115263726097
0.133654257283
0.133860632777
0.10588337481
0.466027047485
1.52687150141
3.29883374076
1.78387876012
0.14575095335
1.89709920541
0.843910252908
1.20103738084
0.0
0.0153024820611
0.0
0.29792740941
0.469902606448
2.0891816956
1.57654002844
2.28936623491
8.10896048229
2.22998886206
3.80776352435
2.12877975032
0.774719532579
0.267267018557
0.575600653887
0.386206338182
0.460180271417
2.05924525671
4.43072480266
3.44491072092
4.90363253886
2.06043598219
1.99151537404
1.77095235814
0.0616524699144
0.540386994369
0.523312574136
0.35626873374
2.13948123436
3.15453647729
2.98265132494
0.92885736702
1.27310873242
1.54124317877
0.998284713365
9.28903756989
0.608447734732
1.58915998414
0.010434208496
0.33540533483
3.5084302891
3.4533574786
2.40611527185
1.06327808928
2.2236371839
2.23930603871
4.04741056729
1.38426917628
1.09414316132
0.565537804738
0.0
1.88646272384
0.310491113923
5.25512604788
1.43286911264
5.37461672677
6.19578437321
2.05657624756
1.48972032918
2.33368165791
1.73824296735
0.0
0.11480172351
0.386685899692
1.60654375958
1.98186200554
4.37847190094
2.8282645226
3.43536405079
1.00332912058
5.93428552523
2.49955140601
1.08429926657
0.523993098643
0.0
0.527461254038
3.57947982068
2.25276315879
3.25316041452
2.36719954631
2.64482535701
1.77048611641
6.1841234063
2.37938017375
9.7046249453
0.0319937095046
3.89507495868
0.868995460449
1.26317790954
3.66281002824
5.23335012287
1.55925259338
3.21055729873
1.84083953942
1.6310969668
7.71791995806
2.45487128664
0.272551973816
0.0489668212831
0.148055473808
3.50596219674
3.91271135909
4.72888543783
1.54299470317
2.73907592171
3.00447373418
2.04655339965
1.74003494391
0.714410740882
0.0657434891909
0.600896334276
1.45068389177
7.00997705758
2.58051880344
4.59918569913
1.7311541501
1.68442914588
3.79155623494
3.52271021181
1.89497454138
0.00621190248057
0.0
0.0
0.0
5.12141900836
5.02171212807
2.30075159913
2.34484329447
2.16091478895
1.29375967104
3.55865843268
2.93299924023
0.441561632208
0.704887032509
0.0454361937009
0.0626363828778
0.183326480066
1.42084161215
2.92528057494
0.500801653136
4.17597134074
2.70167282782
0.762845656835
1.46239674091
0.156057655811
0.243720054626
0.025426696986
0.0
2.22001453489
2.89477973524
0.708600940648
2.90610305814
2.72027853876
2.7640524446
0.932977529243
0.309894649312
0.764506444335
0.0822481364012
0.0923479211051
0.55399843445
1.18125168234
0.347437511664
3.03636655374
5.89222664526
5.77617150405
1.72758498648
0.34836055059
0
0
