0
0
0.0
87.1376499036
23.8912171
23.8883299884
115.356416614
25.9723654306
65.8038292675
29.7321670018
14.9782831315
0.171819437295
0.187197480351
0.324938848615
22.368532999
33.8926630361
42.7961697466
69.6859600469
57.1760316622
62.0462640972
80.2707071899
52.6109513472
24.9642919543
4.75163277425
0.0
2.79993760586
6.18208479881
22.9600075185
23.863361869
66.0615714113
63.5919117686
8.82240905239
52.4593432322
63.806438778
39.0528429151
17.2571771443
12.6252099574
0.0
10.4575175643
78.793834297
55.3330839636
57.6740592434
40.8177166934
126.599446043
40.3456510752
63.2227095646
50.0269579366
5.58013544976
14.7949279547
5.85391750932
25.5396109632
48.7897894978
68.6270631775
125.270784047
105.149807543
88.0451855623
51.3880111166
67.7931505507
46.266872719
6.54343386367
57.6349151282
5.23519599437
0.0
72.4389070272
81.5015242639
78.5126639614
49.8487367033
46.8688380494
47.3523732125
19.2239653487
208.206356194
3.15744180233
31.8164681196
0.0750275831669
2.24686950445
89.6313238442
100.203374851
43.0900417361
28.5801258086
53.9078181535
40.8744590208
132.236113192
47.1876745819
20.5308040828
34.5643644334
0.0
34.8510096854
3.08919442445
98.407523238
42.1233392134
92.7680249009
104.629314065
28.0044741557
31.9062109944
101.656180412
5.94803918806
0.0
0.0
21.0128523298
69.1052016242
37.3005416686
99.3162538152
64.9619589485
83.3975054026
34.586210119
89.0015831762
57.011883583
22.8154831678
33.2599235549
0.506114199758
44.6220136284
112.304761279
81.7447304038
90.8555856048
79.684555007
77.2675993814
30.7474531754
128.871771947
69.7255256028
73.6778813582
4.60650502145
45.6617176608
12.0443116352
41.5557128638
58.4052384216
66.7803485189
59.321900988
64.8938684911
59.3236223906
93.0298173492
193.971954393
34.4398582968
9.20019629225
2.34898138046
3.29658090602
104.371962905
72.1118005961
82.9153897315
33.534622159
67.282848671
97.4958858211
39.0377516042
9.80111677944
19.7522622049
0.248457575218
18.0482845902
2.56072267145
225.749847628
58.6161848009
140.349824829
46.0713731424
52.7521370239
91.1187450271
121.583330752
60.8353621961
13.8947446346
0.0
0.0
0.0
110.22020334
96.6144259795
45.8797556386
54.9711211882
47.9570282818
27.9468009538
82.3231668547
84.4960755686
1.79665237293
9.2079589963
0.114173199981
1.83139175177
1.77460514009
47.9304579199
93.2301220447
54.9117976428
65.4135089256
18.2798862392
35.4381610639
32.1891096533
0.664471149444
0.0
0.483207508922
12.9762464762
53.3155739306
66.471201965
29.5027348046
88.9936212413
68.4048418589
80.6522967852
44.4018064534
3.91803234816
0.0562554337085
1.3102138862
0.0
23.088966161
43.8419596666
3.30268692691
47.9813563229
94.1351517701
169.707821466
55.2347503099
41.9129710318
0
0
