0.0
0.0
1.21609988809
25.7893191689
12.8355428204
62.9009211799
79.3496630453
13.9073480107
94.9345280458
61.4774511437
25.8388036342
19.7170377374
1.552032765
0.0
11.54647307
21.8972358406
37.7673929482
75.5189587958
27.3441848076
59.195651304
62.5249174666
28.1480976838
10.2565024048
2.75045231357
3.17697903514
6.97802639006
4.8854840845
11.6204106342
34.8409941326
80.4925114908
42.110016737
3.74177350848
45.1125748186
20.6415713243
35.5298335226
0.0
0.927475064993
0.0
18.531455934
11.8299134709
51.0328426018
39.641508054
55.25468109
188.354468185
62.5616742158
97.6881813929
57.2875355333
23.2213582546
37.1684109271
0.469277679919
7.42799805478
12.086077407
46.9710030331
114.021762315
79.7328906264
123.486859348
53.958984875
52.1711827666
44.1824780702
1.75892210752
10.9372595139
20.3678216664
1.35259857774
57.3015367315
74.2946381047
71.9592411574
23.4058172107
28.9055835977
37.4393237047
20.6883565332
209.029300166
7.63822672236
31.6209705324
0.259275009389
6.83058974148
87.5887774229
84.6887138981
53.6529157498
25.1895069787
49.8840784282
46.6691119457
101.616952926
37.1576109984
38.5684750435
21.751697503
0.0
44.0830734581
7.98741851561
127.034742563
37.4015368685
133.376077417
159.738844536
45.3980614152
34.8842856288
60.6202635168
2.13439967902
0.0
8.17726546526
12.0450496981
41.7079632953
51.1070501554
106.835231183
73.9042145004
78.0856949129
22.7525184592
141.432767562
57.0493370443
25.1278765574
32.4253766724
0.0
13.2173040099
92.4140024717
56.9290304986
65.9697785395
53.8012667186
64.8793399762
35.5140448558
146.173798039
57.5900013485
251.539137566
8.48235310615
93.8552561066
23.6927990913
22.519669326
87.34772787
130.655461069
28.6639477308
72.6972775106
38.9581832179
41.9971683989
182.2986477
68.6597952247
6.08768074214
1.48959866166
10.5821319837
79.4821399301
99.9076342284
113.025488556
52.6893006283
61.0991847665
74.1236701627
52.1914729961
43.692877477
14.010189414
7.11096035688
13.5411578715
35.1504406258
171.9382018
66.070859802
128.787910388
47.4827885796
38.6812753157
91.9920125417
94.7555094046
50.2058407925
0.0
0.0
0.174776975065
0.0
124.515325033
127.135206454
44.4799125725
63.1557501778
56.5546510555
30.7426492721
87.9682766945
69.7470982046
15.1782154441
12.7188277245
1.79059564322
3.06809556485
4.24052774906
30.6563880185
97.2432984989
22.5701164752
102.180186521
74.7056511194
16.8633950651
38.8661563397
0.0
4.5099567175
1.05184422433
0.0
72.1790476442
64.0072531699
21.7083632816
74.6411861702
64.049642047
65.3420957923
29.4564408437
14.1502774414
19.1094071344
1.9414139092
2.41089536995
21.5734470673
26.5608216672
7.3061806038
70.6083207317
156.394445434
145.354171693
46.0484319626
7.62687666715
14.45
20.55
1.23
0.289999999999
0
0
0
0
0
0
0
0
0
0
