0.0
0.0
1.50366818905
27.2970700598
12.8687114529
62.3916795636
79.9878586716
10.6710070968
83.9290107842
58.760343505
27.7417614161
9.57053139434
1.75497068837
0.0
18.9796439437
17.649327457
36.3873067795
77.2235930654
20.9409986213
65.6920360308
67.3737506681
32.5772399604
11.448453851
2.37758620083
2.716132164
8.53221774101
5.38203924895
13.4391880632
30.8155301102
81.0424993589
41.9371277717
3.78671924026
42.1523160451
19.5230428465
19.4549691193
76.5489292145
1.97053621709
0.0
16.1018089056
12.7051576674
52.3924845569
38.6822218754
54.5635118633
181.821807325
62.0555112838
98.9772465806
101.170557819
22.061054349
26.9320619143
8.62111142837
9.95763888583
6.55603909493
45.3565286213
114.439324284
74.2155291662
129.093242587
54.7341956981
49.754983482
49.6415508986
1.32485565171
6.1486749798
0.727312143893
0.0
55.4276518123
69.3772726915
74.5106898341
25.4057975114
33.3063232229
42.3077604958
19.6191700674
209.880493253
7.24987698254
43.5904031395
0.0833760020323
9.23341092468
80.9874472171
95.109919019
57.3983124533
27.1485080794
53.8996968046
46.8169452756
102.907303319
39.2212936766
46.0040348321
35.0314078332
33.8431062698
40.2015960343
8.31650225446
117.799975656
36.6559695638
145.121304519
167.39092626
44.8457701654
32.5815066007
68.1431618035
4.57112714834
0.0
7.22054672242
12.2806336298
54.7649265713
55.5820617658
102.22231509
76.227953447
83.3050130681
24.3936276175
139.039255181
86.6539575168
21.6028209999
34.7625353335
3.87922561169
11.4731309423
88.2195947198
63.8388553639
68.533838231
54.0038543342
62.0004001726
34.9938424327
157.908469666
47.2266678326
223.958488902
10.6688000858
62.7261433862
24.6738962866
20.3096610624
91.6441056091
132.46426823
32.502887671
70.3796302154
39.0188892238
43.0467812573
202.754284667
78.0258346462
4.01933633162
3.28956019879
4.40473183058
81.0976915956
109.627150431
105.695425462
59.0564868605
74.0421849936
78.6114433351
50.4562459421
40.881026622
22.4434971213
7.96766707488
12.8255508989
31.9064438491
156.145262316
68.0694150674
129.676277066
40.9110188093
43.186052285
92.6239334642
93.5960859619
52.7658080309
0.0
0.0
0.0
0.0
93.8762511984
126.481356673
48.0605169946
64.4035006018
57.295552075
27.3837833741
92.5333727225
70.0652386481
13.7536800206
17.0108170509
0.136255133897
1.82321441173
2.92563325166
44.3318758183
86.6277294271
30.0749863951
116.045890764
61.9279639274
12.8026518524
42.3393605947
0.0
