0
0
0.0
1.2470415039
1.38280589343
2.23278529081
4.4249888917
0.885688141221
3.16644267133
2.29556109384
0.693484323099
0.561331944773
0.0118248549988
0.119662739336
0.215273845941
0.367516724276
1.61681465991
3.41284422483
2.94280483015
3.03963347943
3.65875388356
1.88543214329
0.957882242277
0.183242236264
0.0
0.0
0.198795866221
0.561666227877
0.819356458785
2.52729735384
0.779746101005
0.552991477773
1.60663334699
1.64375042135
0.649039541255
0.178732678294
0.073932811385
0.0
0.653421700001
2.03752384323
2.20974975452
2.13330910576
1.93517949479
6.41460829228
1.74540738983
3.06287628342
2.76756708242
0.0
0.0
0.0457537146285
0.730609199964
0.506923472509
2.74604606011
5.42908172903
3.07190497441
4.20591039117
2.27364719659
2.2150348
1.90930038504
0.0972582902759
2.57829315448
0.0628721399698
0.283111512661
2.4970520623
3.04526399379
3.58132959274
1.99899871415
2.44645718753
2.11051270738
0.628607328283
7.64267686033
0.216743025812
1.49297406711
0.0
0.2065057531
1.98279025964
4.16784810368
2.53461351071
1.56866701995
2.25894781318
2.19316088199
3.51874754939
1.22443707276
1.1227250488
6.53261394054
0.00648069893941
1.37995397567
0.250404445454
4.26325828629
1.94584805029
5.1105679418
5.46872955281
0.964833393809
1.69894423615
4.01307488559
0.289981222246
0.0
1.0951376041
0.718600043212
2.38173211832
2.25135500263
4.9700868309
2.29828443658
3.85081310337
0.869444480049
4.8341542983
2.93282017764
0.926504294854
0.0515627275454
0.24713614583
0.713783994317
2.52017950546
3.22005336802
3.19966914132
2.91676810104
3.87063434476
1.14513433818
6.53315053938
2.36159114772
9.55939905043
0.143563553691
3.03596549854
0.285874601686
1.0363997207
3.27754574432
3.56867593713
1.00728427665
2.07697292883
2.13609880325
2.66650711501
7.76677935198
2.48653333262
0.246813395061
0.0339900900144
0.106043355539
1.8424149754
3.41800197959
3.86714596546
2.71749791317
2.57870071754
3.31372786127
1.89849051338
1.1479469256
1.09987611556
0.0969846099615
0.300523830578
0.743685525842
5.98176135228
2.37325595343
7.49480120884
2.29138526495
3.45590585377
5.17365039245
4.17079469672
3.41868005693
0.098760895431
0.0
0.0
0.0
3.02379009314
4.46966613084
2.51563293877
2.34317622241
2.47270207317
0.924165214179
3.72258827975
2.99581937119
0.0237230979837
0.343708509579
0.233526088297
0.0
0.0
1.21084566042
2.82332552387
4.46394350287
2.76388925361
1.25534042146
0.101490499452
1.62600076199
0.0
0.0
0.0
0.0
1.48479755223
3.62086221948
0.981571712298
3.15849875612
3.10298870038
2.43411582499
0.877682206687
0.159083674662
0.715993955731
0.28086268343
0.00245695118792
0.392304465175
0.817704260349
0.246814131271
3.27494623046
6.07616152684
7.47842840012
2.10915625095
0.399642882869
0
0
