0
0
0.0
34.3165910393
39.3410465866
56.0601229313
104.41687303
24.8523849751
84.9250783102
52.7432917721
15.3231551684
14.0404642811
0.278532878962
0.970847636462
7.67227457465
8.54887662269
36.5773019717
86.6883565373
68.9944829364
72.0047176927
85.1833379678
40.1573790209
19.628672719
2.14143379033
0.0
5.3998349905
13.4379352927
12.7656778693
23.107330204
64.0931828544
19.233089475
14.8799416479
41.4272216688
32.4882113076
26.1933564394
4.61979389191
2.05616649985
0.0
14.0778116584
27.6334070618
57.9440116406
50.9047666322
49.5617899526
151.813077416
48.3130513541
76.1025542664
72.3128330671
6.57338619233
0.0
1.63919598609
19.41682823
26.4186650366
60.0620173942
119.116068964
77.6560125137
114.64682208
54.2459365056
53.1666551508
40.2989106746
0.589380383491
11.038544599
1.97037959844
6.66904592515
67.2920104042
65.9531063251
82.4546731404
49.1989863888
54.4657718791
50.7479210347
16.3827112298
174.690501661
3.28901625797
22.5363919437
0.232694037259
4.35881745816
50.0275877417
106.135009743
64.074722087
36.1502809469
55.3154897899
50.8486795128
92.0562008544
38.0397580358
26.2016013487
106.251765132
0.246126919985
31.432908893
9.50139655174
109.078237474
46.0358376811
125.387768257
139.589381173
24.1884931634
33.4789907467
87.3319962672
7.77855179971
0.0
0.0
21.9261668622
47.3347535134
52.5925761982
111.020315551
58.1485416031
100.00975319
22.4956811629
111.901205471
70.0316555501
20.4121604003
2.64865359384
4.09777843951
16.6188135836
59.1879593544
80.1598552075
82.037311812
66.9650005606
92.0455781556
25.776833958
165.041046051
56.9579063674
177.334234686
0.0
67.2042787392
9.71429572999
27.2679565922
70.2400832287
100.927761879
23.5977982264
52.0878933146
48.6572284085
59.2272031344
209.757889867
66.9809569716
5.47650891355
1.03293007426
0.973293403164
46.5704966477
85.5303303077
97.244662338
63.0973766707
55.3821491561
75.9136369788
47.0739496462
29.5996468831
27.1651514098
3.3457864523
7.14918896556
12.6403539106
147.440159591
65.2398126586
181.531020966
51.8878532388
81.3037071079
123.138531575
92.2143699768
69.7923870607
4.4703040123
0.0
0.0
0.0
68.1784107684
108.605640851
51.6577395034
59.9963530452
61.4836578564
21.6458809683
90.2360977157
68.3944535796
0.184248084202
8.71676802636
4.65751469136
0.0
0.0
29.1882822365
77.5051671434
45.1140393242
66.4230357482
29.8523436785
4.09639647602
40.5494747088
0.0
