0.0
0.0
0.0
95.0929228217
19.2276316909
30.632317733
108.55801507
31.9007584378
71.0992782713
42.7558292002
18.4998749066
0.231629133224
0.189282857347
0.474079504608
26.1327084302
25.3613955583
40.5529990085
80.785628982
38.4161620745
69.0719156285
88.4755077547
42.7981035802
21.6409155778
4.52609176375
0.0
1.39236366749
5.8942628503
39.9190406798
29.2448410392
70.1379330194
48.3225471173
9.68664108216
42.520617756
51.0865545595
32.9141343758
3.43630680442
3.14976992458
0.0
9.94013960659
105.655908018
56.6866589225
65.430035995
38.7943331803
145.087094799
46.2802216373
71.5084893694
61.6853218898
0.0
0.0
1.79806266725
26.9703354835
69.0073421002
67.1194234961
126.383960471
93.9239000268
101.447849415
70.2682067827
72.9896573786
28.0021592974
4.89409093558
9.48827974498
5.68858200497
0.0
95.7740123249
96.0333068669
77.0081643994
59.2835540436
46.2847363651
52.6247436403
12.7631748375
188.720749388
7.49907284976
24.0327231288
0.0
3.18818593025
102.105692904
97.8832167182
54.910679927
25.5187350708
41.4956233519
38.7394779101
80.7297589594
46.2561853565
14.9535382614
135.40474534
0.259145781398
37.3053342161
4.23881195112
82.354065869
34.9532209248
96.5882042851
97.9263090602
23.8112608585
34.5863673036
119.029635161
7.11929728836
0.0
0.0
43.8752662246
91.7051122786
49.4065939262
122.838205959
59.505210763
89.8032660485
32.0299318694
96.4839164503
57.637486171
29.250985086
27.9815687724
2.28364366293
39.1202908159
141.263353114
74.6007233263
86.4412251775
74.6929393205
93.8155721762
32.0717796413
140.374349188
72.9269348458
85.1237018947
17.6344864368
40.2361007743
17.3778240904
53.3279393167
51.1854211553
69.053893187
43.0579408702
59.2229228318
56.9782592878
88.6149800489
174.162152141
59.5429740922
1.65858277492
1.53205436468
2.60649255103
146.400319755
68.6654773951
92.9352701381
39.1921500451
69.9013380612
97.5205774382
40.5290705635
8.77238090335
12.9370400067
11.5591409504
11.2763708532
8.0929690674
221.160455704
61.0252537555
165.409205563
44.8666341864
69.0430869833
97.6454297417
100.649271514
76.4765210153
12.2841700315
0.0
0.0
0.0
103.36796844
105.611303061
56.571336139
52.3029225468
51.1683821362
28.0258883062
85.7680233288
85.6455982178
0.708854139782
10.254864757
0.147829167545
8.45017182828
0.0
42.8628380522
107.082932442
54.3670485019
66.1649290322
21.1771442662
48.9027849266
37.7206490189
0.0
