0
0
0.0179832894355
0.570984272752
1.1148876939
3.11413201783
4.21946027776
0.835679771786
3.19097928889
2.85599694191
0.762314582011
0.473420552909
0.014507353073
0.086020834744
0.475222622976
0.839530698606
1.79050748912
3.780666676
1.57965821307
2.84369610599
2.87308333348
2.27931653359
0.881325139198
0.164136337116
0.0
0.563058435917
0.209390632808
0.289427809417
0.980707361217
3.05230959109
0.928889272735
0.27027332189
2.08040851355
1.21009145823
0.43108189106
0.211580038071
0.019748514751
0.0
0.368062898517
1.09848379157
2.11475862126
2.06285662437
1.77776714577
6.91266017873
1.96158041898
3.43214754667
2.8000645088
0.294219464064
0.510503172874
0.0827548867092
0.912908855593
0.43563207949
1.92706618167
4.46027228754
3.12600090075
5.41911150713
2.83702394925
2.08332881809
2.7281047455
0.101579692215
0.255572115071
0.0259929217864
0.239208266139
2.80065044388
2.88698065002
3.48282288184
1.85166649055
1.84619531792
1.79626823962
0.717838095967
9.37956411892
0.0909835072234
1.52026405931
0.0846059476607
0.263615056872
2.60780421714
4.63204152486
2.743292709
1.05306718929
2.17439643573
2.06235261727
3.79150005616
1.48600701592
0.843913300894
1.15552566946
0.00793083570898
1.61335041467
0.407918267883
4.80483202578
2.20364555006
6.2523390227
6.69822163263
1.52722121374
0.976282036398
2.76952913031
0.258083428082
0.0
0.0833879262209
1.17958851531
1.99508636259
2.11983944819
4.34123394173
2.8751849471
3.98238793947
0.848490368808
4.75274133519
2.65508428263
0.785262077115
0.0688163512386
0.151735380292
0.333603756735
3.47559156758
3.48800050799
3.27020530094
2.49451319175
3.53380007297
1.13893917075
6.35936928028
2.21011804539
9.34494457161
0.00873241759837
1.90968383523
0.398097180179
0.847325093346
3.05735275312
4.67178689316
1.19262331724
3.32069219463
1.965563423
2.56363504194
9.77664155513
1.27812300972
0.276044148486
0.071586586535
0.0816096523777
2.97678492824
4.50655935984
4.41616180673
2.36054764176
2.54090803582
3.52894773881
1.96494253911
1.71757575357
1.62773387949
0.11610787455
0.389713222161
0.896635387326
6.76081950706
2.66211311793
7.02108071698
1.90246950625
2.9330858821
4.16539885174
3.76834278996
2.08273485955
0.094202555716
0.0
0.0
0.0
4.73185293796
5.48064410966
1.95177262963
2.77443443076
2.64025547449
0.750639965292
3.63816244458
2.95291550271
0.0180945040192
0.439846646041
0.0523752234876
0.310449782759
0.226702080516
1.78181523178
4.44979418954
1.85112607104
3.25692059658
2.50044081896
0.266605686396
1.61734687909
0.0
0.0
0.0
0.0943056493998
1.49946580827
3.90408513288
0.92063414678
2.84079584875
3.55548799178
2.41352013359
1.12501824088
0.689728168305
0.80571424216
0.209729351103
0.00912874238566
2.39748265781
1.32251823507
0.309744531289
2.3842979921
7.01666923077
6.18847567262
2.76830101659
0.397520311642
0
0
