0
0
0.0
88.0658194274
15.8753260737
27.1595822275
110.317135999
33.9013709743
72.8366790264
37.8195894958
10.8518334506
0.144987914711
0.196643319447
0.206596121192
22.1518798554
38.6691713724
43.491080694
71.4254309647
50.6645792462
62.0657663717
80.0726126434
52.0608852077
28.5546401362
4.90947524273
0.0
1.60952317715
6.96814155578
29.4000084401
26.0025466829
68.014262963
62.5180655904
9.32798308879
47.2132454998
58.947695123
45.4324924462
9.81169353425
12.5497675734
0.0
15.7688123323
90.6782862302
54.4342173665
60.1492980919
35.9734602458
131.256010596
42.5994509273
61.1271595582
56.9488539398
2.47125327588
14.2447185516
6.92854581401
25.1051135213
51.5580333089
71.0330530778
123.234508735
103.811683931
94.116970405
59.6110974346
63.5831247065
46.7190042437
4.98574275523
60.656467949
4.14348609746
0.0
77.0720193386
88.6094194231
78.3282834221
53.321193114
48.5491653084
46.0756152122
16.333769796
209.595044039
7.63929464669
36.1788167954
0.0784751158207
2.40853339433
83.8037343175
101.62442998
46.2907956763
26.8191350839
52.9595981184
42.9619536101
76.5002348148
49.534615986
17.3592893332
55.8076829911
0.0
42.3843355277
3.580314897
83.4241951368
39.0588135794
90.8190591038
98.2891094266
26.5856062049
31.1257389821
106.840207547
6.68477049842
0.0
0.0
36.2972501815
71.043676056
41.4979556292
101.545323936
62.8814962226
86.9645947068
31.6948173218
87.9938457034
84.0473256782
22.6976483613
15.5499283075
0.937498658894
54.6524850727
143.295456469
80.206183998
88.1638876469
73.3632996754
81.0455884226
31.0303650134
132.305583542
66.6621225514
62.5722123888
18.2315672636
39.3623829446
18.7217809483
56.5447492438
53.8223922439
70.4814571486
45.4386840617
65.6943948254
59.5084715186
95.5227786912
163.598085394
32.8466189616
9.44227836281
3.09324038028
2.96781263129
107.19540729
67.9245460442
92.436728323
32.2011218369
68.4402254597
97.5688667558
39.3869965598
10.0628543906
10.00076437
0.293507594616
16.66210033
5.68490079046
240.002902217
57.5472698837
154.528837485
50.0076910817
55.3077349327
92.6583047659
115.388332659
66.5039012431
13.4494589567
0.0
0.0
0.0
126.331158578
96.3696689309
50.89916067
50.7328793966
45.9724936046
26.8459880947
80.8318609447
85.282187557
1.36174964905
11.0250729918
0.0723435301334
4.00633871556
1.84611913562
49.3724620942
89.1100271177
55.0531922189
78.2889077515
18.5690438356
38.3801646754
35.3508669734
0.0
0.0
1.98507463932
7.32940363884
71.3763628901
70.9577550161
35.3208668902
85.1433951259
48.9207769855
77.2988107586
40.7679006682
10.351337269
0.240273557604
0.688906950876
0.0807406045498
35.3839908689
50.4894466997
2.7705918923
42.5431724712
90.2943256126
174.227824599
65.0073725806
42.0820061042
0
0
