0.0
0.0
1.23897859454
22.4274007268
9.66472898237
70.6978001911
90.651058741
12.8287657863
84.692000119
66.914973054
37.7064459454
16.4221900776
2.13081927225
0.0
20.446926713
14.1889931112
32.199159041
75.5817232133
23.4027514011
73.8724494007
63.8886018768
37.6354247498
12.147985328
2.05257303268
1.79331050813
9.81984901428
8.69992125034
13.9067983031
24.3206547936
78.5336995294
38.7315067188
4.61786320433
43.2438002786
19.1374814711
15.4788803291
0.0
2.40729497374
0.0
18.9872403145
13.7800816689
52.3987168596
48.6759549562
55.6794047438
178.652676199
63.4467956638
93.9689070247
71.9297654182
8.55017781257
3.14987647534
10.3555958234
8.91187416763
11.0150403231
44.3795220629
122.492801348
77.4257399774
145.477746299
61.7274818626
52.807796035
74.0043618679
0.641443405766
7.59046772215
7.59949411265
0.0
68.6685384341
77.4180516266
77.6597087849
29.8009440991
40.9183763712
39.8313440234
20.145315588
212.462173061
2.27804716676
31.4173384308
0.0741774667985
7.16733160615
76.0843795315
104.071469743
62.7143996134
24.6031415155
57.3490568921
49.1194376573
110.179283476
37.5792774874
44.1694700717
19.9521689415
0.0
42.2555079418
9.34990724177
119.855484273
43.5497642309
141.214678779
160.764135855
45.8396481761
32.0804309753
75.3972167148
34.1831419094
0.0
7.46591341495
17.9740089965
44.4870994315
55.5394469909
116.546189435
76.035744505
81.7778837587
19.2973298561
135.571586508
69.3493257725
17.8642818779
9.98016877099
11.263458252
9.44859807194
82.3794650417
72.0722255534
71.0589509011
52.7014087346
62.3067101798
36.0385237579
158.370998422
46.2757093572
250.466714786
0.135475181043
62.4434644954
14.679763455
26.6459029577
93.5201597074
129.51038661
23.9477612497
85.9213430174
38.9638000284
43.4655343447
219.97150746
69.917117279
2.46767345443
2.26446738839
6.1176263988
81.8009089195
111.724653918
103.221226227
60.422239842
70.7921333256
76.7143803722
50.0917800943
34.6116505824
16.704792995
6.17642088979
12.4857658222
41.2313638776
145.601822376
70.7968111135
134.181825735
38.7711573494
47.2163347675
98.6950534488
90.4200761263
52.5552298267
0.868831783534
0.0
0.0
0.0
90.1142728104
131.664926729
48.5833678656
61.0271034278
57.0791092642
24.3133733422
93.4762600846
67.2250059732
7.75548112392
12.2127699852
0.713775604963
0.0
1.88467901945
31.5806166991
136.030265966
38.5946341236
125.850749988
53.3029535561
11.8542685658
48.9935612083
3.45000386239
