0
0
0.0
24.9668180827
39.5839083977
49.6656246017
108.142782267
23.4455030076
70.2521857135
52.667210659
18.0367489234
0.643861100078
0.165157823358
5.6977646593
24.506801886
8.54804491997
39.9437386282
76.5907033068
61.7055411749
73.4156598262
92.9258079977
58.030644061
23.2429435104
4.39314917474
0.0
0.0
3.34403859079
10.0578138828
30.7972507776
62.1269946545
30.481461937
11.043995521
40.034552358
34.9880481809
44.3782303949
13.470392704
2.64604576862
0.0
13.3689112812
74.7577878199
59.0503097345
55.0628763862
39.1678487873
147.184276113
37.4665451645
236.44933905
65.743293017
5.6907763481
7.01358819007
3.95728277786
15.4991977215
36.1384736671
64.0679630014
154.382292163
85.4835933578
102.707040422
61.7928218544
66.9786751368
33.4645184578
3.82938933698
9.62004888151
5.04542696568
11.3638594151
83.514111355
76.0646106451
83.8239368777
56.7529440298
58.566902394
47.5480517597
12.7805458093
164.750732867
4.88403089717
30.2027812601
0.0843721423298
2.4666890502
57.8765967787
104.792623082
69.9756023297
38.9721689914
42.9432999612
42.26720535
75.0978260525
27.889198428
11.4942110181
164.393443197
0.346514582633
37.0338002275
7.82165693119
95.9395406731
42.9701710661
98.4763179948
110.955172509
24.628939914
39.5309220655
128.863699481
4.1150927581
0.0
0.266239324584
18.5271584834
78.7366036457
55.6486569197
122.610867614
66.3805997148
91.4810568542
21.5380669702
95.8054494727
58.0849220249
16.7312016338
19.5308126137
0.662719443442
3.22846966982
81.9334017019
69.0373102985
67.4850822101
82.0605684725
101.395727757
33.5552732796
141.360869184
52.0074610133
80.4238580446
22.561966896
106.390773174
13.719892893
41.0043557155
71.6452443358
74.9901891012
42.5928041366
67.1750784516
58.415178719
72.8093731524
155.296182454
54.1738121398
11.0559062585
2.04718928598
1.82124634087
124.039489075
79.357580915
100.299393192
54.3043250107
65.1032672916
89.7068544295
47.6273510455
11.0435514562
5.66908483207
7.85608692281
15.936023511
8.69580575825
181.233952716
62.3569777495
163.720234008
52.0595925842
68.9581391998
106.507047411
107.197786208
67.7124335244
9.57247602941
0.0
0.0
0.0
85.0851633847
106.280259367
69.7201841734
48.0037202016
60.5446603987
25.559165245
79.2448272965
79.679471165
0.041227097623
10.5125108063
2.73140570429
0.569379866124
0.0
38.5774466693
81.181869768
58.1846708357
73.7974913902
30.4526797627
26.023724556
41.4078737498
0.0
0.0
2.71848151087
2.68670055271
78.0793234706
85.2294136584
32.3302866463
87.0532521754
69.5497280582
57.6315228156
24.0859014989
5.87733920105
5.99748529493
0.540966868402
0.0
18.4620316923
63.4391738846
3.60079425574
57.8263212965
113.066296605
181.576526374
57.9751571808
54.0394942313
0
0
