0
0
0.629108726978
23.8813982103
11.7732376736
82.9701623758
97.334245015
15.327918685
68.9757338258
68.5088895074
26.5839921535
13.1328723952
0.174712241627
0.0634461175651
23.2934971461
10.974908961
36.4772977363
90.0501148236
30.2591516794
78.7430588258
65.8701885046
54.6213096062
13.636083819
1.59873841703
0.0
13.1361780167
7.79454427958
6.9604754448
21.7981167566
84.0587606561
29.853334453
5.40420311316
48.2664680333
20.3940472528
32.582590973
0.0
0.259338246658
0.0
18.4396110456
23.456767559
55.6664893459
51.1477171658
51.3481480843
170.918325316
54.4931042246
89.0848350562
79.2939242945
8.3357656002
9.25641489029
1.50333479047
15.7142109275
19.3237174954
45.499688669
105.713518602
72.207935369
143.482926507
71.411257837
53.7540320302
67.7834679857
0.0160486707464
8.54495485872
0.381030687132
0.0
66.6748245432
74.3602817282
73.587741673
34.1176109333
45.5757998926
39.7007784806
18.1197370291
186.067010888
4.0362697458
24.4101381451
0.184494718909
5.1478124857
69.5239101202
114.314816225
66.2796749342
22.6569214091
58.2923256643
45.7318988052
105.173910722
35.1828649747
27.130805388
30.4947345257
0.202566839754
44.3343468876
8.88103395514
117.49049897
47.8323542477
144.798659386
163.323560413
40.0779059054
25.9138350226
59.534671873
6.61551558785
0.0
1.73446887732
31.609628616
50.3247775063
50.3953415304
108.356787382
61.195919009
85.5231696619
19.4687605239
122.95574715
62.9648709646
20.9084660858
4.71848159282
8.57159900666
17.2260331772
92.8923005182
75.3989872145
72.7453813939
60.1335696979
70.3421131018
36.8759423225
157.672490758
56.3491865582
279.102395155
0.0731562227011
45.2320402824
6.1454553455
25.0116900074
76.8226706023
122.24011295
23.0396550335
81.2006148845
44.2929852926
48.7985536325
220.282662123
36.1458445006
10.4087984674
2.58946681022
2.07730221748
82.8255692124
111.62703073
102.803451939
62.1974540501
69.5973435043
76.3304735302
51.7951135709
41.188779451
50.3121333271
16.1476216391
17.7745388858
31.815513432
157.959541379
70.4319351576
151.341848116
42.4019213402
60.2415884546
99.5764065497
91.2408551126
53.7441953122
2.03906003013
0.0
0.0
0.0
134.90716512
128.140329793
47.3129327986
71.372836098
62.3220502711
21.8455826305
88.6475720275
76.9171126037
0.563145808874
13.6765608787
0.01412221184
1.39575853944
1.25645423122
34.8628671113
124.195673425
49.2311595082
88.5124354447
65.1315143107
6.58485549689
43.0925787091
9.02494454383
0.0
0.0
0.0
54.3662223816
89.8659044803
27.3409252726
62.3390791565
69.052220285
60.889828764
25.8568791746
10.4243838117
19.1071704626
0.656565696
0.510385254398
8.30550169944
28.2679829971
5.2527014315
59.0157566462
156.696050707
146.643583646
60.5523358416
13.5803264826
0
0
