0.0
0.0
0.0
25.0546210092
39.4813464581
62.5721835773
99.9533972405
23.8252870068
83.1449689027
48.897351209
27.103020223
13.095584169
0.400924998802
1.21142730117
11.0768771321
9.41609664727
37.6661010907
90.3717433735
45.715311097
72.8008763083
81.3122384326
42.5315833697
19.3368176222
2.01301429421
0.0
11.3760809898
13.24088341
10.1066316962
22.1644008919
65.8436734769
17.5146704111
8.97472759522
43.9410522972
32.2066027913
16.3990487633
4.7400892675
1.64336195402
0.0
10.401342541
21.5345728621
57.9660338508
50.5116611347
45.6449716574
156.624964222
48.9799691196
77.293915093
55.5977386236
6.91521906852
0.0
2.04334114865
23.881720528
25.5918311923
53.2049292214
115.677546666
75.5198808694
120.752966691
60.5051330981
49.4301441991
51.8368280484
2.08855730295
11.5809341222
2.93945660256
6.1789162159
69.608362913
68.0157450624
87.2494079378
49.3194094486
53.9111898718
46.3112860769
13.2828590521
183.840543045
2.18116852641
110.590765491
0.0
5.55875623226
49.3404797316
107.172981381
67.3042363598
32.9445721061
54.5069586876
51.096861913
96.3940886501
39.9543975593
23.9852738455
50.7043291927
0.279539242387
31.5197521044
13.1422850043
112.916268591
52.8839669741
134.714462578
140.646141708
27.1878068335
31.230203893
65.1926737865
42.3447157339
0.0
0.94917806983
27.8908509286
41.7201357689
49.9270468802
105.881186949
64.2051940375
101.294782877
20.1939642755
113.869797933
64.7345183585
27.7632556445
0.77226624079
3.77736461162
15.3805212099
62.6054081508
76.6759354798
84.0316752986
61.9689087142
88.8900364903
28.1658191419
163.577397589
46.4173717769
225.77698523
3.67783391477
36.989443794
9.93285108358
19.6075149737
68.3939447813
105.896422606
26.5538251363
55.1903935522
46.5330758506
57.253753703
192.700906902
55.8958763928
4.53623516858
1.44295034744
0.206639438868
50.0907548844
102.210948452
91.8851015345
60.4825109616
60.5370327384
81.8989057951
46.9336679395
30.7210200113
13.0010227338
3.76055145264
7.94339199365
23.0310351513
160.139012676
67.0460396503
174.59239037
51.3159729168
72.6108496786
112.649619855
94.6085322072
63.5442261324
3.38982537389
0.0
0.0
0.0
88.068379093
110.781736985
47.5063847071
61.3321948349
60.2273083598
18.8376044109
91.2932870434
73.5018343181
0.151050562039
10.4068798721
3.72919517196
0.0
1.7142027989
40.5855063871
79.2194627009
60.5322828926
63.7912951838
40.856294453
5.15596881509
37.5504136831
0.0
0.0
0.0
0.0
41.7318150401
90.8688559234
21.6338514481
67.4034589435
79.0666797235
58.2972618718
20.6183514073
14.8809638321
13.5958948731
3.98495630174
0.0
26.8991266788
23.1175000369
6.81078970805
64.6671455652
133.651254672
163.435588662
69.1923653035
10.5855130032
15.5
239.28
1.09
14.77
0
0
0
0
0
0
0
0
0
0
