0.0
0.0
0.0
88.1937105046
24.4130470762
26.1043699867
114.024705556
29.0917452871
73.9615872502
43.0457205847
11.6675322242
0.745782528072
0.211538331583
0.195860736072
26.8254700006
13.9136694688
40.103944391
77.292738324
38.6016039401
70.7912286893
89.3445302546
47.5910586286
22.5223199269
4.45511374622
0.0
1.08307161927
4.08762118219
26.6040983498
31.422870487
68.2551208512
37.6371380918
9.59483542666
39.1617103759
42.7377640865
42.9310246109
10.2969331741
3.65636464207
0.0
11.466801703
96.3115527593
58.7309248968
67.247876239
35.8979387172
138.733093321
41.6306621431
116.336455365
61.3162257782
0.521780982614
5.74536287784
1.99491469189
21.9441145956
56.0705713034
63.9496383173
128.16299551
95.1882160195
103.540640624
65.9388777317
68.3316309079
28.762455672
7.84769449198
9.04222702793
7.38984560966
0.0
88.7818606944
88.1193906516
78.7603266641
61.6692648734
46.917161867
49.7452371418
10.7005025363
181.903765663
8.04921400174
21.895636797
0.0
2.73102360965
78.4128862582
102.729313998
55.772783082
30.0098383651
38.3597300482
44.1502724962
81.1174462368
36.4955540969
13.0828423016
133.685285211
0.274121381342
36.8122535321
4.50758163259
87.0036333986
36.1827798989
103.520135673
104.916073524
23.8715973292
38.3984439689
118.7351899
6.87455727161
0.0
0.0102908313274
41.7396830599
89.5657358654
50.4028086384
116.921038725
63.9133732728
94.1432922185
25.8664218554
98.1306610555
50.1416458078
23.3657075465
14.5578368604
0.64199499786
8.43981152772
120.819018728
73.3852537265
75.6785936839
73.122077208
94.5718831512
33.1926191273
145.563203372
64.2562813795
42.9100512634
21.265173912
41.9489306621
14.6938525736
52.4502658476
67.8173338865
74.2614643145
52.6803542124
63.0535463914
64.4681705273
76.1047752221
142.175393969
54.9080608702
5.8722458873
1.61360648833
1.70270809717
148.936576031
71.5396923869
98.9144989327
43.8194358274
69.5134483092
97.1186977085
42.4851391464
8.50611685217
8.01938010379
3.20129988437
9.32111204042
6.75740859098
227.127840679
59.6120746051
165.767928634
49.7485511508
70.4032274186
97.9950577236
100.919059038
69.5179188252
10.4352453947
0.0
0.0
0.0
97.9835519494
106.667027414
63.2934946529
49.0594747178
51.7566548287
27.462186601
83.6630871893
82.0856062174
0.0517578050494
9.54066978862
0.0723435301334
3.41256004572
0.0
42.2709263227
101.185109787
50.2766808089
72.7421444357
25.8206186815
32.0954381561
41.4232291728
0.0
