0.0
0.0
1.15206697583
26.3865669127
7.14495086297
79.6609693682
96.5271896935
14.0739043476
73.2738307212
63.3737809752
28.454635866
17.4288719148
1.84963109996
0.0
20.7018771619
7.91583949327
31.4139641729
85.3557916918
32.1841759001
76.751051995
65.792090401
41.8165440058
14.8112661308
1.43545288593
0.394830420614
11.6720738411
6.7560351491
13.0077593923
21.2227244116
79.108891111
32.5450771368
5.87792134658
44.0580200347
19.6660003192
27.4316232094
0.0
1.09976414032
0.0
15.1360066831
15.7083476074
54.449657807
49.5577041298
56.8467470789
172.697250791
59.4103367357
90.1908354163
73.3070551716
7.8229651451
3.55994126201
1.38370111585
11.9718077704
18.1867024899
37.3922741179
110.62319674
75.533870052
141.815455288
65.009675676
51.5054485356
66.1067484319
0.248921003659
62.6633354278
7.70138476788
0.0
67.6029191273
78.9276704863
72.8996279575
32.1769773233
43.1512842653
39.4617803357
21.4624508824
205.352074325
2.18686426431
32.2830210161
3.27989013958
5.85151094198
80.3581990824
115.65563101
64.0004826346
23.4489400294
63.7693571671
50.378389595
104.379241325
38.3135575075
39.1861111075
27.3147954941
0.216078467667
40.115574691
10.2546768934
119.808921743
46.4079162552
142.006444235
162.905235887
43.9329187246
33.070420554
72.4443278611
29.5017945254
0.0
7.85706906953
23.0346272062
49.7235433682
51.2449619695
106.691848263
67.0275275354
84.5145076812
20.3326946832
128.052557867
61.524280901
21.9017221704
2.71283893661
10.1378338337
12.4414776256
81.3176592132
71.5871702525
71.2067634557
57.0317578296
63.3211226323
36.6825651372
156.595339532
60.6584153138
267.399989455
0.0
47.4571457952
7.25265274198
32.0080812341
80.5017570415
123.44026123
30.3647443838
76.9670810177
41.4931759243
44.9046425746
198.372071028
52.8453287669
7.36873751878
2.83581608534
4.61266090908
81.1208265871
112.058785938
101.209399908
60.177927643
67.9563908446
78.1185147437
49.5613910957
38.782211557
34.2587257661
8.76194926723
17.4620043486
32.6260580422
147.760028466
70.0824946147
150.218644682
41.1046356986
54.7610600554
95.3062789812
94.9026307649
55.6585986614
1.2191052027
0.0
0.0
0.0
116.303803727
128.736493723
47.8560798391
65.694120342
60.4565856708
22.1038042344
90.6505108382
71.5710577368
3.32559482753
12.7303926945
0.0
0.0
0.419451601802
38.9592925049
131.111090332
39.3308535881
102.02227621
52.1998977922
9.54980769754
47.8945813178
8.97925758362
