0
0
0.0
20.8527252004
8.26401079819
29.4849482328
105.506786213
15.8637688765
89.7732361901
50.8639719878
26.0235740842
9.28295657784
0.324857437982
1.50640189648
7.53024244308
23.0249347687
24.4781569358
44.2191094906
69.2727123499
30.6627945005
42.8328948878
29.3110713401
2.60475150122
7.75844878704
0.534941727295
0.0
0.0
6.0781597069
23.7474358678
70.927363962
43.2465696343
10.3399680778
21.1802396318
9.80641544983
37.6346138791
0.0
0.0861804750749
0.0
11.2112160134
12.8093612418
33.229338468
22.8583308645
35.333647471
147.591049243
40.1496093991
131.367806721
86.7564627751
14.1564679518
0.129771776497
0.175190940499
3.77951117652
5.1156270504
39.3849233911
67.032545423
89.3439876151
81.4890602064
53.2828371883
27.8215058261
27.3667248487
1.83503638487
6.45374891347
10.3452731855
1.64115196466
55.6828556434
69.0746762306
64.8644869308
33.7413555226
27.4047198816
39.3322490585
10.141876325
172.515362771
9.57829214818
44.3458775282
5.8139399467
3.78850235045
105.760506146
70.7895261348
49.1934053376
49.7106094757
41.4926296099
25.9790700674
95.332172879
37.7068861128
13.6751927733
14.6503229141
0.25612552464
29.7878991756
3.15940470994
111.920486977
38.7700831135
96.4324864097
109.031428132
45.4292945489
40.4478572532
53.4138903804
11.1876330078
0.0
0.0
0.827182556503
15.1636564939
28.9030263574
86.318044051
62.7521088192
74.4734737258
27.813098939
127.803589071
62.4705207926
10.7793324441
19.8710395843
0.265725445469
17.1809427096
113.166250016
31.1489037684
90.9200677759
85.2293957587
69.1535540326
29.3974337707
134.275659492
70.1532251537
220.009553276
1.35661116242
109.528622612
8.23266121745
25.7077828478
90.4021752643
90.7418640526
40.7735298314
93.1506687998
55.5768611357
52.6075748988
222.959774684
64.4211951514
23.0288336724
0.579729035496
8.50798379815
81.9643741697
51.7438433357
110.188561231
20.2450615559
71.0604811349
56.9542764137
49.9733226802
42.9982987046
11.3599894457
14.4108958505
9.14211246372
34.8571706414
170.627649359
54.7982740402
100.499116818
54.0752619022
59.5093703662
69.2194667066
88.5297573055
39.4697438926
0.149177346378
0.585115124938
14.304008469
0.647833853959
156.018647037
119.068159908
49.2330302707
71.351784043
55.3196049929
25.860009089
72.3075748925
45.1040292365
2.4362982139
2.75815343856
8.00296153128
0.0
0.977904707194
35.3368907153
55.9433073226
25.3162752058
100.297488793
60.8953015265
57.3881697358
24.2306692601
32.7982103078
32.4229743098
43.9715986848
24.3336246014
31.0478883684
93.211625143
22.9355229288
66.5491457842
72.4089694102
66.0450607874
8.79137270897
11.1001517856
93.2679211423
5.07539199293
31.5950139017
85.2999311462
34.7431899346
12.9621400237
56.5371954684
146.932693072
95.7799140216
34.2904288843
9.34488800167
136.86
1077.89
13.49
2.36
0
0
0
0
0
0
0
0
0
0
