0
0
0.0
19.3827897795
10.7896748632
27.0997715705
93.5578593103
19.6436897591
88.6920198799
50.8501739278
20.3453817107
3.65746356547
0.14857060276
2.16192859411
5.25889700743
22.1407783627
28.7349384818
47.016492337
85.8942079274
26.9801191538
39.0323896435
22.776382193
1.67786241509
4.03316129743
1.3991762381
0.0
0.0
1.75608567149
23.2772005498
71.841766309
36.0678143743
9.84114905074
12.9515579771
13.2375309616
18.7278657574
1.84945088625
0.577813787386
0.0
7.91595904577
6.05578277261
32.8180593029
19.5812398544
28.0997748958
131.814974606
34.4006970785
95.8541440442
72.4386309833
6.18704034761
0.246736474334
0.132191673852
4.65008241869
0.0
40.532076743
67.1735799574
102.860393934
72.3989153914
61.5201055747
25.2112635257
30.3640395998
0.62427783385
12.4361484032
9.54255019315
0.0
39.1318656653
75.339345907
65.6445108326
48.5842876733
22.3488891665
38.5443381295
13.4518234804
167.437962768
9.54097760004
36.1148586274
10.7623021994
2.78808398544
86.262595296
77.6579615549
44.7573992364
57.1861811731
36.2770639546
23.9749527276
79.3723583892
33.4447896703
10.0806396604
28.1927012354
0.359863266348
25.7269821943
10.8386203721
119.127167058
44.1567957367
83.675065339
104.779791355
39.4441409112
44.7945054564
59.8443102725
3.36039730534
0.0353851737454
1.75291061215
0.284857230262
14.4612201029
26.3905171193
87.197199822
64.2351038335
71.6308652731
45.4894709602
123.614369624
65.7273052186
7.22713261843
4.54359474778
0.0
33.6251012244
81.0217598062
27.8557356173
84.106254749
85.9568368346
87.0909869894
31.6113121714
114.990768129
55.979037702
137.092767941
1.4667044878
58.8645228055
13.0880868751
19.6857790947
86.2989840348
74.4227807662
47.891683314
86.565138761
61.267035096
46.7616959587
180.515872981
68.1762472092
15.559003165
0.571402385832
9.76535638702
60.3928640933
44.9538416582
107.370140003
27.2382304687
77.6205359436
57.3614911157
41.6332803871
31.0680970867
11.0346695445
8.35634896159
5.00860778242
19.4848988364
162.351057747
50.8702291399
95.0038462133
58.4827552121
36.3156354166
59.2371524033
90.8960664031
47.8509773165
0.194006351754
0.10185745731
16.8804897666
0.0
116.206177748
127.056079583
49.6832616878
71.5035705418
60.2596482653
23.5983233638
58.88020809
39.4804660678
1.69564472884
0.500049613416
0.417804569006
6.4300596714
2.07440042496
43.1325072794
45.5109251786
32.104451375
89.2271951398
44.8294733287
41.4626059234
15.907959044
26.4544262364
