0
0
0.0
12.1731955265
17.6630860493
27.6595614552
76.006538881
19.0770632001
54.0095543861
38.7776380778
27.480663389
12.3643041355
0.038578307256
0.430448234081
1.87233633734
16.0097384155
32.5193267762
51.0322503446
392.352759036
20.5461296718
28.142097149
13.0974646658
3.91104333847
3.89703270792
2.81933556497
0.0
3.5240856707
1.70549613051
18.1563005447
93.7864266281
50.1512972676
6.30166467278
7.39845152198
13.8993956703
30.6457746326
0.0
0.399303143844
0.0
0.910894157364
5.34118452854
28.4901698995
17.7072694902
44.5448929738
134.44896793
32.1446640473
81.7214262708
38.0491625705
12.7699159384
3.93595612049
0.0
15.7811101209
3.83587709069
25.1108933016
67.1724951379
125.640160242
68.4755927323
56.3399802446
20.5273406692
30.4436698034
6.05778841675
16.761724038
4.63835609424
0.0
10.2733675092
47.6224867702
44.2772389502
67.512503447
13.3962968923
33.9829198903
16.399263382
163.545002435
11.1216993258
31.0331019312
0.763253546321
2.72311939673
32.8911153228
46.0302282794
29.762344217
40.9468827168
33.4438790045
22.3937139809
81.8585112859
29.0716679861
7.17725111357
16.2475980856
0.101111825556
34.093323335
7.53398324875
84.7223433742
41.113037562
42.4042921589
51.3493594675
32.024529023
28.6587041506
34.7047048063
3.0005804412
1.07235262915
0.508937596344
2.67697933315
4.60703203082
13.4033227265
93.5404734034
97.1411204366
67.487935217
83.3459578548
89.3387786095
73.226009245
9.11929214839
7.11990979313
1.34127062559
28.6029503352
54.8712613733
21.1814705422
65.7329984306
63.4019083608
78.6999196596
49.7388923038
91.3464710266
38.9692886899
111.362263955
33.6798137873
170.87200141
5.70151271671
9.14183462179
78.6974254399
66.8923459109
53.2499824231
118.834848393
47.8548161275
35.247070223
208.345499787
24.0131613259
14.860836938
0.364270739258
18.7439652085
18.0837934613
28.8219336919
64.7361361831
24.1045681536
82.4877217301
43.637977073
28.55143884
28.5668152961
6.3068990875
15.0031076744
20.0833386071
25.6306128893
85.5872645472
38.1236422061
92.2871012638
39.9972288749
73.0009500682
57.2662296965
90.5077299821
44.9047756567
14.3242923687
6.11844591425
10.077625338
64.9188979687
74.7765385733
136.357431337
59.584260894
52.4673400008
43.1664366648
16.804356616
41.8777998425
44.0413111747
11.9874808313
1.73422086239
1.87188412249
6.50459209085
8.66002895683
44.1125864186
82.5021390953
10.7959715864
81.0059835334
50.7018209362
37.261618495
17.756899327
0.296567581594
9.05458438397
7.94935941696
0.0
42.9544984102
45.2223525233
18.9067052677
67.9504329209
44.6827197074
48.1574104428
3.4545624107
10.200017455
16.4840711318
2.24996459484
33.6299719094
0.0
36.8320079371
9.82057052851
42.8498038435
163.909329856
78.651126623
34.5580138452
4.32847284526
0
0
