0
0
0.0
6.85869565421
14.9373166217
29.0553415934
51.8171557942
24.0575805233
21.9621745572
28.3081668019
41.0341805779
5.39452005643
0.0
0.0
1.57907143235
22.2401003614
29.4193036706
53.8531242012
153.113290904
16.9436995816
21.6816096716
14.9714303138
5.3819987867
2.8303655237
0.355360910297
0.0
3.57659232617
1.72144095227
13.0627798587
97.6741652861
48.4724511242
6.13703417453
1.17070719972
11.5789380334
70.6845965088
2.32025903463
1.115400807
0.0
2.00959841162
3.25016018563
32.5025773757
26.690603273
53.0871487786
124.436204304
36.0740668997
75.7097407524
50.6585661024
16.3647860438
1.89237070084
0.577821403742
19.2980020931
0.0230700247921
19.4522358086
61.0371489487
111.426578958
71.2511662315
81.723168349
23.757334345
92.032083138
2.69610595889
1.8445896632
84.6735661625
8.27180215716
18.6969030798
42.8858948182
32.9825883842
81.1719522151
17.9766436871
32.2817686368
15.1091734199
189.22407582
18.0114536081
30.7017082572
0.0
7.52028135302
13.8190266341
29.3836093805
23.1601005108
15.7691211663
40.7733780295
12.0628877319
76.4612592458
18.4059885889
4.52577124536
5.28147524222
1.84149867296
21.6955254022
8.20125845354
67.4220322966
25.0290281698
41.9249763982
45.3547489728
22.662833903
21.3023984693
15.5750232786
13.0019345842
2.22880504187
0.0
1.43877977924
9.99338020385
6.91913417726
84.7146510334
105.355451628
64.8607077444
62.2204850503
63.6062702983
78.5710392874
9.9462233819
13.5324355066
0.525389224291
11.237693168
39.7226123047
15.4224739987
73.9701328351
32.8584106426
70.6411871462
38.4907894918
64.5169891944
41.9162577214
149.503922012
0.479887202383
130.674823266
23.6249623429
13.2988031432
87.4111094623
67.8347538785
63.8370016068
140.605778843
34.3131015022
44.6683859602
180.778626815
18.3303189911
62.9818500058
0.803900968284
84.5381756275
7.3772453377
28.259135831
47.3051460833
25.1962889834
45.8137243464
37.1578479967
21.2125926465
38.7711773962
9.27741989494
19.4097012151
12.0247634221
56.5997342561
70.4482316002
28.361576891
84.1027687922
46.2207188086
65.5948583746
42.3359687179
51.7533776136
62.5868188162
0.183716014959
2.14782467857
17.0059915334
2.17117345333
80.2165005422
106.448707256
57.1582878828
48.617724102
53.5201197713
17.7935815919
42.8724445094
37.6280780844
5.70376149751
9.95198128558
2.65894711018
0.745022445917
0.679183870553
45.5412951818
71.7338359728
34.9943902517
73.3041175044
47.0982667654
26.540154487
40.2855162622
0.967191601171
7.77084886282
17.6212473214
0.0
30.2771183251
43.7248816118
15.0641188715
47.9499720576
41.618222136
34.2704201863
8.24492371826
8.49760474171
2.31408615131
3.06196376681
39.9092475382
0.0
41.4902995526
8.93753539212
21.0495841792
122.312658101
90.5449819956
22.3476797864
5.5087260157
8.13
41.5699999999
0.02
10.7
0
0
0
0
0
0
0
0
0
0
