0
0
0.0
7.33674446772
19.9799596835
28.61428872
49.0414243956
21.1076554153
36.9182091281
33.1793299354
40.3213149458
6.78917749178
5.68667237832
0.0
1.13236244582
17.1821144968
31.8047669381
61.4371636658
285.188961084
18.3289150447
28.6742927134
19.7402460873
7.3363603279
3.79078084231
3.29939478636
0.0
3.98035137355
1.75766078755
12.7693096697
98.2805189566
34.0993375183
8.49850425125
6.56649444485
6.8499755077
32.4366136975
10.0319949389
0.439057733863
0.0
0.0179355782457
5.57458911091
28.8366924226
17.4854484661
44.2572480775
133.349835257
37.4679697306
78.335427275
36.4239732139
17.9323489442
1.97040945478
0.0333968382329
18.734320566
0.0260683419182
22.3962187618
71.7288083731
106.8155137
68.2190245315
53.1714858749
18.1691192239
42.9084422105
4.93457257188
3.8689580094
2.28652556241
0.0
14.1206211224
51.9454737605
36.8867592998
77.6053177267
16.0077151414
32.1751375738
20.709855929
151.98112422
15.6722428738
12.01992926
0.0
6.56619608402
22.8777728649
49.1203352851
20.0380980405
25.0773311556
41.7233728097
18.3801429793
69.0727063044
17.1812361013
10.5250689201
10.6102504916
0.325470842422
22.0365108931
8.94061764842
73.6949601593
27.0885201506
38.7355727479
43.5091488319
27.7644023503
21.6766829565
29.8329048379
5.0148735959
0.732274487614
0.543234094978
1.2058522962
10.1391723272
8.45272317902
93.673701251
99.9564765672
64.7425316786
99.0799974761
70.5128289276
79.0741000646
4.58424056042
10.2624420226
1.46546655893
8.06622062693
48.8898696703
17.245686111
72.5648426784
43.6264585135
91.7338757208
44.5123797151
78.1662669629
36.134093131
147.232237168
36.2905267776
149.429245368
8.52783970255
8.97134652269
74.0604601632
69.3103140593
45.6758061871
113.832128663
53.5400595422
32.3310162238
181.458311476
23.0058328584
29.309984861
4.79100299254
22.4841803759
11.5282731056
33.1137595922
66.4422099888
24.7092880918
74.7421567104
38.545862183
23.3365881666
32.2239325942
6.2682710141
22.3254558072
30.5721716993
40.4420931302
102.802534271
33.3929380104
76.7865358908
38.8159257257
61.4898781646
46.8207153641
72.6148677617
53.1019212137
13.1767227408
0.400733957066
12.6988124996
1.65272983164
80.4343687109
107.081374448
42.0412402152
59.1227951282
57.7276163846
15.3444368709
44.7880302295
38.2931144143
5.91227243095
5.20090949534
7.40221143701
7.93747687339
0.0
45.793689888
78.59139225
24.3936852221
81.9170036875
51.800414957
35.8517175614
31.7865577788
0.240412568674
7.19343030454
8.17569833993
4.41015064716
48.3340461552
48.142419085
17.5849363231
58.6005595922
45.6278286874
33.1234593317
5.25488882885
9.89586443268
9.80309258402
1.33199027181
48.8718328932
0.0
36.1331819762
8.52326953411
37.0689362184
111.627828735
89.5936210154
23.6689715088
6.66177285835
0
0
