0
0
0.0
16.6425632816
13.8861565143
26.9237595108
82.1593565047
18.2559137167
67.9284669756
51.4123229942
27.4300554804
16.3973338623
0.108437382616
1.7856118083
6.25154015422
22.0484887362
32.4769891798
57.9218907058
138.052550442
26.373791322
32.9026744142
16.4764959589
5.93171723933
3.76119605453
0.0490280091763
0.0
3.70215766133
0.0615344513208
25.2747678458
76.92137961
38.6975637005
6.92423315719
13.5574803567
9.32905848696
20.6928652413
0.0
0.230279430281
0.897058099507
2.99972541722
0.839913435281
28.721426323
17.5265127104
36.0844992679
139.939858566
25.4002941326
90.7075539586
41.3889211937
3.79882156848
1.92996485531
0.504898161626
21.514880965
1.00723072886
28.6528556383
60.1192457167
102.302063087
75.9349317737
68.7641349211
19.8387334552
112.571334869
1.24571872037
5.77905514183
11.1053506583
0.0
36.1295172125
54.7315713466
62.1196059511
53.4151363334
16.3138889596
40.8737753482
16.7525932565
179.602753082
15.4708363116
46.366276145
3.77669733391
1.24435682595
57.5062141567
74.7803380565
45.8419159836
55.6185675062
36.2830802333
16.7272647321
74.0304622874
30.3255820423
14.0622367803
17.8780032769
0.162311140448
24.8557684248
9.4089134317
99.5135978227
42.3366904891
81.2184263393
85.4528160151
38.7625710089
34.8609913308
48.6316759586
4.1875400897
0.0420826859772
0.0
0.372532110662
9.5735967569
27.6684746285
83.9490626674
83.5267987037
75.3189370706
54.4548991258
108.285740733
62.6640764801
11.8280832768
3.27085094712
0.0
36.8338626427
41.4024219588
24.9414798338
73.6013196857
85.9526670725
87.4456714829
37.8108885346
113.473170551
50.0491827931
130.269424483
2.00591938198
96.057883501
9.43618169333
19.1798825562
82.0144533715
53.629795812
60.6033876194
105.668067325
54.8249297218
44.5864540747
182.328466689
34.5424531325
3.56038270891
0.493460163475
5.15059977722
33.3884448857
40.0991469974
96.7025407142
30.266770367
72.5841289982
51.4087194799
31.9465610628
21.171360869
8.36645619571
5.54669854044
6.21484116466
22.4165744372
88.2070443146
45.0415498092
88.8741706778
56.3217364486
62.2487543878
53.7688580201
98.6188031304
43.258621931
0.795339994133
0.0657397848554
17.7813794017
0.093916978687
100.663945589
112.923223425
68.3844122774
66.2761609526
63.727082899
23.0319845527
52.1322376001
37.7574692443
0.771654590964
0.22126983013
0.709421698003
3.22261261939
10.7776413113
29.8831933142
55.7289778274
27.625846387
90.1982665128
40.2766100765
26.7977317572
6.18599474431
2.5636471063
12.8820398748
11.497823149
4.10601568222
52.4642264844
61.5491277398
25.1603610338
63.9472669958
70.4797602072
55.3931194915
3.71435165405
2.67149104457
10.8903364576
5.44072627277
17.8047935441
4.36345517635
22.4606050439
8.18847920002
54.6330724452
143.209583838
93.3186917604
85.7380895018
2.94316549973
0
0
