0
0
0.0
14.5075336062
18.7441224307
29.2326327161
71.2519796323
18.4386760374
64.5624228715
39.5206269706
24.6721054205
9.12880718707
0.0
2.67395715415
3.82604479418
21.1189875305
34.2507390977
55.0112781209
255.466873711
22.761030212
32.820925735
12.9946611375
4.36354457215
4.28973434866
2.40512627364
0.0
3.51414290071
0.182259539142
16.5370459557
91.681584349
46.6798553494
5.50400492549
9.99078130536
10.5030302354
30.9831525386
0.0
0.741337794811
0.0
0.544419530779
4.76117076398
28.6379954237
17.1071082875
40.0097675244
143.973362295
24.7437754142
85.7109879089
32.6715223342
13.7226260304
6.16513597594
0.109572106507
14.7190287374
1.95117647946
28.5233610276
70.4739991548
121.739929693
67.6119350196
59.9979423211
16.9880366586
29.2923045494
3.18205324375
4.17263404279
22.4521569014
0.0
15.413783323
48.1336989552
47.1816551155
66.1855181662
15.6786473449
36.7662827186
15.3002940193
196.200894574
13.0468017217
30.6688227653
1.87849062681
1.74920873344
33.3280664832
69.1004142166
37.6333819433
54.4372570469
36.4887976349
21.2714010179
69.094177519
34.8339604195
12.4799224287
12.764400702
0.0956485569478
29.527944049
6.72614911013
92.8592718578
34.2413988245
54.4570628218
70.1902025062
33.8327401522
26.9848065936
29.4590146466
3.05767646806
0.109826691449
0.0184324518777
1.56537529081
8.6181139201
22.3337861448
92.2706454713
96.9154617175
66.6059442758
64.3443478961
93.6806218308
76.6735798913
17.1075364351
4.04957485757
0.0312587460504
33.6417380981
33.533413656
23.1621806554
65.6022237986
64.6061123182
80.870485872
44.8449360989
95.1174546391
44.4058441891
111.954662109
2.24111884832
110.600845836
3.56411292403
12.1670141816
71.1599324508
57.5933993105
55.608205123
125.750564536
52.478298191
39.2492189258
192.82626858
42.3028263041
10.4668310545
0.0
18.1682174429
14.8687811941
27.2952408254
86.249145331
26.413708482
78.8506430537
49.4067512042
28.7011533602
29.1624228024
8.00147055276
13.327045938
20.6122191846
50.1058196369
68.4151456723
33.7108561322
83.4198317304
57.096654131
72.9990023822
57.1622583902
81.9808892585
49.3476869165
5.27950435224
5.3369232444
13.7497753948
75.1242416148
77.3724899702
114.377712719
59.7574812379
69.8316197558
48.4493292281
20.4267324284
44.9916698522
51.1361312158
5.86519340426
3.65930861234
0.370121128858
11.2871528864
12.1066844165
38.9095504454
65.5580587378
11.0697290814
83.4635265917
50.4139033222
42.1283283233
16.4678940475
2.26017200947
17.2888900191
4.06248284875
0.0
44.8843370676
56.4784271791
23.0496631265
69.7151865362
78.230132237
52.0845757798
1.64106010459
0.159122102894
12.2341067791
2.25184294581
19.3954155408
0.0
33.007286813
9.89499583841
54.7289492971
166.373080624
83.4089349936
47.8889843076
3.91385194658
0
0
