0
0
0.0
0.810060230782
0.642835284234
1.29264079622
3.79921806522
0.767458046786
3.00357394665
2.03205098747
1.10470389994
0.438278431771
0.00753882690333
0.0822676792741
0.26625648234
0.967393279076
1.14796950645
2.24224248528
4.07275208551
1.10447042622
1.44253682427
0.752195308451
0.183001277735
0.230786889791
0.00297683244571
0.0
0.019816044718
0.0355672130827
0.975860080682
3.27494826645
1.52604894113
0.39081569016
0.549288876588
0.826757549774
0.644576005638
0.0704711973667
0.00196226569824
0.033558793366
0.149564544554
0.0690195793286
1.20624875743
0.795707419747
1.14621362265
5.54071045388
1.19250267849
4.03530001268
2.26732291048
0.178700353019
0.00630327337421
0.010309270001
0.28932446317
0.0
1.84822745639
2.46693616372
4.50066927855
3.02862350224
2.94416745391
0.997677480453
4.44896196201
0.141826922074
0.372363344883
0.46639852412
0.0
1.88372089062
2.48387256323
2.77201423119
2.05359772337
0.790180422831
1.70570361381
0.511426835787
6.22956610436
0.621422739932
2.10110094771
0.545273244381
0.0568735208362
2.93535412662
3.31731361616
1.84493280621
2.49037373505
1.65957558528
0.858921137173
3.45869879378
1.25365647022
0.451102549676
1.22028855979
0.00689487531781
0.915401146514
0.416531565075
4.71434205887
1.89324845729
3.49683209113
3.92040683702
1.57439247798
1.71174513106
1.60835458897
0.168921577279
0.00162690225989
0.0584751745919
0.0842293740716
0.573620884679
1.15891869296
3.26212405815
3.07002733659
2.92620969808
2.16439493245
4.65879138652
2.1169343997
0.513278801111
0.128498271108
0.0459657758474
1.32762332621
2.79364263604
1.22647553124
3.32718876749
3.63660817314
3.52856016252
1.42381974403
4.52807581169
2.0819256918
4.29843474692
0.00899553578347
3.10337403114
0.623777902452
0.728018268943
3.35403563501
2.36913558515
2.38732451294
4.24229038577
2.17430524423
1.95917391824
6.78144507424
1.81227767188
0.463082389673
0.0095092067495
0.281517587253
1.93583724927
1.99925793835
4.23893203819
1.40482572507
3.03691567387
2.2952443012
1.36164074484
1.07661730819
0.531038556714
0.299462150317
0.265735525056
0.92931871966
4.49511553388
1.93003799394
3.67094753491
2.4551224825
2.18329712795
2.45197828324
4.02039037854
2.02521540108
0.0109849872533
0.00277957855724
0.736712522805
0.00391320744529
4.49215509044
5.1042634449
2.50040072529
3.06752388459
2.26016338356
1.01938146073
2.25769414706
1.34418313066
0.0762378890067
0.0151659459807
0.0177191253752
0.238150373101
0.252551436424
1.91815701709
1.91499179229
1.20202627644
3.92796805038
2.26324632578
1.63146403804
0.185207881033
0.259629115462
0.967997387052
0.697230920196
0.313476920128
2.21801720001
2.85139955848
1.07030602446
2.70168272266
2.63276417647
2.36415560311
0.374327290338
0.161603751709
0.432109994814
0.259033469483
0.883227552287
0.635665912181
1.002243408
0.360110323876
2.49838266987
6.87888192362
4.38719710428
3.01075548679
0.196743844077
0
0
