0
0
0.594430044293
17.7833558209
12.3617177261
56.1926656212
76.6571366954
14.9251438156
100.180147391
48.8812046518
26.2875663377
22.9205837399
1.40274279378
0.0
8.09337884189
25.5422744582
31.6444476396
50.7815242186
40.164837751
47.3224947787
68.6443243046
27.7753486186
5.47928202151
3.02799652889
0.819348961116
0.0
2.37985754013
6.28393819927
31.8161235451
82.932515189
39.7230389323
5.37000956386
49.6550824279
11.8695394266
32.8034206051
0.0
0.323119841515
0.0
12.3042211533
19.0810226128
50.6932029314
38.648764981
46.9523383747
172.791931003
48.2009158675
200.744975422
66.3978581623
9.93669462204
39.6901356876
14.9803118762
14.6481208205
9.36398948729
52.1448970735
103.226607103
94.4538278868
99.3924125544
51.5843198263
45.0536997019
31.7607371918
2.20976802707
24.8895763234
52.8348077126
9.70303201675
51.7661563531
75.6386490427
69.9877202273
26.5004034312
29.7240018881
39.5350655393
15.0828349851
204.597527402
6.63075643872
39.4147928506
0.458336815238
7.23409385606
111.724542618
69.237943841
54.8100364865
29.658159636
44.4922252642
48.3252477218
89.7898977622
40.6172575056
43.4581547453
13.932560144
0.0
35.6037427894
5.53123521852
115.34778511
40.5633424879
123.124152705
121.307222195
41.9865376855
43.251659671
63.1982656606
2.84803356974
0.0
2.19052159041
6.17038277909
33.4152901769
38.5495375246
112.029535605
75.6144415085
76.0399454534
27.9984107748
153.363512479
68.4730409654
20.909262294
61.6719127894
0.0
15.5455544964
68.3735149512
40.6510233096
76.2360070646
49.4386624061
54.3632926718
37.3996409978
151.785977745
66.9407021832
184.386389874
0.784376710654
113.922256507
24.8643826078
24.8446492147
77.3337262272
116.976969872
38.6992759445
102.611290572
44.4605279602
41.7137872651
182.95161272
40.4564879983
5.24412714132
0.986950546502
9.85233585163
78.8198686838
74.4279004522
127.005904511
26.3903406578
73.0906644166
65.4973174742
46.7292551827
43.3649314754
36.4215264163
0.331193603575
10.6367517114
71.70112098
192.508010879
52.78242141
109.154471529
54.5651173721
39.952426957
86.3135792083
91.2057710364
37.3637849093
1.18403998017
0.0
0.108218606562
0.032776493579
135.147549972
109.868905636
74.9987457991
56.6564430794
51.4277027249
30.2123711546
84.8345784209
68.5482555293
6.61740200222
13.1477386616
3.8362766616
1.2710737288
5.14500148594
39.9330517632
61.2229671814
14.8713545
90.8348306513
59.1337665269
30.2925193013
37.9324343206
4.07608317955
6.51198720931
10.9628624618
4.2901956439
42.5200384409
81.6115601621
26.9450124967
59.5924117807
65.7709859758
74.5915971101
20.4261922762
13.456086237
20.4488085061
3.54198624194
5.52008004672
11.32632038
32.7967704898
4.34069713577
86.0117708446
167.283327819
128.228251699
45.6612771972
9.98422718794
0
0
