0
0
0.0
15.3029154874
8.90612579136
61.6567786932
82.5487929917
11.8499321994
106.449876152
49.4878366514
25.0978227072
19.1685616449
0.34373281896
0.0
6.63753792643
23.4185622605
33.8811277226
48.7410056143
50.0051592746
49.9369740374
57.3140308466
28.4690820034
5.98758079111
3.30105669425
1.76674984396
0.0
2.78560191394
3.72164840251
29.1905473956
74.9578895868
39.890849663
7.82043729722
42.9764069477
12.791909337
34.8469934911
0.0
0.302199496889
0.0
16.3732057214
16.3839935325
46.4396475703
28.514189184
44.0039660158
164.603072651
41.7817679477
222.284446668
57.1563013104
4.54617366941
11.3010289595
0.0
10.6956837103
8.79382715374
43.4048038646
100.069278276
90.1178897918
86.7245453458
52.4314694256
36.4722057358
38.6982103586
3.19962197542
23.2214571778
5.60175852478
2.10095483065
57.744701665
75.9747251942
71.073813348
28.7710562981
31.285112556
33.2384907156
11.8500888683
164.571910094
9.8129318375
36.4238797277
0.357769774272
9.09543546662
114.523514807
66.4845791124
59.0610050707
35.403505831
46.9968344047
36.9181846445
94.044387024
47.9842193239
36.2304998338
12.9650931358
0.0521119181066
35.4959756978
2.41733445972
134.742210718
42.550154299
117.221201844
127.677817851
41.9352458026
39.919753069
63.124388963
39.466568431
0.0
2.26359627396
5.26437973044
28.9670415362
34.1094411425
104.375750591
77.9079749426
75.8975805518
27.1892967139
151.544296221
71.1570315761
22.5192211568
64.0503109954
0.0
13.284350683
85.7922128923
40.3071513734
77.6842354015
69.9371631648
55.7558435239
35.3932877225
159.319009957
68.6904469114
171.619741559
0.97576224804
99.5156895742
21.1729686409
20.783460483
82.8529854706
112.957428977
35.9491393044
88.2621184308
53.661905514
52.1915718912
185.721381623
58.4686565549
12.7152200835
0.760469913482
14.3672363358
67.1304315319
69.5193488225
116.874228492
23.5796459271
69.6922049671
59.858638309
42.7390798162
37.8381635472
15.3990745805
8.15693897009
10.6911472678
44.425050605
203.472222073
51.9195636996
106.427245404
54.4103838509
37.8564419719
83.9824615241
83.0791730597
39.3999955951
1.34466862679
0.847652435302
5.40374821051
0.489547044038
127.281119675
110.484484294
66.7393641583
68.9701276236
51.0231815726
29.7864058978
78.6978257374
62.563621033
9.4712908566
6.93532347679
4.88340919464
1.5515999794
0.535071283579
35.9809597022
57.2875909675
17.3508070591
92.9523818604
63.9136883765
43.4420566409
34.4514813422
0.937056139111
7.75993546843
15.3183421791
3.56724464894
48.0136363507
89.0162794814
32.7806375194
70.7530159726
76.833918348
78.6077870206
15.9252722338
12.9598414404
25.0049018338
6.18498842419
12.0522036664
10.1615379509
32.5253080548
5.39397141338
79.7351792827
219.320956347
118.591380257
39.7046268694
10.6409568619
286.969999999
1059.32
53.49
1.52
0
0
0
0
0
0
0
0
0
0
