0
0
0.0
0.224463231862
14.9296345934
32.1473564654
44.3864362877
25.0941291629
16.6545380512
43.2184966375
23.8361877054
3.1894904729
0.0379398744554
0.0
7.33333739453
27.7013420462
33.5802409673
45.8960341214
119.726408548
17.6428679656
24.1132152826
9.43170247973
8.96998828836
3.30840995909
0.0
0.0
0.0836313106121
4.38515983522
15.32561557
74.7949082544
54.438072078
5.477330748
2.65019033477
7.26373387082
76.5852650105
40.9301578402
1.41149853542
0.0
2.49461379648
3.38697030768
33.1447166623
13.9565163853
101.639793954
118.615991939
31.127222322
73.7518471834
24.6422693431
27.4393797778
0.305794179439
0.960497346706
3.79529247154
0.0492227752692
11.4811970405
50.7395974471
79.803845778
57.4229799638
68.5641795024
25.0260930845
7.9240829274
4.65677765942
1.14516815403
2.13669014722
9.46214023234
9.55505099148
37.572809279
17.8013758245
58.495514201
18.8338011336
13.8031416088
15.1456329566
202.3683432
32.5266656465
30.849367015
0.0
6.6907092221
7.68772726133
29.665269306
30.4946421739
12.8391960994
39.9156342744
14.2610149942
80.0171020032
36.2803328688
17.975984931
9.29927195237
0.0
14.9894989422
2.60185899586
63.418389774
22.827190957
28.6624223599
36.5087099076
32.1229179986
16.7859677263
27.380696453
0.744064461439
12.1434717625
1.24992329953
15.1979669854
6.59536378831
9.18197518586
68.7690120823
72.7168798932
57.2335943179
13.662760444
50.2740795958
75.1741030421
15.3914732896
9.33866033702
1.91712386906
40.654923943
73.0884310109
8.40286211762
75.7132280208
34.0861932746
57.3738570466
37.0532764625
31.6253819614
44.1488380786
215.496553346
19.2740783617
132.443415044
42.0003525931
12.2809024081
46.7534698723
66.6641293634
69.9942557412
121.361716971
35.5659003518
40.3430886938
240.262342054
49.2582179568
54.67103877
8.29291136563
124.211841093
11.8566860408
31.8085586316
35.0885649583
28.937865492
42.8731158302
33.2881166897
7.93273196741
33.9200931034
20.1175057646
12.8170434572
40.4706719947
47.3871889171
42.7042961196
41.3830530682
84.9231771533
37.2538029108
64.1308402027
41.8296617846
56.2972784489
78.1287465914
2.24578383565
4.43896878696
38.1743085982
20.5919047594
108.234800588
63.2078497577
41.221526112
50.7404892593
56.8555062934
17.4460306652
36.5251041334
14.1913149822
3.82633688674
14.6905474663
8.57627424504
10.498050414
1.43470917642
47.5315834656
63.3795382529
15.3391562919
59.9419407415
30.3528494798
1.33050180227
16.7535173893
1.91841175407
13.048989594
14.0420555547
2.82974693923
45.1033745035
40.6674560609
6.69656009227
54.9504904243
30.9322909714
25.8048363012
22.545463264
7.51765955239
41.2976844012
5.48284153639
0.881983662955
5.01627740263
38.4758445024
6.49523607641
61.2576602698
120.968995884
68.4370023161
8.83608144521
3.09040236845
0
0
