0
0
0.0
0.125758983195
0.621633031871
1.28802069355
1.78612294339
0.637596416054
0.533074712381
1.15130883968
1.00153618678
0.280067856191
0.0
0.0218642838299
0.0973426341079
0.752300376073
1.37144071516
1.96106475405
4.03706647689
0.863391038729
1.09344572667
0.258548394777
0.304290850181
0.10098413378
0.0
0.0
0.0149246938527
0.0971492379904
0.547153054737
2.76424619101
2.51387296559
0.259794565849
0.0623447077814
0.389872164291
3.5395294968
0.865918327123
0.0480636039283
0.0
0.025771101471
0.0780895490316
1.07843841426
0.98932047066
3.5395380421
4.80118125957
1.60213594756
3.48028573859
1.8757764122
0.459822580684
0.0679331792053
0.0
0.358397936681
0.00087076460477
0.80231043254
2.04890641663
4.38756060088
2.79560808046
3.24190830602
1.07581063686
9.97328351671
0.0744802807458
0.352488091914
2.71078509139
1.14994047955
0.976596556604
1.7291193956
1.00794742256
2.69795483485
0.735380647588
1.02096537407
0.949147287523
8.32985031605
0.825679261936
1.15028916299
0.0
0.297264567111
0.214862124063
0.668364647776
1.12475321023
0.291579067707
1.62655804679
0.511799363419
3.47995615541
0.900194509886
0.138688156381
0.274082357297
0.0345386900008
0.734218086989
0.136684972793
2.50436134299
1.28136304597
1.38420158997
1.65820864635
1.04773776699
0.681769287563
1.07810182031
0.124276661314
0.458166918252
0.120403419249
0.126880669966
0.392003120854
0.320969073102
2.80228974298
4.05161336658
2.32230760198
1.28315434395
2.59184093634
3.10748108034
0.647301717661
0.482452876866
0.02128441073
1.13959045871
1.28796560271
0.414134244784
2.92942542769
1.50730690337
2.40340206237
1.6063737534
2.03801457444
1.68419840047
6.83827950247
0.0330963879824
6.82107993425
1.10494561214
0.550413237885
2.9814740601
2.75879468583
2.53160796204
5.68271949841
1.11474811658
1.71952313045
8.40311812423
1.70303341537
1.07547153789
0.177477363963
3.64085143618
0.0758707728237
1.26450291381
1.39687025268
1.05109038507
1.88427746482
1.79270111257
0.590501756174
1.20204385696
0.353186117369
0.637473891373
0.419480732526
1.63084310677
1.92025628843
1.46738944435
3.22594482172
1.50179553137
2.7354505721
1.61483684252
1.96162952902
2.5935031618
0.127978621516
0.13243872748
0.404969588504
0.259544976056
2.48149491477
2.59347931913
1.79812947614
2.0709569836
2.17629645276
0.752406737418
1.56877290015
0.993625209201
0.209312954219
0.3771570432
0.132751793135
0.226061612368
0.0361857712269
2.08562782733
2.95450929739
1.42589814577
2.71419925056
1.4481451828
0.299033299088
1.83641973138
0.0377949613612
0.387873761356
0.555578682572
0.0
1.21375026554
2.25920482166
0.667390767485
2.43321547005
2.11575477989
1.57272174908
0.266775201075
0.211932062171
0.487548142672
0.185774471611
1.08115069498
0.111309841275
1.61206700827
0.397312177345
1.64271991653
4.29435319698
3.77673106408
0.701024020091
0.167192864232
0
0
