0
0
0.0
0.650434694719
0.414774449775
2.23486506008
3.71101090196
0.450449306518
4.17678674124
2.10790023347
0.893011089414
0.82838036865
0.0143366247648
0.0
0.235057931393
0.752162219258
1.19934947492
1.72512142546
2.65435557783
1.73360351939
2.08577115554
1.13176083565
0.252765447367
0.313761077821
0.0695455446839
0.256214171648
0.11517855525
0.167650368996
1.20557414135
3.40230856463
1.61971456418
0.35077518411
1.51709594484
0.475787456846
1.56238341751
0.0
0.0215865786886
0.0
0.733867373317
0.657961749414
1.50838739611
1.0289988991
1.81662257807
6.89157970902
1.60720685637
10.2090679831
2.82481663767
0.347519442439
0.521946416236
0.00207765563391
0.18533976248
0.406113805191
1.61606232077
3.77389763365
3.83220923727
3.69025609526
2.04749925801
1.45248268638
1.75666165352
0.0269054491073
1.29682222614
0.428374940529
0.536980021745
2.29281262681
3.00642709481
2.96455971844
1.27683622728
1.29865572043
1.19602209283
0.457957487088
7.14256955893
0.207694727462
1.23586036917
0.0243449080735
0.324609081261
4.79110158235
2.6204479466
2.35454513738
1.62579851568
1.84312281059
1.57114075345
3.97548070201
1.89374370314
0.748166657053
0.755514804274
0.0
1.35853174457
0.112755369686
5.46681212541
1.89280669123
4.53478675359
4.91197100095
2.03160882462
1.68061768054
2.17135816999
0.841084223008
0.0
0.0912717329338
0.191594521224
1.12750187889
1.30624378519
4.02806378261
3.1448664316
3.14095670811
1.07275151153
6.08653020312
2.77678041568
0.744263358414
1.19311009021
0.0
0.433586109895
3.0408094381
1.72560626548
3.48489189474
3.22704973433
2.48062456725
1.27821158461
6.50553434715
3.08593009366
8.47134060226
0.0317977853119
4.98921354022
0.59559455514
0.859600169701
3.46248820564
4.27084165765
1.26526163425
3.58245589212
2.04563861038
2.26816537697
9.43799770239
2.54079298233
0.850116140209
0.0259955916554
0.948451112257
2.86367124692
2.47051476082
4.6459230138
0.956736446184
2.6334215519
2.42137928726
2.01335158013
1.84112305939
0.551913324976
0.279449921567
0.410728908144
1.89509710367
6.89717209502
2.13856917992
4.28555135801
2.24216847925
1.56487905042
3.24698752281
3.15131015074
1.40053334646
0.0556990187615
0.0428674272262
0.533315069042
0.0303536001593
6.42516439594
4.60919431198
3.180873584
2.07679296273
2.134724773
1.14189912728
3.15514632082
2.50545659149
0.346661554649
0.320894390345
0.325773742981
0.0
0.0802392289042
1.60269971037
2.38766882382
0.531144623994
3.83419540088
2.19798637554
2.30643353052
1.32377955317
0.0251826625317
0.398137651384
1.20955459774
0.29414595291
2.0296375528
4.10302373953
1.33701095497
2.91133580822
3.32569845393
3.13549128128
0.62865854241
0.425174233038
1.0095824264
0.167598770931
1.00269031851
0.470112239011
1.14093025518
0.246854837984
3.25237644586
8.53738230746
4.67999436706
1.24918898055
0.575524544809
0
0
