0
0
0.0
0.740434426349
0.474024586962
1.70526881609
4.04557949118
0.800197476521
3.72107870877
2.12150427653
1.06966294162
0.760674888268
0.0144442899618
0.0472160503268
0.309281244874
0.86805768311
1.29842778097
1.72844196297
2.7737792707
1.36271935422
1.80132272199
1.21423799824
0.248755437788
0.3082150314
0.0618553429376
0.0
0.107424125075
0.110827913973
1.16642897483
3.11259117629
1.64013096131
0.412675829139
1.24337084591
0.513570795301
1.52117428067
1.87952375412
0.0193231161684
0.0
0.725428275822
0.533122894354
1.5006899694
0.903433960048
1.73113647633
6.51268817112
1.61077341303
10.9681599749
3.17265606485
0.354515254498
0.013327232562
0.00125381385442
0.217231648276
0.408607687801
1.62356538232
3.10582894331
3.64074355754
3.51137635636
2.22710714303
1.37944449391
1.27042318135
0.0383315011859
1.75258280616
0.405036730459
0.451415628195
2.35574125685
2.92905627564
3.01937701216
1.50314827031
1.26537287235
1.32062689611
0.682265023235
7.43274059368
0.354817010462
1.90815054253
0.0405399240553
0.169455202296
5.18461836036
2.81774962321
2.41449578642
1.99198953708
1.7387985253
1.09494497476
4.04435052688
1.72903669812
0.692027478712
0.768230146728
0.0111586693674
1.48050739663
0.110949931433
4.96786006796
1.79869604926
4.47896466899
4.1334776273
1.98480253993
1.73406174849
2.13437856687
0.0543800641317
0.00564567185938
0.0133312558755
0.171550803934
0.928632467578
1.2405027058
3.72122444783
2.80627573899
3.0656864905
1.04934928915
5.90642078908
2.4991577781
0.659808700904
0.998775519431
0.00118470366579
0.34431349556
4.1453559724
1.42521222308
3.55600860878
3.51850684767
2.72382397007
1.29873326392
6.07966224593
3.50270852703
9.30908411602
0.0609941985458
2.9551173849
0.562694306485
1.00478771457
3.53637048788
4.37261416682
1.52027023025
3.45124338986
2.17825081595
2.08500954183
8.97372930165
2.03197282972
0.897717896849
0.0279983393848
0.492077533389
3.57022802532
2.37701190659
4.84180463199
0.906925550662
2.80450923834
2.31580607616
2.15088549443
1.79207141884
0.46112234937
0.40530820773
0.310805955902
1.43343324144
7.19738695351
2.17762379721
4.39206718048
2.74358182168
2.24102892948
3.04466633196
3.37676967913
1.52596111782
0.00628056412097
0.057270650228
0.574505667901
0.0597961656749
6.86140723433
4.45292860252
2.92304097395
2.56702725147
2.26888332516
1.0149425501
3.03915607324
2.13031427423
0.0599901902024
0.251978009939
0.48518127203
0.0
0.140949428082
1.38752051702
2.07753233813
0.614577243105
3.94900418919
2.43155106634
2.5395526588
1.03937160969
0.181724838447
0.725156158209
1.49208840728
0.44565417245
1.42797459662
4.72269810364
1.29793217266
2.86247999407
3.30673992634
2.97091717273
0.427231431939
0.362951702089
2.31204267964
0.363722488284
1.93467462808
1.20967631415
1.28844150668
0.49414820224
2.31781641039
7.59840094112
4.35939420015
1.34379221103
0.582388054579
0
0
