0
0
0.0
3.53207530082
13.5308646932
30.6474352483
47.5399343167
18.2899288125
13.9403176652
30.2686490938
28.365120247
6.75080045498
0.0
0.11511689052
5.2355644405
21.6669880673
30.8689438104
49.5497653037
94.8683847562
20.108536927
25.1033783107
9.17652941868
8.17806901037
3.58673295379
0.331478878855
0.0
3.59010683746
1.85607982753
13.4469117969
87.1193413195
56.392112106
6.07306631282
1.10619037785
10.9387497562
76.5013938994
0.789222031831
0.559862852098
0.0
4.52157135307
2.50953901978
24.7203275822
22.5288801198
57.185654027
118.278863407
38.2065860638
82.1787971194
45.2614687812
16.6351895928
1.63069009781
0.898559063674
9.9820478903
0.0214989879168
20.6796550825
64.4863158725
113.131812075
68.5290554837
81.6773191598
28.8558798619
12.6498639146
2.50082997233
3.13843514537
58.7862693965
27.5070786775
16.2626646012
41.9707113394
25.9606216884
76.381416955
16.7019433603
30.4628084599
20.0739857443
201.803877488
16.7543425988
37.1042078734
0.0
7.1755263023
8.74422459305
22.5018390706
19.7451698184
10.2935927454
38.1364136338
12.9356523603
91.3467644546
19.3380341269
3.63874071838
5.82119436934
1.98349249363
19.4735444477
5.0587821342
59.4758599476
29.4095383817
37.5560302286
54.4064753904
28.4343202786
20.0382314231
16.0096649118
3.64083229378
10.496435442
1.0557978116
2.02100890875
11.0602996051
8.73612880334
76.1352635818
94.4561945534
68.259988781
48.5246039741
62.5190285928
66.4048533384
12.1762530618
12.161329519
0.50468762219
15.8043156238
39.6154170641
13.8451167913
69.9735244253
32.971160471
53.4548928067
34.4550294578
54.88657215
39.5416931071
173.651281111
0.826505988835
132.258883216
22.8956292579
14.2774065491
84.3847009241
74.7970870212
60.282264635
133.877470471
28.4144466576
52.6744743773
174.467323168
18.2469820306
59.4760028086
4.24928390981
16.7556811385
1.89367647842
32.0592358495
37.3185943589
26.9464228457
46.2023585513
38.3043455669
26.9416978956
33.1896591895
11.2184425117
15.8857734092
15.3566680569
41.6996417921
62.399535684
28.955697041
79.7908752468
43.3612643844
61.228898705
36.0611030698
49.838573238
60.1506113726
1.39201216679
2.55378550104
19.0965220258
3.24981889128
54.7766398459
88.5052906462
53.0139102554
46.4329181983
49.1785279512
18.8464658959
37.313786041
31.1264686939
3.40631912369
12.1645381451
2.10078475066
6.73626615108
1.70314961672
49.7303353082
69.8068615291
27.0522632729
70.4634197458
45.1983839796
15.3258132041
37.7186897993
1.02930542082
