0
0
1.21609988809
20.6340189222
10.3851108961
56.8697306513
83.232443232
15.2685626652
98.8774361071
53.4133186116
15.3912196699
22.1556715742
1.33305230923
0.0
7.14106217678
28.062366575
30.3440482915
56.9390153988
32.3561665378
55.2290689778
65.2884410395
23.6558570517
9.29651972652
5.86712144875
0.450866997242
0.0
2.54120099544
8.27822828292
36.4012461276
75.6699412478
43.053213425
5.0843654573
54.8723691674
15.6074433764
44.6295453358
10.4938087463
0.224664598703
0.0
9.88587874174
14.0229616016
50.2292524985
39.3113970514
50.7471505939
182.160248386
49.2981908311
161.365231231
63.7991741897
31.0977500304
39.6501606926
14.343263492
10.5296668522
6.0821340233
55.4050912858
108.660429711
91.8640450985
116.158167953
48.8174830824
48.0411125616
37.794232769
1.1304205656
7.56645058282
11.6637885477
9.67677998542
54.0258525499
81.5864328146
64.6328042316
26.345648652
30.477396816
36.342417732
19.5356312636
216.036141335
9.92552735376
33.3400234385
0.440406778826
7.40340464004
99.0992538706
72.8129549758
56.673564557
28.5785530032
48.5268269162
53.1905233534
91.2760121184
36.7164651007
23.3149340283
13.8638807237
0.0
45.2407000022
5.4898961275
117.249998253
39.0940663428
125.149496893
131.653904892
45.5834034103
42.185738381
56.8183876277
14.6509593967
0.0
2.66184389592
10.2982344003
35.8124150186
40.0441299034
112.743804891
74.1080279318
77.7824341747
27.1505025547
151.326289706
103.743599564
24.7118737176
69.9189757258
0.0
12.2851726497
107.214829464
46.7143043316
78.241869715
57.6604135428
61.9065721872
39.0760666207
151.236787967
59.3095489706
200.080637639
3.79443821311
92.1900285194
25.807234805
25.5632942878
77.0766845285
119.267103215
34.198053293
82.5267868274
46.4055536203
41.2039549356
170.146249384
62.1790882944
7.26087099686
1.22896152735
7.71146123484
85.9640691876
85.1983183399
125.706417091
27.4064841662
64.8360736538
70.5187474565
49.749505777
39.4436379689
35.0316020585
5.75111121218
12.9435524046
36.6790559738
189.2982793
59.4219247418
113.533568552
49.0834336058
44.4674248303
88.0391969606
99.0029795208
38.9225166058
1.06843793392
0.0
0.070299161598
0.0
122.161619704
114.210746437
69.6380267647
54.2362257912
51.6966061704
32.8414103714
85.2303783036
63.4359538704
10.7930942327
9.33640037477
3.53060281277
1.16489169002
12.3073550463
38.4483738989
68.132357262
14.8788310178
100.520300696
62.1745038578
14.998570025
35.9237342477
7.16909739374
8.69056606294
1.16072355956
2.10254734755
51.8412836194
80.7477685399
22.1454712562
71.9753311649
65.4051929712
71.7524179426
20.4238660187
7.29883897306
11.8681435436
2.21869734675
2.38277882338
9.017478168
31.1701553323
6.79533158988
80.1986008956
153.554496188
143.932296278
42.7232754751
9.80930385367
119.19
34.8100000001
0
0
0
0
0
0
0
0
0
0
0
0
