0
0
0.0
0.331796051178
0.647655171924
1.54092141031
2.07544759032
0.970628861221
1.07478584908
1.06462481618
1.6221666811
0.351118667109
0.2137773633
0.0
0.0420102691278
0.703858092427
1.197816642
2.67156469123
5.33314090711
0.722297499888
1.18980379775
0.736933325883
0.225200249813
0.16517775692
0.028618324548
0.0
0.161848951131
0.070732387132
0.419984782115
3.94061997719
1.98016795958
0.340056450572
0.177921327762
0.469785564288
2.62863052171
0.24344329536
0.0402083647205
0.0
0.0514287035912
0.176983613521
1.16079820076
0.932837600529
1.82766020927
4.9717974253
1.66793052907
3.29188604187
2.03411219735
0.246514966828
0.0643877536058
0.0
0.902688245347
0.00197105435655
0.874347680714
3.21540183388
4.43924312829
3.1660735262
2.45194425713
0.868636046071
4.36529620294
0.143146561226
0.192604135489
0.379005517811
0.174801915884
0.566115941852
1.72775640339
1.51017936645
3.22889695014
0.63898377982
1.20506465575
0.574432229158
7.44577983744
0.613981528208
0.898488980718
0.0
0.305806052871
0.629492683336
2.41910891532
0.893169789808
0.760721663362
1.79102009069
0.530072440859
3.16696027433
0.887028505327
0.252537456108
0.198518365854
0.0349801816046
0.933056679729
0.38872388436
2.97366374731
1.02424296597
1.56881415145
1.63915075513
1.08421795256
0.852947372943
0.881545064505
0.185654666042
0.102691373788
0.0
0.084491754882
0.391965274699
0.404526681639
3.93281028257
4.14942529262
2.67232675711
2.76304298919
2.67372112162
3.26123998384
0.23443123477
0.583927364089
0.0356868198141
0.499515367905
1.69741963502
0.568129733554
2.99399208836
1.45528438932
3.35378232488
1.71045113727
3.1493497435
1.82555726729
6.1181313321
0.024592006579
4.01907536271
0.532827081275
0.438764655264
3.39896829333
2.82485962566
2.54343791213
5.59796627588
1.78488587751
1.37231195066
7.19096596865
0.855387066957
1.56510794279
0.248905353248
0.930719885975
0.329280432314
1.25304422132
2.31641843915
1.10013181012
2.56078294013
1.72432092438
0.955218866467
1.54480023822
0.354976193048
0.736659919843
0.977179964888
2.2912288676
3.35266162362
1.2758265119
3.24454231851
1.67387821653
2.60681483243
1.7032713159
2.78033347812
2.36024687812
0.17334538349
0.0
0.610786944628
0.749086720869
3.41074428259
4.39254134614
2.00151418522
2.00905213051
2.4390742383
0.517440847238
1.94737770129
1.84807881806
0.269134949864
0.623406517087
0.239786417107
0.181470826089
0.0300869997591
1.98186233966
3.42467121873
1.12885743962
3.18891656888
1.78469651681
1.60578683764
1.8327690959
0.0192120366264
0.614275369793
0.660182051361
0.159218817949
1.52410970628
2.04801745689
0.790807024401
2.27910864609
1.79467444867
1.20996001153
0.268137713429
0.250659719226
0.142754695378
0.0601796098053
0.707046987605
0.0
1.64498898014
0.346108533558
1.40022312046
4.28630893258
3.64619401097
0.94234731514
0.264649630524
0
0
