0
0
0.0
19.9733968685
9.35290691395
31.0909932638
98.602725763
19.922396603
91.3621564255
48.8545335782
21.5263440907
9.34057241678
0.1033910634
2.10623198748
5.10862025431
19.9897832573
28.5750979409
45.7195225061
79.3001462258
29.7542443313
43.0482099317
25.3333636675
0.9463939704
7.03383171559
1.40371583356
0.0
0.0
2.21883099899
23.4050082564
68.5844408088
42.689293745
11.157129027
17.2443996035
11.0683372803
34.4831840693
0.0
0.190123108216
0.0
10.5163651505
10.7643984268
34.7183897719
18.8925735913
25.6548405206
138.431156974
38.5440287479
109.045422552
81.8263808974
7.45448058845
0.169684678316
0.0137946093455
6.91842707993
3.37744903565
48.2858610624
65.0878946688
93.132494081
82.595425974
64.6914754558
28.755296303
27.5606026946
2.37700742483
2.23822998069
9.86989732459
0.0
46.3860931992
69.8935289131
70.0421519839
43.2389291861
23.5279674791
41.9007119537
9.95236785895
161.238458818
11.7950980598
40.5069171487
1.65518599749
4.1371037364
96.9459865541
77.6036830546
43.120530054
57.1010857682
35.1459316872
25.4763826356
91.499570489
35.8007531762
11.6819711253
17.6188037898
0.366824671627
30.3628525493
7.26289859042
123.403992408
41.0657025828
87.670536289
99.8836042817
40.8727629845
43.7978278342
54.0933662988
1.41179524921
0.0
1.63137169182
0.193354859948
15.7958933967
26.2923385351
84.0025597507
64.982615185
78.4916360784
28.176453324
120.499106986
66.6199906301
8.18462736905
9.53552395106
0.191384755075
24.4033304333
98.0358342017
31.4981353618
82.215470899
90.9016642877
83.711013995
31.8734611776
125.575712202
64.1401748434
135.791474227
1.7301594615
74.815482907
11.9750764891
23.9904233515
88.5424276795
82.6430319696
45.4961439595
106.871941824
53.4958964678
39.4545246698
198.447513873
71.212396603
23.0935937874
0.511610582472
10.625315743
69.5832830071
49.4379174727
112.38771788
25.9667546434
79.1064602695
56.8566751135
44.6580250003
42.8388598188
11.6525952425
8.7066275999
5.79207378533
38.7142455905
157.823562342
50.8798297049
100.726102034
59.3780110459
61.3980364781
65.6743069366
82.0510316604
54.8090040833
0.141154009849
0.117206894327
13.8684046045
0.0
142.624997802
122.498336703
52.4180637562
73.449073758
62.8879330774
22.336080797
69.7517489009
40.866752196
2.8991624862
3.55392405576
2.34434855729
0.0
0.0
45.2649035594
46.4969893937
26.9280802337
88.5314085377
56.0771129429
56.6115451008
12.3530656099
45.6395455488
