0
0
0.0
13.2749739624
17.2717580348
31.0021142894
78.7844397874
17.8601657795
69.8495301605
51.2613429631
25.6557849684
6.36741859094
0.034335100092
2.69145586342
6.61759832316
20.7782233357
37.9769805372
53.0289596021
135.013938859
24.7433404214
35.4437532797
13.5027518012
2.97771335765
3.54112985731
1.81575429439
0.0
3.43405759334
0.195372518152
20.1557196379
91.9098165929
39.3784187995
5.94037408567
13.4668286531
11.4481047615
24.160649646
2.39412975311
0.2757091932
0.0
5.18915985665
3.97839627787
27.3140948201
15.6348587964
40.0852550981
139.162020324
26.7386748847
89.4389272258
36.5202120581
3.35788643359
2.10307665914
0.178465501405
16.6107738535
0.0
29.5428167177
64.9981421534
117.859886731
78.1703206022
60.4160859547
15.905477576
19.7651511133
1.32324805856
11.3729604632
11.4380338937
0.0
19.7146808831
46.6390059293
54.8658263796
59.5770064853
16.0397437513
37.9539678878
11.2882060669
196.095875164
16.6448230036
36.4672014713
1.28720325418
1.10516759008
49.3817987592
84.1199898691
42.2417583643
54.8299070494
41.7721399572
20.125744041
64.5058139114
30.8654173762
16.396304816
13.666823918
0.0689388010651
25.6005680916
7.92805329384
94.6826379122
37.835489329
64.3334136139
74.5275084636
37.1303883401
32.480681425
35.9158102759
7.24585026876
0.037712920457
0.0196569096297
0.986121062189
6.47945941099
23.1901390068
92.3405037965
87.0576670258
65.5650502145
60.3246774002
104.298261926
106.37668684
12.0856628772
3.81026468239
0.0
31.0794132062
36.4178925288
25.5858553034
68.4096913039
68.7476855059
73.0436703655
41.4715572763
94.9301770459
49.398350101
110.346882323
5.34632250667
103.543390967
4.05811499431
16.1450167894
73.3237531632
56.1754943021
55.306260517
113.687988658
53.0791209996
39.6610138714
170.881442852
58.2088344878
6.23262769171
0.490629404784
12.2931595682
23.1013610959
35.8278228175
102.183464723
28.2689032853
80.463489443
51.3489742409
30.3676912711
27.1305354742
10.3753416818
9.5991175063
7.37620086036
17.8263985883
73.8426605304
36.9011833147
89.6882364862
57.4825081886
74.0746302233
54.6519775092
78.2737571618
46.9694345446
4.27144917379
3.15679687075
16.6358311772
0.11442232551
103.893463134
117.690791382
59.0916893297
68.1678016848
54.6239629034
19.5869627371
45.8791792094
51.3542173951
2.15266178269
0.294403396548
5.09137777985
0.0149751752615
14.1307185888
35.7024545856
53.7764488534
18.2313722558
87.5142695038
53.566813901
30.2931531072
7.6129913628
1.29311967641
