0
0
0.0
10.1965221846
17.6609464735
23.7166736294
63.1856888383
20.2512494288
43.8855417967
40.0447030217
29.4073146881
8.12975246551
0.0418570619076
0.0
2.35861007497
14.773845233
30.9772904366
59.8707947954
392.142994889
24.5139147005
29.3695001006
15.1524791457
5.44643398001
3.53400617837
2.19628022611
0.0
6.3818116039
1.79550204333
15.2239968181
95.127950538
30.1378416521
7.99515404551
7.33378333692
6.37610095181
38.7920041793
11.8543900251
0.28922118293
0.0
0.933488692157
5.79144433793
24.2928805054
16.849900201
40.8785760384
134.31317322
35.3806234841
78.1076549124
33.5856799745
17.4180848859
2.18367563747
0.141351308674
13.5698697902
0.0247296513989
23.1469890252
65.5749750082
115.893818999
64.0563831926
52.7595267934
24.4137632846
24.7730672323
4.51527506858
4.44090994634
8.57427053153
2.61101192237
13.377888456
55.4829711242
42.0769921951
76.5049528106
16.0497555882
34.2616660538
20.7006163224
158.921607703
14.6407023012
20.0337481946
4.43946745992
6.22632048278
27.620144695
76.2719024042
29.372140625
31.7591807088
37.5306763966
23.7102238163
77.9363785498
24.6852657461
11.8829184752
9.84770612978
0.136594148353
35.5845600218
8.50979298446
73.4511819408
29.2495455941
40.2520828788
50.0578931467
31.1192984897
24.9064585325
39.0894200429
5.12524992228
1.09769712389
0.924303417094
2.90605460107
10.9602497667
16.7039225427
94.315988928
108.639688756
70.4036118281
97.9176347405
84.7696429231
78.727226147
8.91704081743
9.92952076346
1.64741600677
15.1354188078
72.9908816311
20.24044673
70.6948851259
61.871972166
86.5379751082
49.1704832633
91.0105015598
38.8529803428
131.136126839
36.18009156
184.754956115
10.0311218463
12.8690366149
76.3257986604
65.3893086725
45.8064984782
134.151553005
42.6052666829
33.7996745976
202.484447781
18.1078612804
25.1420634538
2.87553609163
19.9850756228
18.5640204549
31.0314524508
62.6990225762
22.9492410156
81.4740104378
42.3922246546
24.0827165767
24.9780947249
6.61384906992
11.3544758186
24.0224089567
46.9595313593
90.0613560622
31.072031267
82.1717922679
43.5789246262
73.4050284494
49.3446295838
80.1860707301
45.2105724514
12.7015272304
6.94633020648
9.14163173921
1.67552556843
72.6589905204
123.0887012
56.384328425
64.1461118544
54.6502899528
14.2381479442
44.351133965
42.6838389002
8.89904816822
6.39386433362
11.4973127469
4.3141489327
3.66677999496
43.8328307856
73.252824617
14.5833861628
86.3822821762
43.2777509093
32.550492078
21.8214604854
0.936624635942
11.3458714485
12.9591161013
6.36810207367
55.7966220082
44.5673222299
21.4528771788
66.7732170895
40.8697805107
41.5625842363
4.69465899468
9.44509594514
9.73731900192
1.05235871673
53.9976271308
0.0
34.40483547
8.66823139786
37.0331076086
161.537790474
80.4756731875
27.7323061824
6.14597569406
0
0
