0
0
0.0
2.47381567956
14.7899375595
36.3752248188
45.8692544299
18.2842640737
18.1856279299
30.0776798242
15.5840099417
5.1568413265
0.0
0.440142408014
7.41840481013
25.6883737742
34.0902737304
47.7545302212
113.129847933
15.9524971638
28.1703029909
8.7723131664
7.49101580122
3.03320574761
0.100908469409
0.0
0.0
1.84314005077
15.7862173095
66.5206032931
61.6617473066
4.99048570543
2.03814035095
10.8600406847
95.3909421713
18.43253088
0.788162958809
0.0
0.0466329054907
2.58063321187
29.6647848151
18.5737439962
108.774211337
108.680920679
32.8247422642
82.7339725234
42.1383793037
9.82358899714
1.20343869924
0.674115926028
4.50958864858
0.0193110429682
13.7630683165
50.6350358035
84.4033689132
61.400001702
79.4201927035
24.7121718898
245.851175141
1.33633405343
5.45991257484
1.87894669175
25.8911220878
13.679278356
39.2925724982
23.6428275704
61.9644761892
19.5920306286
19.4943056032
23.5385518782
197.673145342
27.754825523
20.7601604238
0.0
8.12639123016
5.07916124537
16.5244963733
28.210273655
6.02180502377
35.0380088388
14.6251481418
68.9740404804
42.0846293102
1.37216040864
8.433365196
0.0
15.526660678
3.57555014827
60.5177884992
25.201110613
29.0470721964
34.9818221201
28.6860043054
18.1645246782
25.7786842939
2.05114482343
11.0163816065
1.16692925244
2.40491750837
8.97191342712
6.88462632895
75.227383649
79.4756166106
57.675868962
31.7035679462
57.0789576509
74.3626928218
17.5509091839
9.48654350638
1.20621474087
34.0352861364
49.708820477
8.40867218748
68.3213591539
36.2945948448
66.3355906159
36.6032213083
48.6652044319
42.9480213113
190.246652305
1.27109894156
127.098987825
31.0482183653
13.189930737
61.7229955591
65.3868728383
63.3654992412
135.995768767
27.9719815068
39.4752662369
214.961952679
45.7225739882
18.5811589099
12.0110866874
79.435152121
1.36370259896
22.6574466191
34.0613917037
31.417740779
51.8728421777
43.1896169856
14.9024043325
27.9688315037
12.0794145072
15.691252308
18.407627821
36.6228247946
40.1473735682
38.512892263
83.6414697245
38.90652369
72.0022785002
35.2980502322
46.5408009646
86.3818798195
2.65978311562
3.50279207714
11.5746150836
7.27908468247
86.4747015826
68.1694144214
46.3371433094
57.0206405484
57.9987256788
20.6790065188
32.6636602039
14.8610769678
4.52491347492
9.35595037044
5.33967305069
2.28960571345
2.77129992842
43.9903833456
78.6212920994
31.1676434633
64.4812680446
28.6173225938
4.11570096017
19.3831751346
0.833003103732
13.8775476739
14.7643969953
0.267032302915
38.189306058
49.5978117739
13.2776553668
55.80706002
41.7189134582
31.7441700696
19.6035900414
5.72954749224
15.5978942178
7.38046310842
1.19792111591
4.54799343646
40.1005836725
7.03118958324
51.931927979
134.205021769
94.0548530314
15.0278008394
2.86491817608
9.49000000001
18.88
5.32000000001
1.14
0
0
0
0
0
0
0
0
0
0
