0.0
0.0
0.0
1.59123191982
13.001785174
51.2140065276
71.7308504954
18.083912272
24.6440303251
15.1535458602
31.2659155056
3.5422128439
0.46848346945
0.0
1.0995763801
27.8760142253
49.6395498142
47.6359312968
257.339586854
22.7281225682
20.4885151712
8.66578147932
8.65686504542
1.69248224795
0.0
0.0
4.35522294046
7.23323504626
11.8172811493
26.1145688057
64.5821867594
17.1709625535
27.562377613
9.78723376618
85.3372615613
25.674920082
0.24372032471
0.185221239924
0.234675130807
2.92278241831
32.6530479324
12.1830898365
109.435831295
94.1567505821
22.4984410666
91.1429011301
26.1191614195
24.8451824448
3.7107188478
0.165444334969
9.30338597206
0.392493143678
8.29232759542
33.8321675621
75.3145877347
55.8032492966
23.2144696824
43.5348353124
27.5289529637
24.3424530252
13.2744707577
73.8197820782
15.3139963299
23.2773640794
21.6918075308
33.5087819556
78.3694073064
19.4521447979
17.1442739312
12.6509129293
187.192742821
23.7388749774
6.01286034566
0.0
1.8536577858
12.8959652558
23.0165563524
18.1848883778
37.2055006027
25.4721053393
12.9825986288
81.1468953341
17.1875289604
15.7564379051
3.22863523476
0.0579663533717
18.650941073
5.6190172853
64.0709398985
15.7511872728
24.8747891988
27.3319040873
18.046353668
27.3020098788
14.2424314097
7.3121238649
14.6020164415
84.154760845
5.5633988455
21.3429865614
13.3472845182
53.7928679287
51.5131309116
113.707147373
25.3685890418
48.6011930556
38.2425414598
9.10446294396
4.55126461387
1.55355782434
17.565795993
18.7221864075
9.42773978412
74.4115397693
33.9734657978
65.94960135
35.2901088847
36.7302646666
45.8939368102
336.997616597
9.08160710335
53.5116016622
32.9445050201
3.37153572588
32.3111688216
53.9709065818
58.90246962
97.5740264208
47.6829301632
18.7221889347
286.507926643
27.305021178
27.3252072818
0.0517151132225
121.441947491
18.8554772269
42.1303684116
40.8610205222
36.6043623314
37.8488691598
29.2219573078
18.6928261612
31.9674711228
26.4941035397
8.13915744425
6.14707050751
20.884045735
58.3694096134
48.1580139398
44.3822598019
37.4987814389
103.194309847
35.076262163
33.5165601074
59.8417060152
7.97906827927
6.24915862082
20.7911472917
4.52625558526
46.0959912055
48.0399168329
47.4811784998
71.9032023065
50.961068675
7.27194794453
19.4265339933
16.7136952747
6.04057541304
4.5191702731
9.82165292278
3.79261242017
0.996601492166
40.3057777375
56.5912733006
18.8355439184
65.4230459808
27.6351724639
9.34682115912
24.8776110058
1.35456890613
4.36283081398
26.7160747646
0.0878727603703
17.1890069246
43.9333689586
13.6825304031
57.540715931
23.9536399394
64.2646268662
3.24411025644
1.13053848781
12.5072215721
1.05749728158
3.24686980248
1.30033233482
34.3086584285
6.33138748258
28.0760668963
98.6867567002
62.3569553923
4.19922906161
2.22270370647
79.5799999999
667.330000001
3.94999999999
2.35
0
0
0
0
0
0
0
0
0
0
