0
0
0.0
2.60291006417
16.1152644251
60.5471749668
75.2328444365
15.6917766631
22.9756781682
15.3657572474
25.2607683912
4.93296956364
0.541289032438
8.05515646934
5.01517747342
32.4776277523
35.9484056532
40.4932477147
222.702925265
18.0421501002
26.1068424302
7.62525740638
3.93038295955
5.04313185811
0.0884673921391
0.0
5.44402849675
1.18143910915
9.04375585356
18.81044902
46.480716697
12.9067129847
29.8606504212
12.5269267447
78.0952017233
0.0
1.01865824126
0.0
3.7068699533
3.79465350509
38.5776507631
15.4889608836
84.0571340081
83.9860871806
29.9677452127
85.1595065729
34.6642907002
20.0120030567
6.76209855079
0.229076888412
2.30358110648
0.185084156692
6.5163850207
41.7048930893
52.822367345
52.1338969586
17.4912662711
46.7977777718
141.944406498
39.8411170793
7.02144947647
101.697212577
17.9247279167
28.489469167
34.3023266453
25.607903257
73.1568095069
12.8386409897
16.5139504541
5.83393296785
165.379985768
36.4141844362
2.12287639081
0.0
1.20519837085
15.9110331573
22.9993239376
23.9177919757
31.6339411999
22.7882561982
7.02825260906
45.9822610282
13.9935531914
7.65311458334
5.90830173343
2.89419999718
12.3351611718
6.2750665471
66.9040138666
14.9382465798
22.2502564383
25.7029522174
14.7085161209
18.9679547762
11.2567305341
4.76836223155
15.9660959914
1.57883198652
2.30142444279
16.4254112542
16.9118440691
63.6033333242
48.9195216307
99.0603146357
21.5012040697
46.0768595338
55.8559819339
14.7414399013
5.53020659834
0.215587176383
13.0763939582
9.52287095832
9.18207065575
69.2087600827
34.2547372207
59.254945091
37.3209755179
28.8462841642
53.8046977222
377.587605535
10.3226569891
76.164561337
19.5194846615
1.74163457751
36.4561026022
59.8041771221
42.7721182135
108.537601147
37.0233777948
20.8286626842
267.581903842
73.3232096582
32.0700952699
22.0081882831
12.6046706303
3.15077699906
39.6537142397
48.8386828992
41.5785544217
38.7452595792
25.005777251
20.0498967525
30.0902900174
27.7345670443
8.97048090398
7.85768863186
30.5870788637
53.7345770532
41.4926842056
45.5762777645
38.8029176532
110.807532616
42.0050682156
33.165192414
71.6481782645
20.0376741383
3.72453904152
0.979928702117
5.4651336372
53.892759577
31.1225647778
41.1465285122
69.124192603
64.1134568494
10.5548306499
16.3755318839
10.4882554002
5.0901454501
5.75975292922
8.90025928058
5.3279736042
0.0
50.1386701414
62.8652180359
22.1423227144
58.4810256931
35.3819913046
17.5525336638
12.3709546924
3.24529213272
8.92604282498
12.2130467892
0.719236247242
17.2321321294
36.3789964075
21.6626513824
43.4295362808
21.1626955178
60.4983745963
2.88050776721
4.60675392487
11.4562400356
2.06496640295
1.55704307696
0.021740315482
25.2818437814
7.31420056522
28.9850224704
88.198651962
60.0625116528
10.4056364
8.06306145341
0
0
