0
0
0.0
4.56013786421
16.0071504861
68.8910046202
70.6079167574
14.6218736842
22.5605104119
13.7939004712
19.8388585411
6.8658537576
0.537715603598
9.12327647208
4.58729732594
33.7785221078
42.5814380945
42.1756585865
243.67711535
23.1772129568
23.1312245429
9.32520275563
4.29819428177
1.81787835807
0.0
0.0
3.62935245036
1.16194935143
11.2094194181
21.2566000996
52.5082593682
15.5012276173
25.0069734826
11.1294018086
81.5551616998
0.0
0.439686773345
0.0
1.23957342748
3.45317463298
34.7013619579
12.502449499
88.5294497273
94.632883776
25.5248573105
92.4794984282
22.5650330074
28.41775842
3.85929851978
0.208237795159
2.34887650888
0.0114221822005
10.1867874898
45.0317361528
60.9708374021
51.5841717823
19.8148847222
43.3550467529
407.847199246
36.6638167882
9.40449819713
53.5551440119
10.2221016884
19.0825466069
29.3249176238
33.9984070882
80.0900309393
15.1475993972
16.7178012896
4.33228650223
171.269981914
38.8295204042
3.3702133717
0.0
3.10852301494
8.64501172678
26.1339350323
20.8711927347
30.3401517794
21.9378380701
10.3435765095
74.365316933
18.3754915707
28.5809556228
5.52491191774
0.0770057234914
18.7453505974
9.13914196193
56.9985995964
17.1906658932
22.4084431948
28.7635280304
17.0176781528
21.0385264093
10.4486386478
7.94182833283
11.4857554128
75.6554621738
2.798771739
19.0398014188
13.3406070052
65.0699611596
49.4239257547
111.292542656
31.0557521191
52.7503369152
45.5809285445
9.97713690809
3.37146770954
2.6360217221
7.45339152216
10.3534109965
9.24816606938
69.4309919626
31.3681068547
58.3321328647
36.0888564326
31.3732447476
41.278214693
386.133333809
10.3217092752
88.5966914446
27.3216417878
0.693020890932
37.1916279271
58.5481566406
54.6653743553
115.397105064
37.941522522
21.0028015785
274.708539684
45.6974744573
59.267348461
4.46344205551
84.9655120186
6.01369488425
40.9910398834
46.2415416437
42.4397563375
34.9865308999
27.5957069587
18.4481601273
34.1506398394
33.3442756087
11.0202494077
10.1539996415
18.1931317784
51.8427567919
42.0526031227
41.8419510629
36.4407619788
100.689790042
38.9443685095
33.2389769554
60.6308005303
17.4155842792
6.7578907013
7.87917619944
5.69206000865
44.0989138373
46.3984286227
42.1484642978
69.930786755
54.0550817369
9.84887507558
15.4784214869
11.3277273774
8.1923390273
3.03680055588
10.2072033584
0.850262403487
0.0
44.3842735123
57.9530475139
32.1513164062
64.1385266148
27.6343155876
12.9665885568
11.7749911845
2.09530421533
4.53202320636
11.3800302297
0.393724981694
17.7400010973
39.2378217168
21.846300222
45.8110184782
24.7797550745
60.8988550678
1.83569473028
3.93025910854
8.76201809942
1.42049930245
1.47849964164
0.0466080643236
27.1766988226
6.34202481062
29.4715314727
89.4765004814
55.5516005717
9.10338057204
4.5491966419
0
0
