0.0
0.0
0.487794801593
3.25144549459
14.5776096317
61.5422550919
74.0994531511
17.5611407608
21.7983806524
15.9956081975
17.7820153311
5.85654157865
0.602665571496
7.95173835754
1.68198146671
28.4652167222
35.7923416793
38.1172420308
209.004326641
14.2486554463
29.8352862288
7.41976436599
5.04640692473
4.18212457001
0.63550029695
0.0
8.71044588089
1.07118737698
4.76718801074
19.8193867458
40.8699658318
7.85525218025
28.9312724825
12.3492430151
67.1153108777
0.0
1.42976675928
0.0
6.79856543429
4.4443125073
47.036189393
21.3280389011
80.8412080771
87.9123628848
30.5388120403
83.3905224725
33.7255894392
12.6054055542
6.60684084893
0.128279037774
3.77892710455
0.425113096834
8.85298487172
39.5261830157
45.4395954694
49.9605542213
14.650382325
46.7157003936
127.650591776
19.7627980057
6.04222927987
93.1788514853
30.2822427749
27.9143418408
32.0172221102
22.9829077721
80.0038188715
11.2716973024
20.3480698317
16.2098095994
169.502480708
44.7790769712
1.05714450963
0.0269345948472
2.698365903
17.4838510081
21.5582937514
22.0603037076
27.7615621481
21.4440163672
8.70607247762
43.2468507158
13.7987409756
18.3253063336
20.6476207059
0.0632490869611
9.97461562603
4.52135279774
64.3745361026
11.775598269
24.018238795
18.9062584117
15.8518157378
19.5317554269
12.8566990122
4.59315816221
19.9783168975
1.55492424499
6.2922530137
18.3673292399
14.8278481015
65.9721690389
41.5884680311
77.5625777962
21.555782022
41.7720781714
51.6008025343
9.58190146555
5.34210732578
0.0
31.783489956
11.8351168907
8.47543641552
69.1483556851
34.6014305446
61.212695736
32.8233883771
26.645527169
45.1134264842
393.704294119
7.83475220203
70.3124744297
13.4606328942
3.68566739558
25.8671355341
62.4611665243
34.661250595
102.719656088
37.4542402318
32.7901867606
242.640216607
64.0844998061
30.2246779344
14.9968504356
20.8989414708
3.20532641374
40.13266653
50.7315839789
38.3419304314
34.0081446134
25.5239107366
20.3582899729
34.055189699
17.56316166
7.02826229856
41.6461056322
16.9569737166
57.1281108408
49.5667809221
42.8676341604
35.0688172637
102.694256119
40.6992628222
32.1663562507
58.284825571
16.7694636583
3.96259582042
12.930860281
9.55308106541
55.3760788925
28.3925437889
45.1265629606
70.1517155959
57.6513603665
15.8636136465
19.1032271404
6.45955553278
11.1424611378
2.00255609862
11.5190968914
28.3619552851
2.54616250286
53.3952447682
74.98410666
26.9515512566
76.211867094
29.5818706378
16.0985316709
8.26743746549
3.39242173546
