0.0
0.0
0.0
2.47746245563
8.33634259366
48.8498343984
62.5463774995
21.2434006012
13.4037389159
21.8074417636
42.644929938
3.79669361561
0.250400260092
4.45503705739
5.42348568142
33.9813792631
36.2166069746
49.8764428049
134.032459997
21.0211639144
21.0660383636
7.17053175252
8.34384700656
2.13799385726
0.550766900182
0.0
0.0
6.96957939864
15.1556877941
54.0531971573
61.512775775
7.85668424518
7.57137814164
11.5598596958
82.0037877113
26.0676984787
0.0599357709288
12.9631590843
3.77990162374
10.6657702513
36.2387471851
24.027010511
117.012148737
107.713033972
28.6655376898
79.2456959076
14.428930236
33.1338095069
0.370738685131
0.948897572234
7.74326005205
3.22130738664
8.74501655995
40.9584001097
84.7857634531
75.0147307366
39.2373643778
19.3036777563
178.084723899
4.78730919958
11.2274736017
2.83855462075
20.1657753289
18.8416983783
30.1279577316
22.47502774
64.7011864354
27.1626899186
16.9225210939
25.5427698708
145.662181539
33.9532497079
29.6235362698
0.0
12.5721565112
24.3019569778
33.1119531468
23.5058862604
21.9526590183
22.2778531015
18.3800660782
66.677763666
14.8834348842
14.417434819
14.7216651142
0.0
18.0922703021
13.4314600825
67.5143283158
35.7507681967
37.3751625046
40.8001063541
33.853641607
16.8739580987
35.6146651022
4.03626385332
19.8583103763
14.1314538661
22.4951899052
16.0560386628
12.3277687551
54.8266202537
59.5741589657
75.9309790358
17.2532632537
48.8858397211
82.3651330769
10.7695258968
8.31304429471
1.09959313273
446.015188368
64.2587343046
8.5227670488
67.2422700785
33.7012064717
66.654071201
32.1827087402
38.795044086
46.2544170319
220.74708619
28.9340250492
85.3115189486
59.9738637283
15.7164121158
39.9809560385
71.1955634645
59.8492923974
122.073977452
38.498034373
27.1025669239
274.380031462
36.8501427547
110.036120826
41.6524658203
189.560395706
52.1966083841
52.5071560051
40.976607245
29.2356868553
42.0126121826
30.2378670238
12.5067234244
44.0567765237
51.2352462708
11.2545234002
3.03495179304
87.0621296671
87.8772971482
45.3419601247
65.4714917815
39.1348355105
93.5134564675
33.6737031842
44.7143976912
98.1969180108
0.0646138004959
0.0
69.9395347238
45.8771016598
170.250089675
70.5377626418
27.5878593754
71.9987284987
48.2584581972
9.47255682014
33.9807680155
10.0367825869
18.8664460648
5.43903467059
13.5281658322
26.498724997
10.0241670012
40.4257041067
49.0954748914
41.5698245885
52.3680797628
30.640534021
2.74985037
36.5863525718
10.6231513023
17.1503377855
30.489191249
6.77639072388
50.1329895482
53.8551443854
5.17416131124
54.8941926454
25.1123888791
26.0262196752
30.673070088
6.75699275359
45.3123298512
1.19037258625
4.6021856675
27.1114413142
44.4904187321
6.6010538377
61.1506498308
103.39078179
78.9989148974
5.53046652674
7.44104517996
252.139999999
748.789999999
47.73
2.22
0
0
0
0
0
0
0
0
0
0
