0
0
0.0
0.0747374349739
0.169968373259
3.50591625331
3.77616709797
0.570954688359
0.200952073559
1.30449916515
0.593431723304
0.145104382071
0.0455437621567
0.380135343876
0.00185905303806
0.608934528427
0.573123472976
1.3169368495
4.4995107674
0.495297973626
1.27507991716
0.620917957276
0.127434030175
0.434975413606
0.00210225977935
0.119941823184
0.276428669691
0.0190585911041
0.260450392962
0.508713204355
0.936970431358
0.194397360086
0.336396148428
0.926510832505
0.795001645107
0.697041481733
0.0150771895424
0.254195868969
0.500435091555
0.581895472948
1.47014037287
0.617084136
1.22060526692
3.23358500935
1.29593594407
3.0126101455
0.964006893802
1.41441669874
0.100283073029
0.00241101253778
0.343672973686
0.103404674679
0.177387903444
2.37154668703
1.88135650009
1.97614644474
0.914899791591
0.651990084443
12.1564476783
1.8153172622
3.65781368315
1.36105922889
2.10163468122
0.607852474262
1.63770909293
0.870661932509
2.89550985571
0.617170329439
0.433329320047
0.373671573121
7.59792478429
1.49141205288
0.664894759888
0.00300146569498
0.330018843524
1.45398009801
0.463692877558
1.31479118165
0.700400758418
1.04344569449
0.116092489101
1.06074843323
0.6760393437
1.76376614277
1.21185164806
0.136889979243
0.510549468454
0.920755462372
2.20588971674
0.73632479459
1.56951212487
1.12178141525
0.607987712021
0.789533984382
1.71289905044
1.40547956573
0.99405328749
1.11545649776
0.77222498972
0.967727246694
0.987351374701
1.62878676329
1.293505401
2.02283786144
0.284667499596
1.09622081532
1.49055778515
1.14385866188
0.338607894722
0.0624557668343
9.51664291602
1.43727750867
0.104856160004
2.1148274946
1.83764477912
1.56466715247
2.16004715604
1.29665546422
1.1876865481
16.974774844
0.312344310805
6.22947550286
1.20070151938
0.648202912882
1.07077182311
1.93207764492
1.22950488608
2.2594771327
1.5511151012
1.82759626675
6.2158275824
2.14002305898
1.70152012655
1.52737188339
5.15430813504
2.70394297782
1.54968821234
0.640932952228
2.64268488344
1.07654643897
0.923201293917
0.279832446482
0.98403281928
1.72833496239
0.681690111756
2.17006415874
6.03978668689
4.35895969393
1.35683083162
1.36465345067
1.08304184186
2.0183017425
1.22374792083
0.806914324872
1.71146182436
0.858744474128
0.107686076546
0.886748652789
0.782500555972
4.72211898211
1.29694881639
0.805676856777
1.28482977906
1.296022519
0.467548214132
0.791109587066
1.45192806516
0.978055908345
0.0157205555588
0.332941734639
0.435028872802
0.0658983066678
0.820499572437
3.63172390591
0.784285207279
2.69560814986
1.61639745277
0.71946759522
1.97691824101
0.598028284032
0.688908902463
0.564930294175
0.260518329218
1.036138881
1.00278809667
0.967563430255
1.58902515331
1.20657934342
0.667404040694
1.69261514116
0.590619961731
1.89130689949
0.55962587893
0.0887170545757
0.0714591958094
0.88251675386
0.310616344213
1.41545610898
2.99376372015
2.93647242151
0.354734256864
0.343127771281
0
0
