0
0
0.773842781782
1.62704756856
15.1651530764
70.2320933088
79.1744192316
15.3524856367
20.3011756931
24.5169167743
15.6999517344
6.49396219476
0.61518647801
0.0
0.988593846559
23.1852359706
24.2433600425
37.6771140228
194.781247348
16.5316610187
32.8845078238
7.1204880341
9.27181420102
3.791962713
0.0
0.0
7.25870490074
0.472720205784
3.63975562714
20.4192769714
26.3133918614
5.33032468334
33.943180086
8.00893137977
63.5524934326
1.56738030911
3.38006840273
0.384010121227
5.84301721862
7.28838366922
49.715598911
23.5091790087
72.3531505438
90.4748175242
34.825781255
77.413639225
32.5052896757
27.1223029754
0.0
0.116994459182
2.69866828154
0.406495437026
7.05322347487
46.2115940158
52.568520695
45.9355725953
14.3878502883
41.0068700854
133.143228147
15.3699682374
6.90229894594
98.1858260035
35.8275289536
26.9928571546
30.4886906594
15.5627146214
85.1169439795
18.582271236
20.8506077528
5.61571079494
195.018492099
44.7469683979
6.74330448545
0.0
7.06082488596
8.50672942399
12.8659974653
23.6817324925
25.9793363801
27.6487974626
6.88610807621
50.4057835882
6.33884806932
8.10041796415
8.0755361449
0.037781146355
12.4405022208
4.48378756642
67.588477403
12.6471812432
28.2416313132
22.5138209872
17.3393675443
12.870524738
20.4538567644
8.03199110738
18.9900791659
1.04727631901
11.3497049734
22.1058477648
14.7565494056
70.4997658039
38.5049293908
65.5948073734
18.1683610529
34.4686185792
52.7390927765
8.95660094172
1.20236993954
0.520721152426
33.3581857709
10.3756276555
9.45951466262
64.0705032516
34.8172228361
66.704686265
30.917683471
24.1040493139
47.2155729979
445.807608816
8.14299935102
56.6706681737
14.0686514452
3.16816035658
25.0214479315
65.5422426202
34.113622483
92.7520135241
37.1484428338
25.4456035802
252.772370114
74.454075912
36.8463601469
18.0476031303
26.2046130449
3.66233957558
40.8817549519
37.8601444234
38.8948436059
32.8868492971
27.4011034202
23.2274087425
37.3902108372
14.7216452099
13.0717536919
30.8312299848
29.8248423902
57.0873975485
43.7743206638
44.6274914592
33.694676286
100.441228313
40.3896473218
34.9917198233
53.3809036687
12.0571522918
4.13425683974
7.73949176074
12.4090692401
79.2266918729
23.7925279364
50.928777516
57.0478324774
58.9874102328
23.0434346013
15.9407136217
10.6852748506
13.6973520666
1.84473691508
13.6591609754
47.6709016822
16.8185735692
58.9262111731
76.703406198
14.3825567877
57.1115000714
28.5993880872
15.9512171298
5.5399260521
4.86866899207
