0
0
0.0
0.03626941517
0.210567558184
2.82372138742
5.31578550255
0.255961762974
0.220129341818
0.973741795868
1.39636732452
0.169441268314
0.197072841926
0.0
0.00665137870237
0.244306468521
0.300561369397
0.932562779984
2.85011194611
0.53412335366
1.22121688537
0.523252593353
0.22712074779
0.394878897816
0.00271669588983
0.0
0.240143898875
0.0183166284114
0.0
0.632225938432
1.00690688961
0.0518286209553
0.275435649557
0.812611968431
0.626111187041
0.454608269036
0.120231552515
0.474144245498
0.124301941018
0.626898054732
0.766727273818
0.869177105254
1.09563717432
2.0594774452
0.799617675133
3.19151654001
0.84864969179
1.8499830002
0.0
0.00286951917224
0.345743311103
0.111299609998
0.0682835190091
1.98084755277
1.35183224524
1.3656671599
1.20174543792
0.628930428764
1.15886771469
1.96376515785
3.47781435004
0.0578259648755
1.42224856094
0.328718622914
2.03071299987
1.09288082668
2.87863920757
0.746165688382
0.413199561881
0.288118826225
6.45569837699
1.09264324303
0.883666998008
0.0
0.124466946349
0.58578950353
0.380699832458
0.721293287817
0.755497382896
0.525253411382
0.107278620824
0.844191730488
0.436441104161
1.26077513746
1.00010795239
2.68921661563
0.707212524489
0.487500105985
2.14926513447
0.561675325967
1.31230878574
0.503200523555
0.691435989924
0.235994920367
1.99623083323
1.39647669485
0.999837776413
0.664371324237
0.711218336597
0.782115147449
0.658721360378
0.944030352402
0.449836467975
1.5272650097
0.290309158619
1.22009757534
0.720961670508
0.93800656544
0.354969825596
0.0062187166186
4.992415783
0.367222534493
0.0820183381438
1.29129895987
1.80037012417
1.65666181594
2.07909576478
0.849657505285
1.24958046828
16.3779222229
0.37525531929
4.41733665392
1.57835655054
0.238308657892
0.844724572788
1.20088980615
0.886725445278
2.18140341621
1.44318076409
1.33917705715
4.86535603157
2.50983852125
1.38145163096
0.873706800747
4.79521665396
2.01169270463
1.40007275203
0.420128788857
1.43545102025
0.979736735579
1.23677019903
0.0897224354558
0.687546875328
0.787405547802
0.751177973347
1.21112639178
4.49180964031
2.67208735202
0.622642969713
1.08562404849
0.933528184367
2.34252873121
1.1336050767
0.844321524724
0.981100727338
0.51414848119
0.0759579911828
0.000418023992097
0.7247258313
3.8045822375
1.7998182592
0.379887649789
0.920920308679
1.35400591791
0.464264259674
0.487247332931
0.986988699529
0.417539404705
0.0554476641119
0.180864864495
0.120910707861
0.169410556555
1.63071950665
1.71979759599
0.48858413531
3.47244102179
1.53840534762
0.516303018667
1.18871650985
0.112306404393
0.150615584105
0.308655697852
0.367014990188
0.372098153457
0.72496027872
0.843221064657
1.17480854178
1.34136453131
0.359923010692
0.623098022304
0.14823929104
0.862313421909
0.318175146356
0.107400725596
0.263587628491
0.591945236549
0.0859066937119
1.41165266815
2.96231905371
2.63747074176
0.317573063076
0.192483730149
0
0
