0.0
0.0
0.0
1.41099697072
10.5053717634
78.177497129
105.759856671
19.5802990766
5.47626811265
34.2241642176
21.9778948277
0.140590072609
0.960652872919
7.52805233002
0.122663822025
14.1046242379
16.6713983333
30.2290955717
144.834432045
15.4075231478
31.7048981489
15.9181865109
3.8285522461
4.98779721559
0.0
0.0
5.57092845439
0.718405715189
7.3552337587
16.0384550183
22.3153210385
3.32677388191
7.48207735085
17.4994281381
13.951536376
27.1069471836
0.871469579638
3.50387258827
12.0895311395
14.6692037377
34.9855803084
17.8090570704
29.9469740074
99.8488060394
32.5666098773
80.0715147034
24.1734230839
30.6538644658
2.9446177818
0.0329985106363
9.22758177761
2.06531966105
5.48871569148
62.2363407262
49.8322084286
44.7107129198
22.4987962916
13.5466498258
286.675249373
32.0414547146
20.4644244611
52.3700252698
38.559813559
22.9407494674
41.9151570602
15.7368160933
67.4166036648
14.9343028525
12.2336719288
3.57900558785
192.518832123
37.4461137838
10.3506714329
0.0
10.4298865367
34.3594818888
13.2239834787
33.8208566938
16.8636617912
26.3919275813
2.53211066498
43.9892262072
30.7606736719
57.620851189
34.8222470731
1.72754682787
16.0494788233
28.7950534913
66.5798593908
18.3319817036
35.0668453183
21.0985533251
16.438670299
17.7869892921
25.5699745697
24.6960021425
19.7423223546
17.4313294664
19.1667804681
32.6905392631
21.8038689941
42.7401904966
28.9422270461
57.238872883
13.611607438
25.2001175825
54.3374315611
22.9655147754
9.56340998412
2.27923630178
141.226345469
31.6974017796
5.95548006334
56.0207426772
43.7504650606
43.6954255937
45.5594705119
40.3039612771
38.6511227935
373.980931531
11.721475929
121.435675353
27.024410382
12.3773851991
22.5412364155
50.8625063604
29.5561530701
52.2523532844
37.983252084
43.2385295256
169.510234471
84.7726319657
67.8855888079
28.4492168426
195.880145419
59.2305806726
36.2940254676
16.9071125546
58.2054536515
27.6275037826
26.875459319
6.86856004783
25.4260345829
76.3628986879
22.088593645
34.0518757404
108.644869572
96.0358471646
33.6347134822
31.7330010497
27.0620906102
55.6857336034
32.6651906474
24.1745925564
50.805556655
16.5130875204
1.48550364934
35.7664543978
42.2503758799
166.349895481
28.1040021367
20.9091007635
32.9515989461
34.6442158745
10.9383165389
20.7321996633
37.5846918449
30.3994960337
2.82365408633
8.23592649401
15.7536799461
1.0559360683
18.6402906936
42.2012779152
17.8835919094
72.4253764226
29.7829380835
21.3808388784
33.5810472072
11.7232366316
