0
0
0.0
0.123689476401
0.47463597043
2.47199141828
3.31983682723
0.94810562022
0.753532201983
0.323480732972
1.51154372003
0.108129765838
0.021553825587
0.157787594944
0.0459014875814
1.438211289
1.59043262154
1.66399091587
8.1967441719
1.20542108838
0.714332824224
0.0846130282152
0.277728160378
0.0906058447435
0.0
0.0
0.0
0.345169190317
0.496533906087
1.28570234531
3.00940250815
0.585905262502
0.671479793731
0.4366860718
3.35702130431
0.383298784494
0.171058234992
0.0121709508821
0.0711125154048
0.334179905709
1.4058612911
1.03210503911
4.66263964144
4.15054875822
1.00261141825
3.7568863912
0.960643561557
1.45203593653
0.0463746427558
0.0109669456724
0.436414775555
0.0690376762941
0.616749481298
2.26833295403
3.20360867481
2.56400599272
1.5027313591
0.900601463742
7.30018877611
0.508282742463
0.503238313366
4.31223884597
0.181449042633
0.697385281324
1.35114273313
1.33865466667
2.7907600957
1.01636613463
0.51977240108
0.509277548641
7.61094005685
1.04961118358
0.391539404285
0.0
0.441194795538
0.796985462075
1.39275012352
1.03164613043
1.34370049729
0.963256698102
0.429282575729
3.64902381413
0.761349996319
1.26271876134
0.413227371173
0.0
0.834884812124
0.304057945497
2.80602936074
0.986195571255
1.1207618019
1.42579402169
1.05422555795
0.772631885484
0.963065983262
0.467092548963
0.79040146945
0.428302289918
0.256591840938
0.588083222043
0.501045279671
2.2283225914
2.38561705413
4.45047840709
0.857002506033
2.15531502734
3.40873770416
0.603860027157
0.366604816634
0.164011990186
2.83973368478
2.58761662967
0.419817034155
2.87345397563
1.09688863653
2.51618016622
1.56130748033
1.68548493367
2.64362686174
11.1434976654
0.388913407922
4.39640759677
2.18466859101
0.676007376984
1.22921475756
2.7557075927
2.19418849703
4.64797663689
1.48804245237
1.92960824724
12.4207449984
1.398352399
1.90681953309
0.161174103618
6.32597713196
1.71517799422
2.04860714165
1.67641024478
1.09734944324
1.84039584873
1.10848590115
0.559679829516
1.51375932945
1.02194063878
0.325263867155
1.52230861899
2.61353067553
2.45012747217
1.81184040243
2.55980234989
1.84839855856
4.41940113239
1.48242219677
1.63817413501
3.18728009146
0.260343436617
0.038120098412
1.6099003572
0.596787676215
6.78870685035
2.69394999463
1.71848330868
2.48972245911
2.20685778139
0.284692276968
0.658598150127
0.401849906426
0.632571783848
0.202437210828
0.418936922681
0.864575094071
0.0790373850614
1.50241406588
2.35626729333
1.45907192188
2.09138059511
1.03075140971
0.272368625971
1.31750760041
0.323998646811
0.296151779592
0.94029423967
0.19219004875
0.839258431457
1.78197088558
1.03482726542
1.96840459853
0.840253919363
1.83867681213
0.527339737862
0.149145752192
1.01556280348
0.0644023108762
0.161461621639
0.550263684243
1.74614889896
0.214484553784
1.49061599304
3.84579283372
2.89930537902
0.371310181916
0.121642566286
0
0
