0.0
0.0
0.0
1.86179528385
20.2752270699
82.848963906
115.724166043
13.6948241657
5.36839860677
37.5662878678
13.6818832755
2.35236899648
0.820569097997
8.20584692806
0.7532607615
12.0454380931
19.8788728863
45.3020157516
156.965717177
23.1398821939
34.8882926256
15.7384236865
9.67948915063
2.00671818852
0.164228640497
14.2768009901
4.83913636207
1.22809566558
5.11841628514
29.109326987
27.9101297474
2.60899719922
15.9580787877
14.5328328665
60.9065975436
23.272251606
0.652927916496
2.12423348799
3.98273863178
16.3923869133
53.7970931064
24.974509915
41.9891081414
115.220158636
31.0659905858
79.6500638556
24.7068447154
35.3345623668
0.0
0.206442385912
9.11492571607
2.41434105859
10.2025376698
53.2638672943
66.2661106805
43.776971051
14.9179686019
12.0883365087
26.5934053325
32.8144411649
15.9118784219
0.999911405146
27.6437657474
18.2616934106
47.6151340642
16.8221353814
66.3338333722
17.734611243
18.5032938877
8.02989877762
189.078919966
33.1074295565
10.1037849784
0.0
13.6187092625
27.8173739933
19.2326267883
21.2279078993
20.0498894281
25.6971685757
4.87562917639
47.9853008465
40.5825391822
48.467385929
43.2523299158
0.0876120496541
34.097336568
32.433401987
76.7690652161
18.7705999073
39.8844556315
16.1078030085
15.5665682293
14.584881539
23.6208731867
12.9405598194
15.900874299
21.7579811588
25.0054633207
34.4747487902
22.1542434585
49.8404596356
27.5749519836
60.419980729
15.1202837974
26.6671725233
68.1723265601
23.7789507676
9.49449906125
0.140363180079
489.01812637
39.2455793861
6.53925535082
70.6858583206
41.8568433648
60.0238272137
40.5935177654
48.5333471597
56.2217420227
443.514990684
10.5634500235
133.179111198
37.8926859499
12.3419101685
32.3305891267
58.3099692631
26.6276623327
78.2803641
41.5026083021
50.8700569421
167.335357145
88.2267896923
34.4978267122
56.2874958516
141.024172462
41.9658845477
43.7426427192
24.744945743
74.7481540236
37.1380839274
26.043491087
9.99171757512
45.376839487
86.3952078336
21.4269201457
38.4148024992
96.517508869
68.2045035828
33.8530810181
33.6583605185
28.2360007152
79.1923064143
30.1934725726
27.8987358828
68.9526176993
21.6741632223
0.187769986689
52.6143411398
39.1498020439
148.077874169
32.9284389317
34.4446077418
34.0714722569
32.3875821038
18.0832156367
27.7894183639
47.4580138586
14.8930604467
1.86730062962
5.37702021002
23.7929906863
3.52392035722
20.0513460289
41.9604508915
21.1579455002
74.3096135006
21.5566150825
34.5467241257
24.121117741
11.3951840121
