0
0
0.0
1.38433829695
7.62274944595
35.5491887928
51.5889472459
22.0370612266
12.5685316622
37.7049231883
22.4775064588
2.83584936708
0.219816192984
0.0
5.85535539686
26.9321435542
31.3601120962
48.1171076597
124.657425234
20.669084575
27.8139819698
6.40063625201
9.40168174356
1.92066255212
0.0
0.0
0.0985822565854
6.71877267211
19.4864371419
67.0852722655
61.9646220022
5.55452856235
3.36200786568
9.59092840366
75.9274107814
16.7934350967
2.63443697244
4.44286000728
4.59293809534
4.90547474474
38.6341361851
19.5099423537
86.2916249083
112.255721033
25.4217671213
75.5007437858
20.3811724708
29.3133784308
3.16352530942
0.1465196684
6.11996369808
1.06227695569
10.2295516357
48.123221431
83.5650954614
58.0549718393
56.0141461752
22.3056388646
15.1867715567
7.80306519941
6.91480167211
59.6234444976
8.85358634592
14.3069175705
30.694166556
20.2396906265
54.8613525442
24.0143864136
14.3496163934
17.5560911628
179.065382844
30.5881350451
20.0436980724
0.0
7.8650642652
14.1159879193
33.9496876826
25.5363100246
17.385966327
36.7227527798
17.1852583811
80.930197835
22.5564399529
7.4975572452
10.1149068028
0.168903484941
20.9566522054
6.24974676221
59.4259065874
29.9291041224
30.5046910615
30.9020188507
32.4949343316
17.4978333693
35.9614566341
3.12116092442
9.22651765867
7.47041865439
22.3560721725
9.60032775252
12.4706663489
67.0942214419
68.8285156879
69.6784366546
16.6327321082
51.8319853116
82.5138236136
16.1223975923
17.342430979
1.37773132324
81.2400709949
58.6523037768
10.4878267231
71.1731995493
40.818188399
63.1636226623
38.3661248201
33.5184777974
41.3320678846
223.831119753
31.5637501404
130.041136969
45.4632468475
11.3463716023
47.1795037337
67.3327475153
74.8032851369
129.034505524
40.8123022466
37.1532049925
252.68623998
22.7576104626
71.0414172782
17.5549643934
174.953796253
26.4349041636
37.6836862342
38.1800373271
30.8333808677
35.2847985103
29.9518278725
11.0128546134
34.9563046423
25.2668608558
19.0867014304
15.429858774
53.8764181639
95.2006336637
39.2708035308
68.4777206042
42.2041010215
88.3527862193
34.8113826401
59.7621125803
101.914776385
1.27897762321
4.66820878721
45.8520707489
36.9673563838
142.319260173
70.3176091332
36.8133081067
47.7073488235
52.4618466552
13.9922847049
41.6954499017
12.5920524141
9.57994535566
11.4477342367
11.3267128458
18.4244618118
13.5952783339
40.5603297638
56.8230015413
72.8705899925
56.8772260788
36.5018229782
0.627448126673
22.5268358812
4.25895899534
