0
0
0.0
0.629705205559
4.89205643534
74.0818045289
115.454350904
7.50666516787
5.12612740694
26.8733474986
13.0123466849
0.229963548481
1.14675805718
0.0
0.15419138968
7.32388812583
6.18395398558
25.1049972643
80.3907463253
12.1762983184
30.8064825386
14.2377857789
8.10742646455
9.94667583703
0.0649941321463
0.0
5.44402849675
0.0
0.924782356248
14.1899951175
22.4412319511
4.55516659097
3.61451571341
19.5920001715
18.1079373993
25.0677250027
1.38221852481
18.7380956356
7.35668927897
16.9429719038
20.2122836262
16.997274125
28.6438983386
52.1475373562
22.336169092
78.8309238943
18.6318275258
54.7342992089
0.0
4.54075282718
9.20469605551
3.066241974
1.90007085353
48.4774226086
37.8669781498
36.6240833597
26.5813089163
20.2717163153
23.755908709
49.6332588842
89.6404071785
1.96117144078
39.7923307596
5.48623886705
42.3459537775
23.1186425665
67.5664010345
18.0297944974
13.408744907
9.09619301743
186.712589418
34.0753730983
25.4629313405
0.0
1.07861530781
17.3856465966
18.2800486162
21.6481949603
13.0844352823
16.7033384331
3.92900057136
18.2805143595
15.8246227875
28.2896285467
39.7593894974
35.2418926656
17.5286120209
16.9146330357
48.7140854561
14.3122541159
34.4335897327
24.2657236754
12.5053933617
8.50260251016
55.8717480451
33.2684276383
24.761582449
14.1220924733
17.9986410895
18.4960328042
19.5678188056
26.3211175428
12.4290496577
38.2946182577
7.56681970507
28.7813917157
34.5424354858
23.2178562479
9.31496004761
0.215424398426
182.870834094
16.4543758021
2.26071012206
34.6094712595
41.1846014858
31.7039700542
60.2335798481
26.157027131
31.295675179
369.61366819
19.4622563124
118.727098296
14.335237416
11.0575745702
18.2937036543
28.8421139914
22.8769458965
57.5496845172
36.2136804276
33.1556566582
122.441666158
63.5572497266
43.7845734247
25.9776220322
115.864747211
67.9503845126
31.8279760927
9.86441455759
36.7761872002
23.6309881434
24.5639601694
2.75911222771
18.1254388802
20.28874062
16.4068070389
39.3731317073
115.362857364
65.995055359
18.0327610821
28.5449658288
20.8815818452
54.6820624788
29.0783164668
28.3907451331
18.2106538508
18.3134729862
1.49784868956
3.42635104106
23.6813189685
94.8035684376
34.823842356
11.4433784634
21.8717797101
33.4321586453
8.76286099478
12.161708666
28.6809735595
14.293056149
0.683850243689
4.61247992143
1.53061044216
3.70829558374
40.402412491
49.5660088956
20.3805848756
64.1498735016
38.6751537098
13.8833338693
31.0017710254
8.5392619595
3.70795907825
5.15885700098
5.57648943365
11.4464611486
21.9031853434
20.8223706633
34.2503911145
28.4817078487
9.19791170954
18.9983085953
6.35482542403
24.5672147198
9.38830891438
2.54774702993
3.21002727281
14.849161461
4.74466160126
25.3618552442
73.2670239619
61.1575298532
7.8697423339
3.63132952898
0
0
