0.0
0.0
0.739648595453
0.912260055542
13.960239172
69.4223483707
81.001748465
14.8718864838
18.6335530411
27.9282898195
10.6305760145
5.27090914082
0.601021662355
0.0
1.17379904911
29.6589446599
27.3808772563
42.4255953132
167.505864261
19.6612817645
28.3842550759
5.35416603461
9.1396840699
2.51542139054
0.182740900666
11.9942500591
3.95929348469
0.980338364839
5.5530243991
22.5914010569
25.6950248815
5.20626149558
30.8977324068
10.5958998352
71.8384274448
25.705403477
1.72854982316
1.29497160762
11.7339321133
13.5770245157
53.2394231782
29.2295039472
57.407763517
103.83452792
41.4168893527
80.4934402517
21.0966503564
28.5375129842
0.0
0.100599322468
1.90043458343
2.64970182626
11.3650881518
51.0020917262
50.9469256829
48.5055107335
15.3484091051
30.8798105568
40.0623612804
4.84909614175
7.84849396349
43.0214393594
31.7651484758
35.094901571
29.1703858003
15.5123606734
78.3009369895
19.7283463776
24.3420819305
7.2228455767
174.203649351
19.6505368073
20.8606707528
0.0
9.9210778512
16.7117711976
16.7799803261
27.2181079373
18.5101385079
29.0488857245
6.34875820577
56.7125219945
21.1141624153
26.5296060182
26.3883535265
0.0
18.1290061399
11.2668500729
67.4811066091
19.1915320242
35.0078931869
22.9060381679
19.2823024728
14.7751786262
19.1599790286
6.87838565558
14.3849597862
36.843956815
16.1831902452
29.1690490949
20.2320706216
64.3967248123
39.0499981865
75.4125446342
16.7931134496
32.7947525717
49.077169463
11.5061307354
4.33338766918
1.19503122568
57.9587142924
20.1877716444
11.0138944108
68.753885717
40.1520902062
69.3541307878
31.1441393942
25.4778475296
46.3328115809
436.219254569
6.95386576654
72.1496683051
13.8067004979
4.12658849359
27.2653854684
70.1786775122
34.338168961
100.963118266
44.2842105842
37.492690187
228.52295351
85.1389318406
44.0860730914
25.0542182923
26.931869153
8.6307373345
43.8293333114
34.5993914009
52.9576067962
36.8051611483
27.6335709953
20.293587992
28.4439334721
32.0120810306
8.28624361754
12.5413515084
47.5739650447
53.7069424466
43.8424280976
42.9840642514
31.0143138254
98.3198061854
40.8183876202
34.6759840697
47.0465377495
10.1559352409
1.40243670344
16.4209777163
20.2542862818
78.2730997838
31.4529152206
49.9934132974
48.1175789028
57.1678456246
25.761971455
24.8247396761
14.6537701115
11.0064486042
3.62675110997
4.19940356304
66.14121522
43.6326940656
37.024639189
71.2005452424
18.1669206643
55.5366483154
26.0582671193
26.4250957222
6.86786842346
7.11962197255
0.803255159407
3.62140631676
6.82873262465
59.9696883782
25.6549019179
25.2110492215
45.3848333023
17.1761400998
45.820359679
20.4510642216
21.55424558
19.2944463417
2.92993472143
2.20346676931
11.1713455841
45.9502120838
4.4318907559
41.7778601758
79.2860232218
58.8070234358
11.0192061067
8.13031177596
16.36
175.43
0.48
2.67
0
0
0
0
0
0
0
0
0
0
