0
0
0.0192837323993
0.0683560976759
0.825742401183
3.18269867403
4.48827375215
0.576351246331
0.343394160271
1.77825542353
0.44319873536
0.132758924505
0.0211798362434
0.34715642035
0.00703579140827
0.951650016359
0.743786092848
1.74501034617
7.18694633804
0.816544021247
1.41066345945
0.662393408362
0.397732350975
0.124329283834
0.00845105783083
0.609276670963
0.164970561862
0.0474512092769
0.176745790988
1.28159198497
1.02230698382
0.113159630913
1.33014872321
0.647975187283
2.69622833701
0.543517626822
0.0111231688061
0.0744561017491
0.271183762001
1.11237928784
2.42907939712
1.30009860685
1.02479949105
4.43127621664
1.37133336894
3.05838833167
1.01089576446
1.54555607587
0.0680862888694
0.00684720906429
0.328210302396
0.393354635686
0.591070550727
2.4717641297
2.74130441633
1.93149785878
0.825293826871
0.722133563831
1.51536417706
0.54463674908
0.634234312922
4.17322296929
1.09853521362
1.32081701001
2.2345701959
0.751462260261
3.29702147219
0.915418026503
1.14782743738
0.546250611544
8.5091640586
1.39812296582
0.353947492316
0.0
0.284106722102
1.3504026744
1.02597071603
0.870297210291
1.00693802594
1.29997710977
0.217903117882
2.30650794134
1.62036817614
0.975380720571
2.20743238158
0.00314985914156
1.36503245821
1.42472782917
3.58501693793
1.00782674516
1.62220300315
0.991664302535
0.89517325256
0.721500562446
0.972150309477
0.792144738603
1.02681413293
1.71970072016
0.87121797353
1.71802982222
1.25568711106
2.46763999108
1.47202914412
2.89955772244
0.871132150292
1.50537090003
2.10210480716
1.0458221992
0.619891277049
0.0356459331233
19.8751120195
1.45561173174
0.533393274061
3.19359871466
1.59192598332
2.66350052948
1.64913331647
1.52532472648
2.30673364829
18.8826096987
0.43086977303
6.59362025233
0.904376606457
0.653076623566
1.57693908317
2.57821411692
1.63952881878
3.52701808512
1.81481375877
2.40982367005
8.65698975464
3.52464861376
1.790105102
2.47005663812
3.58687932324
1.20537000429
1.83112021955
1.13158455119
2.96938065486
1.44050739519
1.24266733602
0.598198406165
1.74069236545
2.82490776014
0.645111564547
0.880833312403
2.98040630243
2.73707950901
1.55552704056
1.51053894428
1.31858924183
3.69592476747
1.47002582543
1.27109224536
2.76723349851
0.465113162994
0.0458333902061
2.09777788818
1.22561748326
4.3961850442
1.46603890968
1.45338466141
1.53714035021
1.47728862724
0.956112488173
1.30382577167
1.35561949154
0.525593725964
0.0599692828255
0.306503007771
3.21694353595
0.554715959816
1.11216626642
2.23053140252
0.778990528721
2.4276867974
0.917405452114
1.3572824467
0.415264103562
0.388829709031
0.405105281272
0.319015610963
0.36921353545
2.37899904093
0.9693134462
0.686621904373
1.42933186283
0.926348865964
0.813512689667
2.31244613975
0.681873674388
1.53431439679
0.15053336462
0.0675054749008
0.356903461739
2.05185481813
0.185026682913
1.18519928772
3.04915843159
2.66833592951
0.451079033315
0.479461819399
0
0
