0
0
0.0293382611126
0.0604930752888
0.907665684819
3.1206173622
4.37520224869
0.589263859903
0.631613351405
1.62532958155
0.865378880873
0.198190198513
0.0217561163008
0.0553870964795
0.0322552388534
1.19429979962
0.871069192886
1.74496048316
7.04596115532
0.772764486028
1.52839810401
0.561749466462
0.487656986807
0.14049310144
0.00648037390783
0.56701888144
0.181467622519
0.0451743900776
0.12992708385
1.473808059
0.989575083659
0.192796577234
1.1721127599
0.734325997997
2.8735335141
0.998012378812
0.0348966047168
0.0459551224485
0.178152596578
0.857897073962
2.43342952104
1.49068945821
1.5618457337
4.07066965534
1.65262460033
3.05762738665
0.962613461306
1.55244316626
0.199412673712
0.00507603026927
0.144584327471
0.430032276548
0.583646648098
2.40931592783
2.39838550414
2.2598425349
0.559620902641
1.15423166193
9.52447336284
0.957701811567
0.765091188718
2.08548715245
0.953455336392
1.20051671192
1.76833707048
0.711334303021
3.28795623162
1.02196419565
1.21386968845
0.410037798341
8.36849392322
1.80438240292
0.830436691642
0.0
0.0539982090704
1.27505465597
0.966488401988
1.21344951261
0.958194575622
1.2519092916
0.303335681558
3.02571898885
1.1984173255
1.58617547434
1.69841584982
0.0
1.14634335623
0.75785390567
3.58137430437
0.982673367544
1.55570890149
1.15723365149
0.886476145592
0.628679277375
0.976979778148
0.652164196828
0.882006417261
1.41079649236
1.19281395804
1.59853249788
1.22646651603
2.72319257713
1.50211678044
3.11011580628
0.840136608342
1.55267365067
1.88874733791
0.67691134382
0.421077743405
0.0504526726436
8.66372480243
1.28233001847
0.545959656127
3.17946459574
1.70694956952
2.8696065289
1.55310052563
1.12206871924
1.98546879389
17.2242263919
0.408781602979
5.93554433994
0.854323605075
0.456531326286
1.50708524493
2.65485793864
1.31948454195
4.25848773285
1.9439390091
2.11702880496
8.41303236131
2.3512315019
1.9807488363
1.72701399028
2.02561957389
0.77178153675
2.28042642213
1.43523163185
2.41718560504
1.57668510918
1.21825589379
0.885251665488
1.46088447049
1.83025684673
0.490426648408
2.09298966546
2.75983873213
2.1585975851
1.98973637162
1.5842139718
1.35788497527
3.59544935951
1.65566459636
1.5639253594
2.23021622747
0.480940324953
0.0524562336504
1.91752396524
1.10983233666
4.18896047166
1.33120531251
1.92340846779
1.48879720509
1.97765809728
0.990604261606
1.0717156413
0.849029753823
0.534742780263
0.120773755829
0.198131169076
5.10878842324
1.15455145671
1.22991730096
2.55836779642
0.648239214409
2.36351357156
0.999740626197
1.27095948718
0.194304121658
0.300829831511
0.218128071399
0.302627224475
0.277814866044
1.9733795058
1.07426940929
0.81440988183
1.48421958787
0.73961305432
1.42966561881
1.82990052551
0.746920420555
1.28112162929
0.134178265929
0.125084321015
0.645393573679
1.8237073007
0.219825323671
1.73613196332
3.09393515158
2.54843933554
0.489072978497
0.382808341179
0
0
