0.0
0.0
0.0
3.86043722928
7.70655346848
35.8853374171
56.2524465979
17.6802630443
13.3164135441
31.2931113
23.8959286362
3.94566388428
0.285804614424
4.35987728834
5.47031492741
32.6987014711
29.0668597519
55.4191952794
122.785273762
18.2417574003
21.0361694712
6.26253191102
8.57430437208
1.79170721769
0.0
0.0
0.0806582160295
6.80428612231
16.2078383602
57.2032265962
57.982277982
5.65664414875
4.23323571682
14.1047959104
81.3514595479
15.735352993
1.6544361189
11.9763407707
6.77843195201
9.63960953335
41.304401502
19.1803389606
92.9782067026
110.250177892
22.419300478
77.888401757
16.0376626924
32.1922239662
0.323917703702
0.145886985585
7.54916862398
1.58474331815
7.48826555909
46.6332656722
94.6406706144
65.3504508062
47.1510144566
24.6462415661
116.587685276
2.74039333128
9.08867293596
60.0594889819
31.7142707705
18.3430810198
27.1729663778
18.3236578926
55.3241404296
26.9559467453
15.7626225874
34.8530907821
177.183455922
38.3869445314
24.3933668285
0.0
7.90023817867
17.6154848412
34.9442730881
23.2389221527
20.1381341368
22.8993957415
15.5074078739
78.996397837
16.4416056722
23.7798905298
7.94086258114
0.0
18.1485590343
10.6876617372
70.3363625184
31.7880535363
32.5668894499
31.7077039238
34.1325932443
14.3334655585
46.3086786792
3.5815522559
21.6308425516
13.1920843413
27.4772108047
18.279066816
14.0570446746
58.9505499518
64.9566054492
59.6686905754
17.5633653402
53.9241858422
81.6589481011
11.896337416
10.1535478905
1.52298724651
89.5545258074
65.1170884241
7.79423942138
65.9309374094
39.939382055
57.7704388169
37.8547726572
34.7951532276
45.6320243551
236.665580526
4.9795228243
111.005834654
64.8540984672
11.4944038019
46.9028221015
71.5475218474
73.7970713227
123.603399418
40.657954663
57.8356233538
276.89749387
20.8228341266
60.6501095294
33.795691073
199.082835674
46.2276037932
46.3617241457
42.2745197592
31.8168479623
36.5529011897
27.3582456485
13.1105279178
39.443083115
34.1249198801
17.2957514226
11.0243546516
69.8362987394
137.337338012
38.6125592551
65.2244149433
38.1394398612
90.0069476868
39.062382317
60.6447903626
92.8591697998
1.08917205781
4.32981812954
63.9413534626
59.8461701273
165.642027721
67.1275779158
31.6848363821
52.6172574722
52.1923580467
12.8353601368
41.2705989797
13.6064182464
11.5343871592
10.0819766969
10.6849663183
32.0878398566
19.0038156062
45.3415776305
45.711392903
45.4520965162
53.7983570863
35.6021702998
1.21919748187
34.0860001891
8.65470953285
19.4788955748
24.1578697265
4.79508571978
47.538260065
52.7028060761
3.29938486219
61.5478961506
32.0805175603
28.8329506294
25.5658684819
9.57561296784
63.0684907325
0.747153393924
3.26227477937
14.0126676299
35.0978912338
4.96707269177
62.5614848923
109.293917388
72.5146928095
4.411304757
3.65424290299
255.42
649.900000001
63.36
2.56999999999
0
0
0
0
0
0
0
0
0
0
