0
0
0.0
0.178833363578
0.334585959092
2.44844270544
3.17156983563
0.700040756725
0.693958658259
0.489118126454
1.65993574634
0.194730848074
0.0212101989891
0.0
0.050039192196
1.39804697852
1.83562723501
1.91637693217
10.6807505749
1.02223612473
0.939334793366
0.109153583064
0.340216297656
0.0682035887148
0.0
0.0
0.164970546961
0.343942577019
0.495864822529
1.21594066336
2.99277381576
0.660574624315
0.912032027962
0.428044238943
3.81963145128
1.59041440487
0.025932706194
0.0105172218755
0.0191250147764
0.115714402869
1.31275283871
0.686624428257
4.94956963114
4.25595669542
0.944585404126
3.91661699722
1.0261283298
1.66096374486
0.201038915664
0.0024711668957
0.425786788401
0.0468236263841
0.603325942764
1.37324002129
3.77161996625
2.60374668252
1.37627961347
1.35018934496
4.26012894232
0.74316895497
0.764321515104
5.04574181885
0.522383927368
0.976344952534
1.0439283739
1.35135565884
2.99145132289
0.929470391246
0.788592798635
1.0345145138
7.10648549144
1.15229607327
0.427385666757
0.0
0.247921684117
0.228574884823
1.29387011193
1.17994247004
1.28087205207
1.16316235578
0.325228829402
3.50145731168
0.872285990743
0.673404964153
0.239713730756
0.00210829079151
0.834335975349
0.172737151384
3.22226897161
0.780301530845
0.984530362766
1.44102709601
1.00565851107
1.12814265583
0.718932463555
0.28886036668
0.683534837503
0.471399496775
0.0829590691719
0.68957452476
0.506095336983
2.34342198679
2.22127778223
4.74471928773
0.857745019952
2.28875615075
3.37281003501
0.451230068807
0.22393239988
0.057031609118
7.94522357138
0.764723185915
0.461190070957
2.72832376463
1.28477366967
2.36459301278
1.46275667707
1.404374826
2.14853622252
11.9277344476
0.413184434175
3.34491702169
1.65832275746
0.433113562874
1.25636892428
2.41737654922
2.3740643207
4.5876821694
1.43953299522
1.80253213248
11.698853761
1.11972815217
1.28711388283
0.027396671474
6.48831762059
1.23453775758
2.15316783451
1.91334470338
1.33330814587
1.5723296369
0.988221978652
0.759472810663
1.22220772039
1.22702366835
0.482369163074
0.275640530512
1.76526870066
2.44615812413
2.00478795869
2.0816583386
1.80136213277
4.07909497037
1.26515912474
1.53783411114
3.02980929287
0.230179440696
0.0929655581713
1.65959338285
0.613405537675
4.52847419679
2.50331473164
2.03406980005
2.96091148583
2.24465802591
0.206962562399
0.608271120116
0.487345081754
0.331093207817
0.246787858428
0.254518276255
0.556364675984
0.138301827013
1.66061429959
2.29369014222
0.941004572844
2.35816012078
1.03175345063
0.315241271863
1.18328002142
0.0905156685039
0.201740669087
0.770672189072
0.0799698554911
0.476542045362
1.74354829546
1.02355998103
2.13039498893
0.951151432469
2.10384626221
0.335148696788
0.154993435252
0.612515579676
0.0432415099349
0.20567625016
0.392363944906
1.5395509135
0.216153269168
1.45593461872
4.04258527607
2.60721790511
0.353404495865
0.272319991142
0
0
