0
0
0.0
1.24892943353
3.29266813862
84.8493814097
110.475056112
13.2779356521
4.96084293722
32.1008640379
12.116612155
3.14585389942
2.68848014251
0.0
0.0955946892499
5.85604019278
8.00183901564
28.8417467815
97.687925443
11.4080254817
29.1073394717
15.1244369857
1.4074417837
7.15662668645
0.071568030864
0.0
4.83913636207
0.227376714349
4.45851427318
13.3601945532
22.8026263788
3.95594769715
7.26172994357
19.2833908237
19.6731002843
26.9503816814
1.92062607408
6.37878031656
14.5140865305
18.7585347612
26.2593231238
13.4773251666
25.7146550081
67.5013097534
25.5694786138
81.7506203837
16.1723514833
57.8512072786
2.16126155108
0.575154762715
9.23000606707
2.47743581933
2.73317405954
50.517719202
42.5163116902
35.2549862141
27.3318522326
19.3195852088
233.295769824
30.994569709
82.1710653696
41.0613147989
41.2488665878
10.5114396927
39.0655176826
21.7741292864
62.7757236622
16.9993128777
10.1270818077
12.1682531442
173.971060243
40.6335855703
17.25428693
0.0
4.74039574339
28.6853837021
20.1149474233
32.5911986064
14.9624142693
20.354730444
4.56903136522
25.4755517318
11.7939203158
26.8489218223
27.4064500183
0.873998612165
9.3621089263
18.131379691
47.0136589632
15.587075606
33.3337648082
25.8625409381
11.9276115596
12.800650768
48.3668050915
21.956702345
22.4737695157
11.8103404306
17.9018713469
17.1197410673
19.9313586652
34.4631850886
29.7966500138
42.7207738054
6.32361418939
27.681164316
34.1714295744
24.3611099628
10.5740417428
0.192641573958
281.885533958
36.0268810764
2.43239292876
43.1337575688
41.2503335354
34.0797876413
51.6698839702
26.8043066225
32.3171074056
368.588533906
7.55078914762
169.509123243
25.6073318808
11.5050789043
24.7105096397
40.6695763826
26.5970031218
57.8739432804
38.8593626395
41.2927379386
168.665871592
73.7318122442
34.053752929
33.3693609238
133.97237842
64.2381460817
33.399738025
9.13496223091
55.805165995
23.5784481559
17.2426075861
3.33826932684
24.0080811605
37.6872465787
14.8165702969
74.5992616565
74.2593353866
95.715959413
23.7998119891
30.6646274774
24.0873965899
51.6200614963
32.4203730197
23.0757695138
26.1332059409
24.0938054491
1.34275373071
4.65111415973
26.7115546111
127.22233316
31.95263559
11.6861575898
29.26566495
33.0895065106
10.5143886153
13.3633879647
29.82876282
17.6881397255
1.28408847749
8.10712014511
0.939062789083
1.24056011438
35.2949046941
57.8688525482
18.5785684451
65.5647192578
31.056953676
23.1991725862
37.7760239839
9.89869298971
10.8592274208
11.8516142434
1.88050407171
13.1114417464
24.7166971006
21.3434557021
35.4938052838
21.3081956171
10.8888982236
28.9253084287
8.48918415607
37.0530465245
9.51003798098
1.19493467454
1.75922448747
18.9738111813
6.14158585668
29.4144851938
74.5363185144
58.8215062133
6.85108852387
4.82806576788
0
0
