0
0
0.0
0.0269781334791
0.556808847003
3.30602287967
4.50808938872
0.708061602782
0.193430280313
1.78934810683
0.981248851866
0.142364866275
0.0284224152565
0.430593162775
0.00715142581612
0.440798860742
0.682652333402
1.43041371554
6.44529257785
0.728052498074
1.33379308134
0.829288627894
0.0576104708016
0.137969434261
0.00765638425946
0.239248628728
0.113714009523
0.0345456870273
0.285302110948
0.666706362856
0.884990688995
0.105733111501
0.395859611395
0.61728586792
1.53152418695
2.08506900072
0.0320529239252
0.0983028179035
0.147844769352
0.691112491069
1.71329500945
0.86943977949
1.19211032754
4.78250442352
1.18379296863
3.28940168687
0.727302313549
1.08116550976
0.136261580512
0.0041261552833
0.294415798038
0.0964701776393
0.365553142503
2.42622866482
2.13377423957
1.65149989084
0.819595867302
0.472822697018
0.771002123132
1.8994918922
0.616875847802
0.0423023663461
1.60431564599
0.71547420969
2.0577224649
0.564196285326
2.80342630512
0.658187067136
0.633277825429
0.222077713581
7.92788644461
1.54919739021
0.340343335411
0.0
0.699973047944
1.05246475921
0.611387372017
1.07057518198
0.545720849477
1.20755536994
0.183986241231
1.60936520249
1.59526339732
2.84181900276
1.48453288851
0.0014679931337
0.883552066516
1.03525609756
2.94477281906
0.735945618711
1.66132416215
0.821956815082
0.675046426011
0.536398601951
1.34331555152
1.06064238795
0.630812123418
0.424335585907
0.83481333917
1.24873751402
0.919256325345
1.90365164075
1.29149833787
2.47543305065
0.725077671697
0.987096809316
1.99375132332
1.1427272741
0.429577234434
0.0622045290656
20.6231681301
0.980406319257
0.257839344442
2.90502751619
1.62374817848
2.03791837336
2.04225478461
1.93856048957
1.80043814331
18.7228514571
0.489198023453
5.00054068072
1.32516431937
0.461716072285
1.1349990819
2.15945382265
1.0238115259
3.16918490734
1.65613453067
2.01535762986
6.85018132674
3.42199305166
2.83471482107
2.18195319176
6.27266637003
2.04610974342
1.67420196813
0.846737419022
3.35899338918
1.49652093276
1.09311874234
0.278352736263
1.37776053429
2.94915495795
0.917352830991
2.61091597378
11.0487664742
3.39170297584
1.52972649026
1.30668171379
1.03960819851
2.77126945159
1.31686119502
1.37775726244
2.59581691097
0.452404566342
0.0241122338921
1.88257671555
2.00226254226
6.08436216228
1.26716081053
1.07430527778
1.46771553345
1.29297608207
0.557111570612
0.892381094163
1.94011535868
1.11178927647
0.136789832264
0.373567894101
0.47067819722
0.0262942886911
0.876747715636
1.78678249707
0.904783003498
3.12886544771
1.12548060203
1.27409112919
1.26928424276
0.609234763309
0.934100408107
0.220724113286
0.395731182303
1.93082125299
0.762260365067
0.997491702437
1.4246614927
0.98436992988
0.625259372871
3.09945971798
0.79901742097
1.73503062129
0.20850225538
0.134661596268
0.128236777615
1.30535387434
0.25424913317
1.35361239128
3.76465894654
2.59408472944
0.561514004134
0.47029585205
0
0
