0
0
0.0
0.0297231758014
5.14712890238
54.1638207437
67.5060768965
7.77209378779
1.51007545553
14.9551799074
71.1956981422
0.97913243249
1.72375436313
0.0
0.382689546794
13.1594757289
7.44794887303
6.05607184769
7.56256620773
5.8170706518
21.5903502703
1.06060215645
15.2473266944
7.72954416276
1.50492507219
6.97474533319
5.68673694134
3.96698476932
0.0
13.0816331171
15.1256830618
0.0
15.6180427875
22.5413393844
18.4109905567
12.023984313
1.68695013318
9.6685465481
41.7459404021
15.0512668267
23.4082171507
2.81527696922
8.55263333582
11.2713960009
8.6849637162
14.8985255118
37.7546018119
35.461570451
2.82334704185
12.3876863569
0.547719189199
0.790210090577
0.359263309277
48.5645164344
8.0482635498
12.0811238308
12.0038327817
5.58559069968
22.5931520294
28.9277017219
31.1198522122
88.8370667472
61.9052038529
11.1387288901
13.1209077062
9.92644768954
14.3212383091
9.65564898053
8.06484735756
3.02377274261
49.9049340113
20.6992357224
18.682489492
0.0541561902502
3.4403016558
18.8734807782
14.8260014355
14.5992174447
6.74986951054
3.65214300156
0.666274555027
49.2214560137
20.5162632018
27.2476148755
20.6443588883
14.8482986391
22.8738777861
26.2679186064
34.1247556423
4.38954845443
21.4083433896
3.61612652242
6.92557002254
11.3853853634
35.5844076221
16.5744708907
31.5133488792
16.0274079591
4.99148771167
31.1306523084
26.5601196605
11.1064698652
8.79308831693
44.8601102606
10.1359014921
29.9619199075
27.8577887155
27.3936429619
25.5363257491
8.45464552939
3.22027647122
4.64472272806
1.00115679949
12.785924837
38.9948661401
26.7896672878
12.0501571884
44.039834585
36.2365760515
231.015410816
0.751461736858
83.257757077
2.70861415565
3.97680220195
20.1527239736
38.7627587914
4.47199151292
12.2541938061
34.9789636898
29.3809063006
32.4027455729
79.692488093
4.39270003327
3.52258639411
24.3221656805
83.3285741062
19.9379365593
6.65348419548
62.3731955645
19.1315871756
16.1787905172
12.1046525929
43.8621116839
19.1512931529
8.79136908799
68.0727531017
37.24128858
28.761157751
25.2650297285
41.1184225716
8.00042486563
38.6469455549
25.3922980819
21.9436603915
66.5431369404
5.82921581714
13.5472362488
2.08332628012
6.27426677942
37.692453389
16.6520751715
16.4863249529
11.303591609
21.434628468
4.46577828751
17.1648158189
33.172738133
37.8093201682
10.7575912904
1.98023919622
0.0
0.0
33.1963247695
47.3853738574
1.34776572744
59.5390021013
44.2325724811
12.7069342732
68.3713364304
13.2107867449
1.56579125673
0.308275088669
6.37535727024
20.8434879184
7.31169169397
11.3837476373
37.5106651783
16.1990331709
7.05128792861
24.623706624
17.7811078057
38.4550357013
2.75726849959
4.33294331794
0.10124132596
11.4866080508
1.13884744048
21.4817368886
59.9103445709
65.199956417
4.24611465634
4.33254654518
0
0
