0.0
0.0
0.0
0.036695631221
13.0361158261
30.2600583247
73.6818905846
13.620773904
8.67948790826
8.19301365317
54.6804232747
0.460491221398
1.50881126057
14.3049645424
5.15607069432
16.4951975048
6.24740463494
15.5737749115
17.1681344211
10.4210015796
24.8275291622
1.14355672896
2.38007752597
5.33033233882
0.677862561307
0.0
7.56751728058
2.33649679273
0.0
18.0794090722
15.5195352137
0.664151608944
13.1287150774
14.6464304142
15.2119509503
26.1742959022
1.31060041487
17.6698485464
45.3577665166
12.1255591381
21.0392075703
8.47830153444
14.1073574871
28.1778986882
8.16325020511
40.18467558
34.7417248562
53.9210931197
2.95161580481
0.839139820543
2.2938080763
1.29107461497
1.45291038416
48.3709043282
12.5991821922
17.3521105559
13.2085069455
10.1824115552
21.9580042083
23.4266450862
46.6620926522
63.7085084506
90.7815239131
6.58129955827
30.64618434
6.98088911177
32.2975016088
14.6009715479
9.54843201487
4.1004314851
154.535262342
27.0535529126
29.8167472877
0.802062407602
6.07268737536
18.4251359976
25.4479267447
20.6027759314
20.9608014822
2.47315067052
9.38347944617
28.6303010993
15.2194291279
26.6702249832
29.3084209822
54.1285948903
17.8372626398
20.3005494615
31.5306727685
6.20222437754
31.8235081135
6.82347773016
6.86140481383
6.0624089688
52.2919372692
10.3419560976
32.0891092234
27.9604198337
5.35090941936
24.5194269866
19.8158236295
16.0780188055
6.91459113826
55.8555544709
7.15227201394
38.828969353
30.3095234167
20.0106162485
22.6117857657
1.6892372556
12.3537453711
6.94607564527
0.606872096657
11.6374522224
53.5328926142
32.4152907506
26.7677083303
34.3478522609
40.1297054748
234.214004243
8.89648519457
62.7138844728
30.6486017146
2.30651798006
14.6327713095
36.5724107064
10.1706781369
30.9677222426
25.9622616694
32.0997878573
53.8271796979
74.3024792299
11.6283478439
7.04656000435
208.732164326
92.695746895
36.4219202623
3.62560582906
65.8394022518
22.1942168176
25.8502363766
8.2769852467
30.8540319912
25.1531612054
9.88512341772
57.413467627
137.968664884
45.4801651128
22.8009952158
44.8228029461
13.9768786943
38.0965969562
22.3143430716
16.0614240356
45.3401591107
13.4420727342
4.3919115588
1.39420598466
14.7209552228
31.2310222908
13.9600981604
26.6194462123
17.2122095525
22.5479289517
7.63125480338
20.9669875167
20.8985912595
14.5740135955
10.2543471605
19.0951723605
5.0526372157
0.0
55.7932265998
29.7932832017
3.81849887966
214.16259452
37.9905032515
20.253352046
47.393615473
7.3178354893
