0.0
0.0
2.62062543444
1.57097509503
13.152230395
25.0103242658
51.9965795707
2.13237076253
0.875778079032
29.8463643026
18.4664938152
6.74737569317
9.10944222473
11.6232984066
7.04444481432
22.2051926851
6.76737683779
26.4308989942
23.5677732937
6.7177439388
32.4433791674
1.30770307174
11.436257612
6.64531742782
0.97346184589
1.17628321052
7.48277521133
1.95337870717
1.60165983438
17.226679788
16.5127060041
1.6033667922
15.2319554407
19.3837038707
18.3245034143
16.5573443994
1.71178516746
3.19657874107
39.9957221021
20.7946131667
40.435831368
12.0581989386
12.4062380372
19.5109926984
6.27755434625
25.6628237441
42.3183974856
32.9436185136
0.769847755786
31.4748812244
0.608824311756
0.0
1.58814942744
36.1732162536
8.60135325418
11.7780197491
14.8342795987
1.61623044312
26.4475005382
35.283058314
40.5671935183
1.18844218925
2.18089288473
1.19086536113
32.8350317851
35.9200021214
6.886848405
9.82289166749
8.3677188456
6.86983581818
70.6348745114
18.5622550417
18.6840296751
0.0945654585958
3.37710857532
1.94711264223
14.7747064149
13.5009490773
5.16882000631
1.6665561609
3.44524669646
56.8663136736
11.677436633
28.6962474269
26.550435721
2.59764294326
6.98747525784
13.6908827573
16.1280468442
4.60505550682
26.9096722193
1.51553251594
17.4749088641
16.3086953089
71.6164020226
19.1609792747
17.5865809098
19.7777828872
12.9082745165
21.368359331
23.0635145903
11.8417367195
11.0678811399
47.6075984537
14.2208364308
41.3528442029
25.2620055434
27.7809451987
37.4258306287
1.16598838381
17.6306869201
3.65320946462
1.87552151643
15.6435329318
44.425360512
18.389691839
15.1199530209
37.6130784787
19.9136177748
178.729601383
4.32925806194
66.580833882
1.51829127408
3.62723322586
28.7060549743
41.3533521218
1.63804256916
8.62050181255
15.9403811898
24.5179044641
36.4769599289
74.733936198
8.71120190062
23.6783108446
75.7383575561
37.428156037
10.6964297667
6.92460385385
46.1148089525
16.1917544603
12.5527872574
21.3931475803
58.5665956651
23.5715842461
13.1869019586
46.1143513733
18.2620547383
16.9923726842
25.9321737439
40.4954121989
18.783876624
18.8881332669
26.5440160632
29.1984464227
56.8467245122
5.50111095607
10.1662099957
0.266777406446
0.914321246556
22.1348727811
12.8624466509
15.9721303582
5.72661954816
19.1048942618
4.37717626243
22.6242300477
37.9975351152
35.0035464149
8.13647796492
7.7580885887
1.06712508202
0.0
24.3441108763
20.4433350786
1.94304653071
16.0789653193
42.5717797279
4.30790358782
38.752458036
28.9204438181
