0
0
0.0
0.012337165419
9.58916445449
53.2715004982
65.306214139
9.73690670729
1.6285382621
14.3137348853
71.5781229437
0.541448475792
1.19339621812
0.0
0.0825203843414
18.5638413867
6.86545658112
7.60359263419
6.53982405178
6.82240531594
20.0134458085
0.0181889645755
17.5259499997
8.10638853907
1.33511964977
5.98021692038
4.5490386486
2.72515070626
0.0
8.93855127878
16.5389451832
0.0423844568431
13.2513191979
25.4736646078
28.570865225
10.7673611641
1.7742908732
14.6578291096
22.7941464773
18.4746168405
25.5018476731
4.63705586688
8.40752233006
13.8528601387
9.82718974118
27.2424633158
42.5367307999
28.3496381734
1.78894074121
9.25417585764
2.13246228662
0.91047572717
1.40198544413
48.1968678888
5.6618548259
9.38277503942
6.41157238373
14.1854372341
23.3910691962
29.121870797
28.4159720746
79.9122913778
53.2466744184
6.00003262517
25.4943980052
6.44107935113
16.1586082214
9.61942858015
7.39185395837
4.91990334168
56.34408921
10.6149536446
22.4758285359
0.455652650446
7.51824715594
14.8690133616
16.998528868
13.6586562395
10.0278869667
4.77067467571
0.382083758712
58.3916183486
19.6891571581
39.2482422778
24.6608977094
35.0166746378
28.7840714604
25.3198223299
30.3596449946
4.61047051661
15.1712585986
6.52191518246
5.02741406858
10.1900118906
56.3079435379
26.0516428538
38.5421148967
12.6825895272
4.38437802158
34.0638554246
24.8337253361
9.3097929312
8.37362308613
56.1168174314
9.27042767779
35.0905488041
27.7733773068
23.1957866214
20.0065369159
3.33472458086
3.03482713178
4.10855694394
0.656371872871
13.1413222812
47.6645150297
29.757974485
21.1184536396
50.5954438531
33.3082346935
221.672286188
3.43839313836
67.0763408671
4.16416235268
3.38961068261
17.0498313457
34.4891482294
4.27051548566
20.1360231293
27.6217493825
28.5891645737
40.9055606928
36.4888582529
10.1178302318
12.8054787219
29.7144775078
88.7122913897
23.7252509168
6.00164616108
73.0443554129
18.2932459898
17.954692902
12.356700087
46.863191737
24.0548255566
10.5340336505
63.6496617905
37.7473039152
47.0583176316
26.2132741325
38.5171475542
8.78537256271
39.2935922741
25.1088210941
21.5779910339
62.0841288696
4.78546144814
11.8042760566
0.843643616885
4.31407071977
35.274040494
16.441217199
12.6666127928
11.747874409
23.2321672887
6.11806773394
16.8594183214
36.983230901
28.3905983381
10.2099014916
5.17095201463
0.0
0.0
36.7665901558
39.4148483899
0.778932713438
82.6560074707
42.1887302398
13.2603060119
66.5108871238
23.3987522721
2.54969528318
0.685946792364
10.3491745591
17.9850895666
9.00767616929
13.58976987
26.6147337331
15.8998302072
4.92740502209
29.8738000877
20.1510149399
28.2419906258
3.44671311602
0.23194098752
0.0529714319856
7.66318700462
0.807720780372
20.7612745045
67.0984981656
57.9643715323
3.92928244918
6.03820439614
0
0
