0.0
0.0
0.0
0.0283740358428
11.850608848
50.7931697107
93.0735668297
10.8943374893
7.680395253
18.6790894344
12.2689127913
0.0823697838931
0.848240364343
0.0
0.0
11.3039630055
18.3772914782
18.9324054346
37.1238164194
10.0833918778
34.6651780754
1.94289082009
1.47807525471
16.1963349581
0.108223009854
4.42105078697
8.52979946136
1.60482206941
0.138588253409
18.0096608335
9.96542300285
3.88889041543
7.14939988776
17.0257514734
26.3299157246
19.3267359361
0.563807455356
21.1454737186
11.6354659349
13.4672007691
34.978477992
17.0208079233
20.2370907962
38.7276030108
16.0750763957
58.0654001645
29.7723889723
54.429082621
2.88043132423
27.6265820078
10.3068175083
1.93171549961
1.51265657321
41.2365973649
15.0753913969
34.2097678577
15.5357451145
10.721128542
27.833636826
14.9315462876
56.9847431258
44.3658043296
4.00621627272
11.9240682386
45.9826307035
4.39832665118
65.0863443353
17.9059618637
11.5331262052
8.99980223179
173.287235984
16.2627106234
33.2032157947
0.0
8.41639021039
5.919000417
22.1983246291
20.6531671733
28.798433125
8.9390397817
6.75924722851
29.0186692178
17.410778895
24.1160224322
19.4787024558
57.7869299054
8.28211392648
12.9254944548
39.9824219328
6.9567272868
33.3288192898
21.7668874115
6.89877786487
9.09243065491
40.9994033129
19.6011065883
25.5747466831
22.5856444985
26.6872393637
21.6568345344
19.6343241781
25.5304824442
6.76432873214
46.9481812147
4.14957250469
30.9172459747
13.7015539091
17.5783186331
17.7903174721
27.5168261184
20.2557048909
3.77797826611
1.10190555453
14.2329553287
51.8400342674
33.572331137
27.7459221761
23.8666686192
37.2302493787
307.355954155
31.877262935
131.546143362
24.1034091041
2.13656835258
14.2842141353
32.9935279121
8.36533758043
22.115898231
25.3223260716
33.5562510341
79.1210846818
56.8335549048
22.5160719752
14.1498762388
114.41250667
29.747161422
34.8154403753
8.57299058698
55.63874913
23.7196433097
28.4626540615
3.28086851165
25.335087575
24.703625383
7.32169641742
29.078751415
95.5006290036
29.1178524346
17.2678349912
40.6486649383
20.1876373692
45.8032564334
22.8756834436
14.2200566679
28.1875387318
14.0976944826
5.3886877969
0.967003083787
7.08985456265
41.9765281776
23.2697526589
16.9420928769
21.8193441331
25.1524758338
10.9797107521
16.4967216728
22.7634269586
16.5899137873
7.97745489701
10.4265095615
3.59172510077
4.65467172862
22.2852140916
73.9634901211
0.823927514256
130.356577967
31.2577447704
23.858223293
36.0967259779
8.68916732446
0.170119437855
4.11878299714
0.214476853609
8.94691041113
15.8033450246
14.339613433
35.0726728589
28.9465434775
9.35126704351
4.9133811593
10.2070590947
17.0233160891
1.36594893783
1.28733431641
5.30472667236
12.5825574696
1.14202898741
23.7113177888
74.0071043371
60.485510543
3.50525342302
2.04900991917
173.54
500.020000001
34.4500000001
5.74999999999
0
0
0
0
0
0
0
0
0
0
