0
0
0.140844002366
0.00131636171136
0.0417342835572
0.896915469086
2.80185779114
0.276411369443
0.0949636101723
0.871747045312
0.629845469492
0.0479725375772
0.307293560356
1.42861457914
0.0213753692806
0.805205024779
0.124953793362
1.87144505978
0.939184973482
0.346410210361
1.42290577258
0.0763987582177
0.252054750454
0.168589161243
0.0247043953277
0.0651795044541
0.725870490074
0.0166908148676
0.0680387597531
0.968976000324
0.467489152681
0.0
0.698805577122
0.469180921558
0.823987977579
0.849810183048
0.109429659788
0.934791948181
0.28704066138
0.697725975653
0.845696680713
0.353844934725
0.423416146659
1.256586364
0.14345023979
0.84679678129
1.41402489616
1.77735536848
0.012833177112
0.596116921981
0.143288506195
0.0
0.0723408867489
1.63403286203
0.337859763065
0.74986849085
0.502520687878
0.29479115922
0.734387141652
1.21090243495
1.4536827961
0.00441010436043
0.0954357924056
0.883090301417
1.98442518152
1.06480624527
0.194085118361
0.582281928975
0.264149029274
0.534174661967
2.59025951568
0.761705479119
0.327825821005
0.0439883688232
0.22247903049
0.423322881106
0.714152850211
0.744850881805
0.138506405056
0.11685520038
0.17958021909
2.07837780192
0.748587634065
0.772134168772
0.532990967156
0.227653125767
0.279794968083
0.592235022865
0.593036470469
0.2669934351
1.19481776864
0.173981420929
0.991229122505
0.645682148635
3.43723653117
1.15816118848
0.857476516627
0.477143905126
0.815906995907
0.948700036854
0.762525610626
0.388729607774
0.376153692603
2.02856030501
0.733012351673
1.57361634518
0.973237097496
1.06780495076
1.58129257965
0.0254657958867
0.647519142018
0.150119236379
0.134213851765
0.773970738053
1.37296130648
0.475208455697
0.597635017941
1.69718853524
1.0071011642
5.85062525026
0.148090729257
2.50372497179
0.0720424887259
0.232101692527
1.23618292593
1.7150509645
0.103867847938
0.410843007732
0.438684021356
1.16576780705
0.661120102275
6.68959004199
0.602414766559
0.114875455329
3.25761950738
1.64373452729
0.437653680448
0.259913007263
2.11077375291
0.588841303834
1.05062342796
0.707996629877
1.97620284581
0.583367265994
0.346895233728
1.8638203321
0.415372683376
0.60931303486
1.55629978329
1.78878894332
1.13807286881
0.927567589097
1.01120518893
1.27793971682
1.74657744181
0.524487014394
0.621893731412
0.0520887182793
0.0127218347043
0.79469277896
0.633576696739
0.70035333978
0.293323147343
0.81504232157
0.0913498234004
1.12279015267
1.56390306854
1.18641237833
0.752571559511
0.469576607691
0.35465605557
0.0
0.933821526938
0.431298613548
0.20641209156
1.16346109787
1.65680291504
0.0673393784091
1.2791946074
1.07282904349
0.444143474102
0.0112825734541
0.0339512825012
0.810648750514
0.511055508687
0.446505699714
1.62050756579
0.405897365883
0.722967710346
0.765852568671
1.54206764553
0.977731517632
0.312780190259
0.388168494159
0.11342646915
0.335062457249
0.0386742092669
0.698013018467
1.62737317011
1.8240803564
0.356285705697
0.137304229196
0
0
