0
0
0.112196132541
0.014900678827
0.0598665103316
0.73903831112
2.48500756198
0.261191258207
0.1627335269
0.546525981277
0.8000031095
0.0467014329042
0.357336941524
1.83385699987
0.0
0.606481578201
0.0
2.17010333596
0.609894497087
0.284363271669
1.56414815411
0.0464280359447
0.742012403905
0.103424342815
0.0192524488084
0.203759208322
0.0
0.0177615787834
0.0566802304238
0.901436192915
0.444278239855
0.000727902981453
0.672968563158
0.396091616014
1.51314388448
1.05283819139
0.11557447142
1.93509411905
0.533661734196
0.418319124728
0.688425955363
0.453316831117
0.270884023979
1.21388645936
0.185002691695
0.862442991755
1.17065655557
1.45685562398
0.0169588550925
0.701155488845
0.183953907399
0.0
0.117629131651
1.56652321678
0.488649515668
0.637522588717
0.475527586648
0.178245758405
0.736088276375
1.2307976482
1.08332683524
2.90994559135
0.368542790238
0.850463490933
1.72116445279
1.34294474311
0.318421651609
0.659851032775
0.163663908839
0.983701841906
2.2655315341
1.33292760234
0.624120759778
0.0413466242608
0.124450653791
0.271498551825
0.63534810394
0.686191678047
0.12394010555
0.102852299809
0.294103777036
1.91502030799
0.604493648745
0.618939613341
0.721205765847
0.218409928493
0.344120800262
0.651668100152
0.73392116325
0.206227497663
1.07065997203
0.179671250051
0.861353731714
0.641205173917
3.31869258406
1.44541820884
0.329250918003
0.867685582023
0.569055048516
0.911995042115
0.702928883955
0.379589300224
0.432454133872
1.68861797731
0.784793739207
1.28042744892
0.395388905308
1.07051641005
1.49162413785
0.0567707946757
0.693343092338
0.0497878678725
0.133054243401
0.66671231389
1.27574315621
0.444624969503
0.729376036907
1.63723274542
1.11277849227
5.53631752677
0.0650193467736
1.68569019856
0.185571565526
0.132796173799
1.15763473511
1.39925496094
0.268055023625
0.558089067927
0.599966006121
1.07597588329
0.520592425019
5.43848813139
0.497368872399
0.0832697835285
3.01801437879
2.36587577162
0.368236090988
0.21013928717
1.69993932266
0.749901375268
1.72307321383
0.551961167017
1.73439209466
0.554378748522
0.431601139717
1.24840337783
0.417683153762
0.473369427025
1.49605794623
1.26882574707
0.992199091241
0.789879344171
0.99394782912
1.30432044179
1.22672578786
0.356249609962
0.689288225025
0.31092813611
0.00965682906099
1.41962811566
0.77482396923
0.623175109737
0.133399627754
0.834552010056
0.0906556281261
0.926353753777
1.05366838793
0.876286159037
0.827172483085
0.118944983929
0.291554868221
0.0
1.71485230047
0.557822456583
0.509103685617
1.08767023962
1.31950947642
0.026305636391
1.5794147104
1.09293397143
0.162721186876
0.0411050543189
0.0197314564139
0.920795928687
1.14851547527
0.576672193536
1.53540095966
0.371167331934
0.873515752144
0.851069693686
1.25477448822
0.438424724445
0.0466407833155
1.30996660917
0.008765736653
0.302359562367
0.0158062521368
0.771947149304
1.49400277669
1.87273579929
0.423740647733
0.0534819653258
0
0
