0
0
0.0
1.04633876681
6.31832043641
62.8927943856
102.823634947
8.22791032121
4.74860472233
20.6985451877
23.7683410468
0.0904936362058
4.17567365057
6.00835490227
0.104154456407
7.57276766002
19.8178749383
22.1075424836
54.4058684902
11.4478871142
33.4884005784
9.64620598778
3.52199479937
12.6150480509
0.177200395614
2.04449826479
10.4875929952
0.471328362823
0.0901135057212
20.9466426764
17.3350572065
1.74534067512
2.25643592561
26.541471541
26.8887169416
9.01374292373
3.88635210694
18.9938084632
1.9057814274
10.2812703196
22.1330105066
19.0071406402
25.3218132835
46.494789197
20.9476674646
73.4847536758
28.5797432782
63.9847336114
2.07655656338
17.2040691348
7.32421664335
2.18429797143
2.68691867357
50.2002098438
27.0574880009
34.5448965761
27.8012825177
12.487218529
53.0603085794
34.1265806035
80.4056885374
36.7129959314
19.3676766157
7.58116120286
49.7091731875
22.5838920493
70.0073381066
17.4464043975
8.19277115911
5.52000711859
168.55645101
29.9371519481
22.3939093128
0.0
7.81293976308
11.6839733943
13.3062149361
16.8293145821
20.5914106155
16.4692823812
5.0648712851
32.1810471564
15.7845260315
30.2518891879
25.8216677885
105.870283038
3.14948768914
9.3680866789
45.7800078672
12.0249294508
36.0221427655
17.7565432191
16.4758187011
5.86701885425
34.1210170872
35.3389398437
26.3986490741
16.5832076054
19.560544543
20.8403700138
15.9706995785
29.974509839
11.7019218109
36.6912510451
5.62932052464
27.837242514
12.4672776153
23.9266743036
11.1517229229
0.383682944813
12.0101233902
5.32044119714
1.31978988648
25.9923512376
40.0798326228
42.5320649045
48.4828407113
17.3301799893
39.5589491575
310.559582122
11.3179987818
107.416319948
32.0546030988
3.6928565274
21.0980307721
32.302146432
13.6553825811
23.9538108464
32.7200820298
31.2205709518
94.0533682219
59.7641673031
15.526772283
22.302169296
75.8571552449
33.0003785714
40.9565193881
10.528527556
48.8346535954
24.4692691416
24.3110087654
3.18028689175
19.548084341
19.6070420165
9.65706037915
32.465134129
99.7054480598
55.9153997395
15.2407996729
31.9875181037
19.4705374064
50.2602561302
28.4792785846
18.6037846086
33.4320511738
12.1522749066
4.1523475349
0.0288906055502
10.5913275182
70.1058241656
42.9401666914
6.55060185492
20.4678495973
28.2355709374
13.9801969556
11.280685734
24.0965045057
9.45750458724
6.08414372988
5.08348475398
2.99508610646
5.71963316203
28.9264765754
36.5538990778
7.91050297301
103.602097317
32.8297178652
9.08547278122
25.1468839255
4.67700584606
13.3305826932
3.80411678554
7.40361418202
9.15671163797
21.5669345409
15.9536372786
32.6976296604
35.2253520972
8.10582744331
9.1040923074
9.69928010926
16.8754233196
5.62034194171
3.58039205522
4.00682626433
11.7838537395
1.60544963926
35.7482872764
69.7977033667
74.0425144471
5.04133066536
2.40191623942
81.51
52.0699999999
0
0
0
0
0
0
0
0
0
0
0
0
