0
0
0.0
0.0712098721416
10.6274999678
36.6053492614
72.9008815102
11.2219828852
9.14043119923
11.880550079
40.4773250074
0.246471963823
0.871247746982
0.0
4.89141762257
16.6338840276
5.51688637399
19.0000578426
19.6562107801
8.55185086279
32.2769698798
0.944879695774
1.80741231144
9.20464982093
0.0272697703913
6.88543993234
6.44328474998
2.31451481581
0.0
18.0678061461
16.0938425884
1.57643638272
10.1367880348
17.2316620722
19.3543334473
27.1740018725
0.211274631321
32.7008809894
26.5232439079
10.4432027489
24.2161429637
10.3437484084
15.368058281
27.3859526609
8.21057878901
50.1519454903
26.9468513076
59.0512890703
2.61054944246
3.38096684777
6.03190883249
1.19670744985
0.90438567102
52.0198283326
12.6869153129
23.9128772914
18.1744408747
9.00708753617
39.4957255572
20.2997201309
21.5212702481
62.2628191598
11.0973749757
6.81366714835
36.1504962444
12.2309103124
44.9833107703
15.4179088287
10.4637750909
6.12741092964
173.493899692
20.2703315411
29.81384781
0.349252447486
5.69305368326
14.8576378827
23.2517942637
22.0093850121
16.7518746257
4.47255843132
9.9486193657
26.0816983133
20.9232750312
18.8120450713
24.8113107161
64.6781845092
16.7911271062
18.1161059872
36.1162449662
5.89514861628
31.1338036694
10.705326017
6.52673692814
5.99152452127
46.4755250438
18.1880515069
31.3681649119
21.9653901011
5.74042168445
23.7633260787
19.287425369
20.8028733814
7.14082431794
57.1545854062
4.49384495057
35.8101889361
26.2452908009
21.0202324726
26.0470841378
0.287510192021
9.7725022668
6.15939655714
0.672476470471
12.1875738054
50.0207438172
41.2894193306
22.675224904
31.264707299
44.0585480052
243.192639247
8.7504204791
102.696682368
31.0657315514
3.54280809173
16.4538946864
34.6883963357
11.7184733301
31.9160464438
28.2630338242
39.5193788186
66.2415821011
82.3981701247
12.3734355485
0.0
176.512596108
62.7115382777
39.2681236267
5.50102594123
53.3492858448
24.2634643166
25.2255554292
6.00885201619
30.9224378206
29.5405385374
13.2491527498
36.9102872294
103.176070143
34.3622839116
22.5124431476
40.1813370679
22.405901514
42.4632462859
20.4262240436
14.6712176911
39.4301261287
8.3073991835
4.84585694969
2.08279515244
9.09218752385
31.8788969062
14.2973790318
15.8856559619
19.9715251867
26.6644559429
6.73362094536
21.239842549
26.1427140086
13.0797863128
8.68139782548
14.5504423231
7.50743453578
0.0
43.2860613763
35.032594134
0.625351384514
166.608443124
33.5392404199
40.9324123039
48.6596833618
8.56512704863
3.02327042074
4.09103690832
5.75519710778
10.290557161
9.5365326181
13.0821755268
39.0982521437
24.158648081
9.1177243553
19.0135623291
12.7227254826
21.6892586723
0.208900253288
10.7819299204
2.94981746748
11.1589616686
4.24365305902
33.8424950698
94.9749212266
61.3882133066
4.3265241757
4.74483901262
0
0
