0
0
0.0
0.000552712241188
0.55613714084
2.2479102388
2.85200683074
0.39876934886
0.117807206465
0.383561577648
2.63753294852
0.0257603027858
0.123855815968
0.0
0.0
0.667518541217
0.163967162371
0.339534462313
0.417471554596
0.333637422882
0.911939509213
0.00545743806288
0.150968096219
0.492586795241
0.0467894163448
0.0400883518159
0.236821934581
0.164848515298
0.0
0.312415584456
0.601468316978
0.00176600040868
0.487069196184
0.877143430058
1.29021198489
1.10445697606
0.030791270663
0.287221126258
1.79954218207
0.6047859916
1.44533307943
0.193407082115
0.309869017918
0.762987676309
0.256581380265
1.20181903429
1.93051309534
2.2361391848
0.0584885039134
0.519267424475
0.113769482879
0.0286253792001
0.0628243761603
1.83374145045
0.271380311809
0.339063086314
0.31262787804
0.442743759602
1.24247639347
1.75271511241
0.91336271679
3.44482635474
3.86677377671
0.33734381746
1.00501014269
0.430264828959
1.01209735693
0.400654091325
0.293680955656
0.248315763427
3.86216247897
0.643623288372
0.886833642144
0.024340597156
0.335526850424
1.23730530619
0.666832022369
0.765088699758
0.504355338577
0.126437541097
0.046279411763
2.03532060748
0.85078311339
2.16351280501
1.28836165369
2.62093906477
1.06442745798
0.913445903105
1.42738010746
0.227913724026
0.673391374759
0.227640640922
0.310478059226
0.485279443441
2.57263737638
0.961046694778
1.62587893032
0.64607371483
0.0428177947178
1.38880496565
1.02079075109
0.433655490575
0.264274683781
2.10078354948
0.365262851119
1.42483707215
1.32411535527
0.878596039023
0.793373897555
0.116725771921
0.305753959343
0.167986749904
0.00426898477599
0.545536901336
1.97197267599
1.16832603246
0.868017107248
1.59295349021
1.77664845739
10.1436138786
0.378204874694
2.77641506912
0.19515631767
0.0689509334043
0.587322458858
1.35920347477
0.184365456225
1.12406251318
1.03790450073
1.16886312258
1.38906090753
2.28371057194
0.766758461948
1.84514294751
0.614406270382
4.2315698578
1.02028049319
0.0873779542744
3.09908705426
0.886069903616
0.76450451836
0.43823904288
1.86055596126
0.9771174466
0.462702364195
2.46985034738
1.54739948444
1.49897363875
1.21741013997
1.71657926403
0.808948864695
1.90862000175
1.05811693706
0.752390192356
2.25853670354
0.478773579001
0.420808022842
0.199264570314
0.223319519311
1.40246669506
1.00472643971
1.08778382628
0.632249802467
1.0524598835
0.296324915253
0.773336827522
1.39918840595
1.10740117414
0.355805690575
0.4051421443
0.0
0.0
1.86826510541
1.39737102069
0.0301447347738
4.84050379402
1.38109779358
0.807721845806
1.97704954818
0.555488855112
0.160442263819
0.024975477485
0.336820919067
0.719788495451
0.354728795588
0.473107546568
1.35843399446
0.727916269563
0.141666100593
1.10744542163
0.624702718342
0.994491970167
0.0998889082111
0.00919405382592
0.0014897340443
0.26145268348
0.0658570677042
1.24447584525
2.95921641402
2.32106648711
0.0869619867299
0.208408983424
0
0
