0.0
0.0
0.0318918423727
2.12125735357
8.94947071094
39.478326636
63.7359418944
1.01136913151
0.864029824733
24.5458600027
17.5616078228
10.6875492632
8.68559824303
16.0129932761
7.23859405517
14.136270225
8.74952803831
15.9247882962
17.5260231039
7.43993791937
30.0348169954
2.83039987692
11.9839961864
6.76803088188
2.29766936973
0.0
0.0
3.00931727887
0.89129716158
20.9464274067
15.7115530707
0.107452757657
17.8034861684
14.5388618018
18.3924780898
14.896283716
2.12265402451
7.59499455617
30.5501002985
6.3358972692
43.2940859422
3.57161037996
8.74713063799
18.2142523527
7.44478700402
25.4005144426
41.3141167258
49.797281418
0.427893586457
11.189410991
2.28171410272
1.37694283062
0.909677233548
34.1676897384
6.61911311746
14.2646794156
18.4659301601
2.85933581182
23.6791179925
28.1333316703
37.6312506125
72.8869149182
6.28441825882
2.63195253444
28.4703610538
19.2646282185
7.1831622217
11.4232251048
11.0088335895
6.48302433082
58.0490445598
18.6045460291
23.7664050311
0.0
7.86575698481
2.14420583099
16.4860107154
12.2293069214
6.31532013415
1.62293005362
1.52287879586
49.1872621178
12.2604568228
17.7478627637
11.1605085377
12.0179287791
10.5337026143
15.8132918347
23.9303819798
7.46076750756
19.4979850352
2.83714903147
11.3749469603
9.39043866098
53.866084747
13.6861018092
35.4632127677
20.7162510306
7.99634700828
27.9753041268
25.977187872
15.6246176362
11.5735196695
37.6326731666
10.5089831315
34.2184482682
19.3413980445
29.7058183997
29.5445479675
2.09550879523
18.5573859215
6.56901639607
0.862563192845
11.2168436497
34.8868131694
28.6205729172
15.5121156229
40.3882974108
20.0882442892
195.391576309
4.91172870062
53.4582159967
2.8043383956
3.6600116305
24.8273259624
37.4750987738
2.39320104942
8.40057165362
30.6509012674
29.1135798991
35.0728056394
82.6487832293
12.1034833845
16.3806869904
74.3818076765
70.0347872191
17.3951669298
6.28307838646
59.1509307437
14.4594207779
15.3871870022
17.6870502764
66.4192199652
32.6646154224
10.8496716432
73.2388392091
23.6323496466
18.9991058065
22.7572032474
41.958327055
15.8779070936
32.8146787138
25.8832451777
30.9454303142
65.4194438244
11.3895772398
14.0972912908
0.348674279172
3.66333052889
34.6681600702
14.8288793117
24.9033347928
13.4994153762
21.9383008406
14.6493880916
20.6013449393
26.2741073705
34.8306916476
17.4233684298
7.09224707354
0.0
0.0
34.4224603884
23.2820650935
1.02772510378
30.8846491097
47.4484879375
6.89723776282
62.2944320441
15.3115248252
