0
0
0.0786164600868
0.0574167875457
0.331403665012
1.12937198603
2.4887065636
0.114493116736
0.0369299054146
1.27553302795
0.807900882326
0.22555479547
0.403871169197
1.92185616493
0.291250739247
0.89303509536
0.314090986096
1.65826870501
1.0247173165
0.425340987858
1.29687699629
0.100328281522
0.163889676216
0.148788817227
0.056981868227
0.0548242032528
0.453669041395
0.0366191463545
0.0706366673112
0.749710778822
0.532427806407
0.0684846788645
0.673472807743
0.830117936712
0.986819791375
0.708891115151
0.16442905087
0.161237920634
0.628180519678
0.908395363949
1.57249660417
0.506912271783
0.499826068874
1.03462362755
0.263292917982
0.907267155591
1.03751862515
1.61160207633
0.0383528609527
1.13795462553
0.387993335375
0.0
0.0927059283713
1.51359702484
0.33568071574
0.566636126256
0.586591953877
0.0626466900576
0.753730369266
2.00744621491
2.07427558675
0.00449302513152
0.321572325425
0.187664323341
1.48918773048
1.5113832755
0.198842921993
0.425904581789
0.32538815029
0.403485465795
2.62685820059
0.572711346904
0.870372587466
0.00578738807235
0.0966243222356
0.1165167531
0.696358159184
0.637075610459
0.150873137056
0.223381411284
0.228853777051
2.17373348121
0.445959732868
1.27545794169
1.33304643189
0.193565943278
0.244695022702
0.673995865043
0.536659297766
0.236139758141
0.999986730516
0.0934931216761
0.984004504979
0.729526772164
2.962312171
1.24064591038
0.762866167119
0.449941778323
0.421437839046
1.31806095596
0.886567801237
0.323963560717
0.467877718504
2.08214028738
0.630449115764
1.67488873308
1.03541817749
1.25144820195
1.52385209268
0.0336860147072
0.586341447895
0.126128406788
0.133978816681
0.660621270537
1.821291361
0.578973911703
0.695695928298
1.5999555306
0.788876790321
6.9889686465
0.131488724612
2.36790462607
0.112273050705
0.116820573196
1.2039583085
1.56218284462
0.0220858100802
0.397161605768
0.360121665057
1.08153978386
0.766239685006
5.24825226888
0.570897751953
0.631413811294
2.36566489143
1.40914536105
0.514561973512
0.261179860623
2.08691006643
0.62444523687
0.764785036445
0.835638765479
2.07303234562
0.968016648665
0.315711379983
1.34691521339
0.744088304229
0.672759768786
1.22975005349
1.79327844689
0.783207657514
0.904102554312
1.03487153258
1.36057127453
2.11011291947
0.258750516921
0.425249692053
0.055745691061
0.0202524000779
0.911802953342
0.636278348509
0.62008580938
0.351895228494
0.753080514725
0.195916564669
1.10867343121
1.54650980304
1.37668182352
0.320824555354
0.317827601626
0.292373463511
0.249552309513
0.575574717908
0.518025901169
0.167024224997
0.655116097769
2.14397792518
0.132194057107
1.51658260077
0.828795582522
0.17674398236
0.00829428154975
0.145972869825
0.928971913643
0.471738012042
0.352009825408
1.16980711557
0.22281116154
0.47665408114
0.916424190742
1.61914602318
1.25869466679
0.164951823652
0.319365937612
0.0048876714427
0.638267055154
0.0176383983344
0.532825148199
1.78197947377
1.98928489583
0.306297004223
0.352521324065
0
0
