0.0
0.0
0.0
0.0377328554167
11.5185860144
42.5736134647
76.302614808
13.0976893902
9.08958236129
20.2232748941
16.6617914122
0.0904880091547
0.802039138042
0.0
0.134172197431
14.0012881122
2.60876484588
18.7150240168
21.4407312507
9.76730565446
36.089608848
1.83982772939
5.45948052406
13.1698586047
0.0960673782974
7.18581193685
5.73683488368
1.88789583743
0.0
15.3440492162
9.38859418966
2.43586237169
8.57178767213
14.7922160067
26.796509089
29.3030537366
0.361858991906
27.6921390295
16.2361213155
13.2481169812
24.875066718
11.3627706757
19.3117287532
35.2169057206
9.15031190962
53.9497561622
30.9981210082
64.2800811454
2.45380546711
29.052368165
5.30547162379
1.91796024889
0.968367308378
45.3270322486
13.6574614439
29.4865214726
15.8973125434
9.10415940173
25.3852064162
15.2834101673
38.1121312603
62.00367672
15.0495080352
5.99979241937
42.6604072452
5.05611313786
55.1418766267
15.033411677
8.80304376036
7.67349022999
167.762972083
17.2611600738
31.6373375086
0.0
5.66571463925
11.630388259
27.3160181623
21.279237438
18.2727640271
6.41402211785
9.47490601615
37.6210136489
20.1703555249
19.0519139506
17.8772105053
50.2921570166
13.4734642189
7.8228470832
36.8476363546
6.19877589494
32.6519614308
16.658752352
6.2653693445
6.69000352174
72.3964105099
9.75077770651
29.506992247
20.2208807431
6.50699327141
22.8214894831
21.5707824267
25.9293742301
5.27562865661
54.1772957957
5.80579476245
31.2693739236
17.9967343267
19.3304838203
11.2947603688
21.6952880211
14.1176137989
3.64858910813
1.10061854124
10.8838504851
54.9216435137
45.7374787471
23.3326945938
25.0082733593
45.0880276608
287.730381578
3.9264993053
91.0551577135
22.7112844661
1.87910219282
13.5565613089
31.8976166909
11.9574482627
32.292777378
26.0120857469
34.8669507355
83.8265616065
70.8001268729
22.0169608388
4.43941722158
153.313246158
38.9811106102
39.7079557982
7.2724591121
57.1714829878
22.4354073219
28.6612057798
4.34458165615
25.0457339734
24.5126763749
9.65112866834
43.7956997753
98.6495574283
29.6559863314
16.7498857453
44.0809408939
20.9215025967
41.9133527801
23.6675569173
13.5842136964
41.9708521663
15.1731014997
6.85775350034
0.901305377484
7.64549012482
34.8098157509
24.8909434452
21.811186038
18.800055312
25.6854557822
6.4792301897
19.2766173072
22.0363410562
18.9084985591
3.44803731144
10.8694020398
5.0878723422
1.28092557192
29.8257730342
33.3022797103
1.60095879436
157.343256409
28.6697490067
35.6215577311
51.9679633565
12.0629466902
0.885083377361
3.01505362987
2.88312792778
10.311014235
16.0371351242
14.7393834069
35.2402372063
28.6070063486
8.54542515055
15.6194590554
12.5563591663
22.502658885
3.0147782676
4.28479998233
3.76129607578
16.4352545366
2.52808910609
26.2726497854
82.2234600485
62.7636533753
3.79416858406
2.38303506374
150.66
531.45
28.0900000001
4.54000000001
0
0
0
0
0
0
0
0
0
0
