0.0
0.0
1.93139988184
1.17605212424
1.96865520067
26.8965185866
54.9757928141
5.6158501357
0.919941991567
23.8066177256
19.0765154343
4.23094689847
9.43300594111
45.0576267242
1.2162002027
24.0815009004
4.21767416597
37.3417460023
19.9265718497
9.16903769597
33.3048828122
1.91180299223
2.5709939897
3.99297446386
0.694380015134
1.14652651548
8.71044588089
0.772074557842
1.73889648914
20.601326175
11.5841096118
0.0
18.0707584731
15.4101503771
18.164121883
14.7073105574
2.2084419094
3.70206133649
15.8447641795
18.0221288041
21.691693794
7.72597337141
10.7626792523
27.1676354093
6.32607838512
21.7237021197
44.2072677194
26.6378437188
0.951729280874
26.1144053767
7.94868566002
0.0
1.95817487128
32.751545621
8.05946328677
14.3961186781
13.6680746153
4.02738991008
18.0583766364
34.6092368107
33.0143394192
34.1874867305
2.03588390071
20.7453306913
47.8236433939
36.1986914054
4.50379012058
10.9116133489
5.12187257827
11.0087459944
72.4385698512
11.1704713628
8.91295852606
0.585621695035
4.4719225578
4.40727331582
17.0906831324
17.9640675634
3.84413959085
4.15070700646
4.08861404657
51.0702757985
12.7172623649
29.3041976794
8.70958885922
4.40771332382
8.09451120626
14.0446998048
13.9333499819
6.84661278874
25.3630722463
3.45155871101
22.9967416953
14.4814109132
51.2066640146
28.849061178
15.9189676456
10.7499629706
10.6192733646
26.8760638428
20.7370963097
6.89948469679
11.4741148157
48.5556812882
16.9647305645
39.7048483025
27.4223341075
29.533633601
39.3987250831
1.10331650265
19.8296205285
3.13981012954
0.755096375942
17.0990079045
39.1540655047
9.63848754019
14.3587012198
39.0966986753
26.9498657976
153.01249169
3.77779591082
67.0050334409
2.00315669272
2.00272621913
26.3404136225
38.932514051
1.52549824119
11.7927823104
10.9500844851
26.6219789777
17.8290291801
122.420311142
17.9003642164
2.59731581714
48.3440620433
33.7197313942
12.08055392
5.64691995643
54.5616641342
13.4356528362
20.5221692473
19.1721395217
48.4336373806
22.176787273
6.00950131193
29.9464273452
12.8173570144
15.9960951805
31.8826443403
46.7523053494
21.5663229916
21.1897613145
31.6121041774
34.0788377748
46.178876915
12.9089653976
8.88490119204
1.26823353767
0.296821799129
18.4269608594
13.5691316575
9.9017991498
8.20004211086
20.2933732448
3.82951052114
24.8394461441
36.8121570199
33.168404833
8.5207710173
10.7479385887
6.31098961831
0.0
13.2904246598
10.7908958494
3.8612927827
23.704705406
53.3663052322
1.73635267094
38.0792155714
15.0669776425
10.8866265714
0.175316680223
2.51567313821
20.4249891937
10.2709332705
9.79680762067
28.0682293474
8.69132930786
13.6924822256
17.6621714998
37.5176053858
36.2710062415
2.61705632508
6.43836944131
0.14280679822
13.2926023006
0.0
11.2955993386
46.6967088785
43.7507179454
5.9988913536
10.1230592765
4.26
53.97
0.469999999999
1.06
0
0
0
0
0
0
0
0
0
0
