0
0
2.58805918694
0.0194459790364
1.52124653757
21.2318254849
57.3127553947
7.48673000558
3.73231664299
18.9372648597
19.9731368367
1.13117177412
6.80329817534
40.8180906773
0.0
12.4900458008
3.31348188221
53.2338324487
17.1344197691
6.50332057848
37.2035501618
1.50348658115
11.923424542
5.11442059279
0.299485880882
4.65801566095
17.7108979225
0.543007940054
2.45764334501
22.0551925041
11.7187497038
0.0
14.3616355565
8.44776094147
21.645287795
17.6905622296
4.54780719058
52.127924502
15.4927238524
13.3154581189
23.3857775596
9.59856811726
8.05059934454
28.5115652047
2.12024884578
22.1470991224
38.4788247439
48.437587548
0.248963546009
16.1785488892
4.63355483674
0.0
2.48596021346
33.5383467694
8.92103339172
15.5901993597
10.3765794095
4.67967920938
23.7193655893
24.8055815957
25.1661214745
0.132930669934
9.39668242447
19.3179371953
43.2615064903
32.4763817266
5.73679223657
15.0374678895
5.43183284438
12.2230995074
43.3751683133
27.0957174394
14.6340462612
0.962714329361
4.02815079689
22.9448065516
22.1596571803
16.808886684
2.7642783299
2.5711534135
7.78871749342
43.2602686063
18.3637501337
14.2690823972
16.0603716904
6.48654202558
8.63257949242
13.0638118219
13.0521667209
5.31295114382
28.7674052614
3.67454735935
25.225127455
16.1600884572
87.661962703
34.0748222844
10.5284471512
11.7929801457
13.7394231968
21.5711422786
18.0285937786
8.39609295828
9.05024715142
46.0543772467
19.7794704884
32.1226609646
18.7432848467
25.7508404664
34.7883894257
0.339204603341
21.5663364781
1.70535852341
4.73940195144
17.7201631665
35.178694373
9.7688264586
14.8876000363
36.9285964658
25.4313050508
112.272928594
1.81301218271
48.879399307
1.43610866088
15.2435220131
28.883901823
37.4896742777
4.67190211639
11.2619715258
13.0378751345
30.366810738
13.0186404716
131.081750393
13.981501434
2.57335081044
77.2553521469
50.1934575307
6.07884812726
5.45649337022
47.2296538241
15.5234719478
33.8332415801
16.355617594
42.0093990079
12.8118308969
9.92597874998
39.6132371129
9.27183221304
13.6904810742
35.5620260686
29.0629020631
26.8804260938
19.8654185906
21.9374890029
30.5823896556
38.6320944818
8.81530094146
14.8662921935
5.40373349189
0.207540784031
38.2362621571
16.4386069849
16.602864068
5.6666103853
21.2505502179
1.70923211798
27.3452061648
39.8743510656
25.2902130811
19.0084140748
10.6014164966
8.01980209351
0.0
36.0816317424
12.0268807928
4.11664978042
27.9409439479
35.3100977988
0.0
27.1942440569
27.5375342666
6.67225456238
1.05425432324
1.72442507744
20.9568266273
18.6198800672
12.8069817633
34.881596893
9.34161210804
16.4270732403
23.5119388215
31.6106981482
17.8436887236
6.42342636734
9.50854643249
2.43470702273
6.93392365426
1.15234190226
21.50125877
32.7560697701
42.272051297
9.44134267418
1.38782804646
0
0
