0
0
0.0
0.0
7.56843018158
37.4907779746
64.6780292875
0.963886521756
1.11873219162
21.3220812678
36.3750675917
5.30372246726
4.78010276892
11.5992193222
6.96180403234
11.4464632273
9.3742297087
7.65714544058
16.2780094016
6.01488865166
25.0460409019
1.4643286122
9.87221778185
6.7961511612
2.11411497742
1.04778233171
4.54856050015
5.82131329178
0.0
16.5095843542
16.6747240797
0.0711755175144
16.0440169447
13.690351842
18.2190784961
20.7184248269
2.80528612481
4.2326928377
19.2152351844
8.90104690567
27.7433864549
2.23296320485
6.22760416846
16.7185384445
6.15497549717
18.9608153086
35.560487221
47.3332661054
1.84785517305
7.72093262897
0.894114401657
0.354326214641
0.87875503907
36.7923169406
4.77911301982
16.0945269736
21.1520953411
2.97671261429
12.0975362509
30.8163616507
42.3528999137
73.1134737096
21.7056934834
3.12143386015
26.7812746615
9.59583025798
9.54001741111
10.9783369303
10.9037052817
3.15777198226
62.2793286257
17.8739703186
18.8010657336
0.0211956985295
4.0221162443
5.13828606158
11.0709530488
11.0035949349
6.61661320925
5.16912180931
0.965999588371
50.6185881794
15.7182592302
17.7521741521
12.9056672193
12.5074097067
15.795829718
18.7626939342
22.8545945934
7.84307889641
20.4536179695
3.23616296052
8.42393925902
9.08724007754
43.9541458637
24.4007349907
32.6763189845
16.6182178902
9.39944556355
26.3279156686
23.602912745
12.0700628757
12.7345460281
38.259828899
12.5214244276
26.2485476731
20.3302135728
36.6354832202
30.7416105866
0.45056924969
6.10056347028
6.41400855454
0.382755205034
9.82244896889
37.3683639989
26.351982708
14.1231684834
46.5945948958
25.3230355409
234.191843346
7.36535118521
65.4433380067
2.86462515593
3.21084020287
20.5652577058
33.201365231
3.95818843692
10.0498173684
29.31631089
27.4478345532
27.6407475024
82.0297059418
15.2881202214
4.7326428853
75.7915287595
72.2941554041
23.8451877222
6.93053779286
55.8371434697
15.55026621
17.9300008882
14.8347292039
63.7949583382
26.756672507
8.78369799257
65.1245277823
19.7985678376
22.2729035765
24.5557821281
40.6617161035
11.4288997315
34.8537373692
27.2691139541
25.175939262
66.8679335285
11.8276190758
16.3818989396
1.76766181318
12.8708512243
42.1439010948
16.2835538685
19.6295112781
16.5139417565
17.7437452935
7.77165422962
18.8868742771
30.5625550915
36.6002672436
12.9278936265
6.67469818193
0.0
0.0
39.2537827498
32.3011701302
0.1561038199
31.7560874798
44.3131752312
10.3440469801
63.4009280206
29.1582535766
0.860628962518
0.0
2.44147664309
19.5971245095
8.5768344216
8.13887548819
23.6539336145
15.5884530544
9.28067013994
24.729628086
20.4062344283
29.8673886358
2.9649753347
8.9912433587
0.0305574014784
14.0196150541
3.73840856551
33.546601927
43.7801274451
72.0204517766
4.86920262874
1.38155955076
0
0
