0
0
0.0
0.00142319255974
0.612094647251
2.25884328195
4.39328575903
0.504661301151
0.239223169163
0.742581196129
0.70616978989
0.00660196505487
0.0312695602188
0.125174060464
0.0
0.342266252264
0.797699456569
0.9023222588
1.96934928454
0.502278639469
1.35640174337
0.181868827669
0.0855044350028
0.457083579153
0.00270808883943
0.0
0.327979594469
0.0394379720092
0.00576357822865
0.838301308337
0.608642440755
0.155157281552
0.103392233374
1.04216982867
0.91297961236
0.39034892153
0.189259215433
0.641552677145
0.320218009292
0.389788875356
1.09219856095
0.829430361046
0.945295945974
1.80764623656
0.65219606529
2.54285618383
1.09855715465
2.2330824621
0.103516057134
0.386336260941
0.438638508203
0.118377921637
0.119250270945
1.81018060725
0.852622534148
1.35279413289
1.10413123248
0.566023130086
1.82923342241
0.878687004792
2.93089959119
1.62481351476
0.45241798833
0.795055401977
1.93309278693
0.839864467504
3.01379799703
0.798788087675
0.348209669814
0.348510190728
7.30661207961
1.12291299552
1.12015208241
0.0
0.191915244795
0.321622282208
0.729179566028
0.691070078872
1.23009473644
0.595337161794
0.192593644373
1.21122997627
0.584815715905
1.53699513525
0.860659242608
4.06795438565
0.307842730545
0.383532858454
1.62855153996
0.39594041626
1.60580849083
0.705111034214
0.453967820387
0.265229803976
1.27196537144
1.51471000788
1.02795563627
1.05320018879
0.625234042294
0.964384609717
0.728360362351
1.0877620012
0.387243630365
1.66516031954
0.241550737759
1.06681517139
0.626196610974
0.915488515981
0.874441643711
0.0146205650526
0.746854403988
0.148615857121
0.051472466439
0.961453253403
1.66959385038
1.85727978195
1.29948438471
0.708547336515
1.67557163257
15.1197673962
0.456003878731
3.93032601965
1.46169626503
0.097726767126
0.555561262416
1.38014919148
0.40193916671
1.18043986149
1.1209731875
1.46800307464
3.39328223723
3.21022727294
0.510280173738
0.608848369098
3.62529244181
1.00346810836
1.50855545327
0.480168340437
2.17020913493
1.09046390979
0.973093493143
0.0811347551644
0.912111906335
0.71408944251
0.437954724999
1.0409958642
3.45774113422
1.93301484082
0.63645642437
1.59793159924
0.733403548074
2.14611701667
0.980263031903
0.585740067065
1.0659340811
0.475708558224
0.21482206136
0.000730668776669
0.306294422597
2.80646739737
0.875975746661
0.413687516702
0.837216295302
1.13719831314
0.550137476414
0.531893961248
0.933477779385
0.556129854638
0.356910397299
0.22056430165
0.213985647075
0.194003030658
1.07634231541
2.84275372606
0.173154311487
4.35320700612
1.28761518653
0.678374473937
1.04310261225
0.21135481447
0.460754955187
0.126868281513
0.251185897272
0.386449937243
0.682106768712
0.700929313316
1.11991043389
1.31621545926
0.368799731135
0.198450424708
0.477728817612
0.699584727176
0.0990336337127
0.119689668063
0.205634876154
0.387248776853
0.0178999546915
1.21465757699
2.87571584759
2.78617173387
0.218749973923
0.0812727212906
0
0
