0.0
0.0
0.0
0.0139480596408
15.6159953428
40.2362230718
73.537695313
10.745367799
7.42505993508
14.6713333614
55.3379124329
0.359799331985
1.60713667609
14.3049645424
5.20208687335
20.0913279466
4.30371415615
13.9773841202
11.1479758769
4.96995265781
19.8759410977
0.485767230391
3.65458469465
10.3701388836
0.543746704236
4.61828184127
5.45827245713
4.79949236846
0.0
14.3422484323
15.1296029985
0.0
14.4931338849
14.7359227063
11.8865380883
20.9505536556
1.45535195433
19.9117988348
46.3138370364
17.2952449936
36.1496247053
9.21237873473
9.20211265795
22.3936124649
6.94886171446
33.8615827728
28.980514627
33.5623325688
1.25232039671
9.59780021059
0.491713544587
1.22911757603
1.94434855878
42.9311314466
9.27476164699
7.73433330842
12.7111443579
11.5535880011
27.0575351268
23.2537206374
56.348887302
27.1476335004
90.8097615838
0.919039741159
22.5108376779
14.875048684
28.8790198183
12.3893947801
10.5372735635
2.88779845834
157.718727227
25.3177689482
23.8935728967
1.53731433442
12.0201526782
22.0911925421
25.6234848574
15.8616067171
19.3654230621
1.38913317025
7.087722525
34.6018057243
14.3179969266
50.6878037899
32.3744129911
56.3182104528
12.3916395474
25.1830099867
37.307691055
5.40620069393
26.0289990641
6.4563157931
6.46315694599
6.06227318198
79.3477114812
20.7250361117
34.9862706029
20.7181381434
6.0201112032
26.9106754661
17.8314719796
16.6774862115
5.51079805008
52.306107251
8.03309792652
32.1007211208
27.2556419614
23.0364144319
10.6869022809
0.911233820021
13.8196152225
6.84377309074
0.300298936666
9.19495808333
51.298855577
27.7471279241
22.037577169
28.8220746629
47.478688105
246.743430516
3.37940396369
101.626264706
10.0501826964
1.69812756032
14.5176752508
33.8523348626
8.10479733254
21.0740520428
24.6984554585
35.0479523633
46.1984743843
103.253693439
9.98917074502
18.5011931732
186.842704626
88.3705833034
25.096334387
4.61306107649
72.850562076
24.731282875
27.1304279957
7.28454369307
33.4215586558
32.9614131209
9.06868755072
53.9750622958
69.3430499921
39.1632841901
23.062852487
48.2366293073
15.0577501617
43.4439638705
22.5978217944
17.4938038308
57.2358671575
20.2691990957
2.7787322849
0.803319359198
9.78589110542
36.0422555599
17.556312494
25.078190988
15.5040342361
21.257389985
5.0110953413
18.2015690748
23.2260447163
22.2487647794
11.8241309607
17.1284614652
0.728339463473
0.0
50.5968802894
48.9884966892
6.40760268643
288.538467072
34.3004107027
16.5677821711
37.8818779829
5.24682556373
