0
0
0.0
0.0
5.36021309578
42.6025249721
61.9100946766
1.92684678733
1.38778243773
18.2621429935
51.959918797
1.50086306781
2.19928717241
0.0
6.60247184335
11.2438808307
5.44196125399
2.18425896764
13.9013871839
6.54662188142
24.5893334002
1.07084083836
13.1050926223
6.70429155974
1.19705732167
1.75328814983
7.25870490074
3.05859589577
0.0
13.5351292715
15.3593802899
0.0
16.5766127156
16.1335462611
18.564180918
20.937812984
2.24734376371
10.8819379304
25.2578119346
14.3226734754
31.0853012503
5.4088485539
6.409295775
10.263606621
9.7310494627
16.8475789195
37.5282113234
36.1225853674
1.92100279033
14.5057298653
0.411518241511
0.593493394553
0.698045952245
44.3081721682
7.6780736167
13.5785196209
15.7943876423
4.66971830093
11.8286144212
19.5307096448
35.7938915129
69.44545668
35.8518050909
22.8199819922
24.6511075795
11.9128708262
12.4557702541
8.8284607362
7.78744330303
2.43657430819
50.8446329311
18.0638576997
18.7320203036
0.0166323962621
2.49584457557
11.1499598622
13.4783248901
11.3145144135
6.9084141925
5.18744203447
0.581286085769
50.9237567782
15.5156652555
15.9972740002
18.3718480915
18.6070532799
24.5978947711
18.1130649028
28.6851680203
5.98446289637
21.500536127
3.32405497133
4.67092550731
12.2564946581
35.2877684813
9.72029526158
31.2769484258
16.4233320057
4.90152592817
27.6889125108
20.6021233017
15.1635158847
16.5199622009
38.5553027429
11.0132460259
26.0968563929
21.6750738127
29.1481310203
24.0282074623
8.71934499778
4.17981058358
4.63499119178
0.622014194726
8.57277721166
47.0848079659
28.6403339021
13.0500820018
50.7264326234
26.7196799386
235.953327069
5.66214434803
68.4945851359
2.82045507432
3.62701202184
19.9895496131
41.2385720909
3.88655343187
12.3821038306
31.4250697978
32.4973230288
30.926827429
89.0592976994
15.6362821385
3.44212016837
33.8184144626
67.0146409795
22.7043590918
6.10092426091
67.1819913984
17.6592077929
18.450367609
15.2919239653
52.7756680325
26.5765711488
9.63132426516
61.7206904813
24.8852828714
27.1248522866
24.3716069162
46.7345409953
11.4533943515
34.1954654306
24.9841879159
19.2063828707
70.0323853805
11.1863964647
11.4993010014
1.5936742723
12.2977860533
45.5985337711
14.9276939034
19.2311281292
12.8701631874
20.5338526704
6.8233988285
16.4786124704
33.8144839872
38.3470671158
12.5540629383
5.5652668951
0.0
0.0
35.8470835536
40.8104682214
1.62218657043
31.7011861879
48.0485541523
8.67985671758
65.2752234936
28.1175482366
1.05283981562
0.0
5.23832255602
17.6904910952
7.31919919699
11.6238360442
33.7911618502
17.6995212436
7.2804401759
20.419922322
18.0287594441
44.725120783
2.78103723005
8.44512620474
0.0769766774028
14.9217579961
1.86685806513
30.2775420696
56.0323033781
56.5151689332
3.77930402755
2.43608341925
0
0
