0
0
0.0
0.0132827810012
13.3247515373
51.1993040162
65.690761325
11.5229040608
3.38075374068
10.4370467663
62.2808507234
0.62494622916
2.70024263208
0.0
5.13896191121
23.1885026693
4.29131555558
12.1402799785
10.1112646647
5.12512148916
20.7344056964
0.116874821484
4.2485082373
10.055887878
1.54175117612
5.67327913642
8.71044516564
2.61274409294
0.0
8.78588998596
17.3993411064
0.0
15.8918316029
14.6348762848
12.4983157385
21.5715893805
1.20663378015
20.2247818261
46.6104051768
18.7623515138
39.5997097939
7.39083891828
9.15181683562
22.9207713353
5.06276872102
34.6052126662
41.5218328145
50.8619471196
0.372995065524
27.2864503534
0.885450990871
0.685621983838
2.46751273423
47.1040127222
9.19066727534
8.10659336484
10.5154353641
10.2727522636
30.0217743125
33.6059798515
40.662329983
43.5610111802
83.9083385467
7.88425733148
24.1552157254
10.1561239176
25.2976737096
11.3726942386
9.15864311904
5.17565383483
142.275596632
13.9261459038
25.0784536236
1.4985068813
19.4733865885
26.7151465906
14.9399350584
16.7538713515
17.6149691613
2.60819399357
2.08444968984
43.5193436666
13.4780893698
55.0323033259
29.4514507726
54.8516007365
11.0909049944
23.9075762867
37.9006717354
5.83642877311
22.857966911
7.04115432502
6.85494001954
6.50615241564
75.3945799637
15.0046797954
45.619651705
22.4959237352
7.34737671912
31.0181601941
20.0821107924
11.000685547
10.1135784415
43.877475947
7.02207920328
35.8442897033
30.3949674703
24.214209661
15.8988114847
3.81366709526
12.9800732844
5.13270241207
0.302752621471
11.8537441492
46.9070683234
30.176992368
18.6900502816
37.7964701393
45.3832415789
248.999676938
3.54684519209
81.0594986378
5.00721084326
1.37908700667
15.4127068967
32.8141628494
8.08793342114
30.2560132742
28.0141807404
27.1012270488
37.9822099591
60.3940301165
16.7670304924
21.436241772
103.39591704
92.3288276642
27.2198354964
5.5257024779
79.1193360658
22.7843604237
17.0544705894
8.58539131378
35.282039903
34.553869254
7.09145539999
29.7219305496
75.7813699361
37.0363518521
27.2588822321
40.4653082191
25.7504964842
44.0711704642
24.0489455256
18.5199841037
61.8396625529
14.8114264011
5.00637200474
0.700414467137
9.44081703386
41.735233901
21.1168444678
22.0460169911
14.6120423293
23.8416669667
5.57329833134
16.6389362812
29.569860931
20.8735142481
9.0241716653
10.3549623191
0.167449012399
0.0
44.8249143809
38.2454594894
6.17492910382
210.869202465
35.2900885195
16.2662215233
40.7508307322
4.7312472649
3.01491495967
1.28764537163
5.34461393952
18.7122315019
9.99412333219
14.703055054
36.0391574129
11.8650144562
7.82853926719
22.0275996029
12.6618960304
29.3461250738
2.69761869684
0.60410260968
0.0328598739578
6.45614518224
1.94803833961
35.2631394211
88.5968548805
51.365690723
2.61977246405
6.64703703672
0
0
