0.0
0.0
0.0463306428864
1.37984789908
8.52277030236
36.092826264
53.655064037
1.62954566628
0.879190832376
25.0012818967
9.1303474512
7.93819402903
6.8289049901
32.5002350808
13.9939132333
15.6814579368
7.45224303938
23.4199304804
16.8101283163
7.27636087128
31.6677149311
1.98236134043
11.1426382475
4.55148826538
1.81939152069
0.86154955253
7.57830119134
2.54261183738
1.34477341175
18.5416167984
14.47305049
1.7015506234
20.9654866224
15.2401297242
23.8543375768
12.6987996697
1.8625283204
4.3392926976
61.887873371
15.1567264348
39.2037641779
9.66284652845
11.073415638
15.1569564678
8.56290365942
27.1550857277
40.2158203126
25.5539770927
0.259522341192
10.6415973483
0.318063335494
1.13688066602
1.47165131383
32.566997142
8.89767483809
14.7536219861
19.3329814654
6.69506794586
26.2574681808
37.6735305233
40.175415041
54.2708984837
12.3441596031
0.616525059566
29.2336127088
30.7078250292
6.70484416745
11.9120869562
9.27171831624
6.2534625493
70.6721980423
20.1928293519
11.5655277595
0.0
5.69691799138
1.72640952375
13.767084768
12.4039743841
6.93938030676
2.99442240223
3.39630568027
52.5123224705
16.2499806862
23.854796377
7.7218849752
3.90620267765
11.6395948254
13.1845508767
16.5695720483
5.21867505089
21.1602605581
2.69729174674
14.5727580339
15.1572874188
42.2896616645
34.1981178895
36.2213007175
14.8057113737
6.73128745704
17.7050065398
26.1909928322
17.5721690208
10.7174658794
42.187494725
12.4196062647
41.8157867314
21.5573562998
26.0138457454
31.2114468478
1.51461011544
18.9150667861
5.18449694105
1.31445461512
12.8379103616
37.8818581961
26.9265935606
14.5321406387
40.3676422555
19.7628969513
185.334634401
5.12053567171
59.0968672111
1.55681593087
3.9576490405
27.9014600026
36.9022057272
2.93320970983
6.82968919538
24.8176304921
29.6152648776
28.4226476626
76.155905418
11.6763257124
21.3872379419
61.3901031926
54.2770693918
10.8356158342
9.57699435857
49.2509213537
15.1592206992
11.8945003934
20.251477534
61.0890425071
33.6063591857
11.3051916137
79.1984912753
23.1152988053
17.3761147745
24.1073616994
39.8782458007
17.844500687
31.0588247124
23.296340324
34.8416696302
56.365409989
5.11270603538
8.98609802126
0.290565177799
1.49470230471
27.7887669658
14.4514032304
21.6934743226
11.5656704809
22.9794284999
6.81423026695
21.5454737395
26.345452169
40.3494954967
16.6760220677
5.3302013604
0.0285651208834
0.0
35.567822233
23.6028328389
1.02899780776
21.275738575
41.9447664991
5.66100914777
41.2526122034
19.9816261902
