0
0
0.0
0.192135242745
0.277820667252
0.872295713634
1.43011999526
0.376228943467
0.0483881756663
1.25670805015
0.957926079864
0.45598946698
0.339224758907
1.13919329643
0.0315919592977
0.334935502848
0.121587269008
1.79587328434
2.30902810965
0.140165359946
1.18021178246
0.576269976795
0.195878748316
0.0534536996856
0.0358188897371
0.0107055287808
0.443138122559
0.0308292433619
0.139878511429
0.58804534981
0.382247032598
0.101332809776
0.0672847676324
0.484930723585
0.156276448164
0.750915763667
0.00430720340228
0.170628275722
0.0458662298042
0.260342837195
0.75665446464
0.907550402451
0.241613808321
0.223997543799
0.42553074751
0.940594454762
0.857509932248
1.60665206728
0.264635348576
0.0939483875409
0.447757559828
0.0
0.432840836293
1.43124969525
0.337243651506
1.81093894161
0.491816591064
0.229083395097
0.405346981948
0.999366886797
1.18238909892
0.710822531953
0.0
0.0130683975294
0.833538834937
0.565893850755
0.458240709035
0.700059566181
0.158247509389
0.665881273104
2.07690844918
1.74701780314
0.556629589526
0.0286212963983
0.163592107594
0.23871281743
0.215447325259
0.251344878227
0.0590744744986
0.0172166004777
0.364687349647
2.16846568324
0.233850482386
1.91807988333
4.68505171401
0.975560763851
0.0773607166484
0.319199789083
0.483283277019
0.0397763850051
0.978653818602
0.427904064418
0.902870378923
0.830666359048
1.23293427145
1.03525239462
0.597983325832
0.0795925213024
0.201675004442
0.548743529711
0.226233281195
1.26844493393
0.159326053923
1.69404939422
0.909050079994
0.996567601338
0.626791087678
0.731405192637
1.59552159603
0.0474162037135
0.0539003615268
0.0103722668136
0.154988124967
1.43314191699
1.36252578348
0.308097482892
0.644115732517
0.812539541163
0.59406354744
3.26023790194
0.496589742368
1.01380110043
0.38697174564
0.117775224557
1.14806425245
1.11533216806
0.426953366958
0.295469621196
0.627810796956
1.17466760881
0.312450803118
2.51219078095
0.297234446974
0.971136710024
0.102810841869
0.309203821758
0.0712959440425
0.313378580788
0.561603642534
0.964941438287
1.58449231461
0.558085863478
0.920716437045
1.02263375989
0.43727551261
1.57305511832
0.678196692315
0.389492366347
2.0135024935
1.14891795791
0.893754439603
0.63429260347
0.985971614893
1.83866413031
1.05812230939
0.226603709627
0.323620028794
0.0352286228444
0.00137600745074
0.647955129971
0.363732628524
0.332340596244
0.0237692417577
0.773146606167
0.134083155543
0.611051367363
2.03236832726
1.32986038318
0.923697732156
0.182957753539
0.133298188448
0.0
1.97698633943
1.87566001795
0.898611284094
1.94170927675
0.549199368805
0.40095846355
1.47076909617
0.189549510833
0.0427130647004
0.11861409992
0.324062881991
0.563003157265
0.585029532318
0.830559018999
1.06606938643
0.532881712541
0.566295127734
0.191648872569
0.28152748174
0.394855018705
0.0526651702821
0.308106074459
0.303229307872
0.446632615523
0.46623583883
0.427372535691
0.77873679949
0.768244001782
0.749226812273
0.0465835444629
0
0
