0
0
0.0296540278941
0.0622946750373
0.114820981398
0.638012026902
2.53422059305
0.218108484522
0.0775534082204
1.03638799884
1.21709165443
0.153031600174
0.379900217988
0.436127841473
0.184010993689
0.797831060598
0.0706226527691
2.04784707725
1.02489039034
0.157898475416
0.966406514635
0.0378811350092
0.53563276527
0.256849166937
0.198385945521
0.0758620277047
0.580982193351
0.0434096734971
0.100367352366
1.0438880524
0.216097000288
0.00573541806079
0.22217592923
0.639701459091
0.739587516291
1.18417100329
0.0506697650999
0.298669222742
0.281430313364
0.817074876279
1.13981916197
0.709553877357
0.285765484907
0.68586038705
0.115747930831
1.06872535014
2.00473839242
1.65313678782
0.0134780994849
0.0579026990454
0.370858806185
0.0
0.142988661188
1.6356141991
0.357252184884
0.836403622467
0.524373555207
0.0831224834546
0.357557196403
0.999347298406
1.16020612326
0.582041129004
0.730871119769
0.167652281933
1.28670539812
0.870673540048
0.497756301425
0.820930409012
0.37921840325
1.68057918828
4.36663483316
2.1171994824
0.554637572845
0.0162419846747
0.269353214069
0.096161250025
0.549663886428
0.469710162375
0.0038248966448
0.16463437723
0.229813310783
1.96887414483
0.672356219962
0.601501866011
0.912949478254
0.463223721832
0.166486601112
0.833118444774
1.38038626313
0.206105018035
0.763625690946
0.190005499404
0.63246422261
0.400518596172
1.39995883219
0.586991345743
0.909106108593
2.18739333609
0.247478117468
0.43828276312
0.668804168701
0.530480814632
0.126810051035
1.59782320354
0.958909192123
1.08285568468
0.53179746645
0.89979950781
0.925567182712
0.0511107265484
0.986712781596
0.0725947672036
0.196415020153
0.632236934267
1.02732372587
0.293087404687
0.977547500166
1.16590857413
0.749767063593
5.27910843049
0.0
2.34319191752
0.205627568997
0.0564751177444
1.33579061483
1.47644523345
0.284721821081
0.699826626224
0.806973612402
0.990068140673
0.755660655675
3.45074648969
0.28751010244
0.166136889951
2.79423457
1.01312848111
0.171061743633
0.281110756914
0.630107979989
0.656368446536
1.74522455176
0.751148263458
1.34972790349
0.288123440871
0.261732435261
0.95093396306
0.541987032688
0.62862921413
1.99096682295
0.969583448023
1.18397938553
0.746559510706
1.21990909288
1.05146153923
1.35313328204
0.437220539432
0.523011105834
0.0421141928528
0.0207883662079
1.14728770254
0.906449142843
0.409009747207
0.115229267161
0.597532571526
0.0906844432466
0.850568495225
1.71614782931
0.642784836353
0.799625975313
0.0491452402202
0.090649664402
0.0
1.95367707335
0.999544790946
0.380372122861
1.53452103015
1.59806353413
0.164470553398
1.38697394053
1.60818840563
0.108879670501
0.0
0.061237658374
0.899251259863
1.26319922507
0.685768179304
1.73540932685
0.302185180131
1.31605522428
0.794803181663
0.582668158691
0.598507903516
0.479160832532
0.243612671329
0.0988135788939
0.461705707945
0.101690866053
0.520759206265
1.35588873364
1.3398007229
0.377628862858
0.0801827067044
0
0
