0.0
0.0
0.0
0.85472965613
7.84411991201
26.7828457318
41.29728573
6.75204508658
0.423324935138
36.84277419
20.9032716583
4.69060358405
5.77333090548
29.7221517564
3.6458427161
8.02513928573
4.89685177802
40.2355015493
48.4339456447
2.65222513675
20.9066329524
10.724651657
16.408324521
0.267005413771
1.36507250369
0.493183840066
12.9789419174
0.494025170803
3.16592967511
24.1780090949
13.0639381539
3.70701176674
2.15974071063
10.9900959246
4.92507669422
26.1044620313
1.64048163593
4.90825697779
11.3480678564
8.69342075474
27.8760795146
22.0616473909
7.4373047417
2.85469269007
4.83029424214
17.3164351489
16.2854996938
27.5022604018
7.09857948125
13.0855427161
5.70424892194
0.0
7.32262904942
41.70937269
6.39937749413
33.2203605026
15.11111442
2.05633009225
115.799456321
22.0770828249
32.817815479
22.3341808319
0.046575405635
0.656369581819
23.7674153075
10.2794470824
10.2874023635
20.7249801569
2.9296290949
31.0580351177
47.8034725226
35.5733559038
13.7075768486
0.468859277666
2.32687907712
6.9300724715
8.23752576113
10.360228275
0.648710153998
0.345517471433
8.48416665941
41.8183771224
20.0725370049
23.1813515034
79.0135064302
35.7660412061
0.816768025049
6.30740779639
15.7076020315
1.16301801056
20.9562319871
7.94566827266
23.3906973079
19.1430731155
21.751902435
24.981039293
11.7112592105
4.4870480569
5.98299876089
14.2631688863
2.53461295366
27.6878983788
4.67654038222
39.0746834278
16.9375121892
26.7231219559
8.54485340695
24.2725834222
27.332879478
1.21145967208
7.3331518583
0.772575982846
2.53631182015
24.9865179062
35.5484561921
10.1962661929
18.5782670975
25.4535520692
15.2501980439
91.7129614279
8.7332659643
21.8427648358
51.4016468916
0.831756600178
36.2108618225
23.452762194
12.8467752524
6.95502409805
16.7186778411
25.9948656746
15.5497892685
53.6341779828
11.3636176977
18.2833245993
2.98420614888
6.29403603588
2.31115905941
9.3818244785
12.462113617
19.826048702
23.70895027
11.2971810401
16.5172706014
30.0571601904
9.95141409338
22.3820525855
20.1298487917
12.932709991
45.2888048887
27.6013134588
35.4219269129
12.1967940805
30.044697851
34.2579358752
21.6145619508
0.505355743692
10.9435047805
2.00447881222
0.0
24.5424431114
7.7890604753
7.77592518926
1.62001331337
15.0379650705
2.49034858123
21.030621618
44.7072031853
27.439158941
26.7993167191
5.1549875401
5.27097952366
0.0
34.2965844869
48.1600336433
15.2967761946
33.2880908122
15.7432062775
17.8066309691
26.1782503723
6.05103316159
