0
0
0.0
0.188527831808
0.134488385171
0.861684372183
1.30407946301
0.0688366387039
0.0609771674499
1.103183656
0.893336561974
0.277420684695
0.415005161311
1.581356287
0.276697389781
0.505029511231
0.276068031788
1.37151957769
2.15944202663
0.0965723556001
1.48594385758
0.310351476073
0.00493332929909
0.0655185114592
0.0188476708718
0.0
0.0
0.0159105248749
0.167897507548
1.03773293411
0.405522070243
0.0340112065896
0.0432481195312
0.386549510295
0.190886517521
1.82676743495
0.00403117958922
0.211482092738
0.198972224258
0.401855846576
0.573176812846
0.811754634196
0.373811123776
0.231926754583
0.327739963774
0.881908330135
0.979371304391
1.02116602799
0.0
0.0065509933047
2.62315423624
0.0
0.186232081149
1.36737448012
0.328160498932
1.77841082064
0.2097680773
0.371638603625
1.05301205139
0.685051724315
1.17877004715
0.0
0.595339000225
0.00200341804884
0.976316363085
0.521015685517
0.551754268352
0.757663954515
0.17781120399
0.975687395548
1.3980302501
1.17311995197
0.43496942101
0.020165707916
0.124775645032
0.496228895849
0.244114004076
0.213858872652
0.116912614554
0.0526684075594
0.533331364393
2.20921933837
0.27978875814
1.80494815367
4.83107598993
1.10225718375
0.0883046450326
0.360664539563
0.56064246106
0.0626453519217
0.846760559361
0.532855495811
0.971220187377
0.765982603654
1.72569406265
1.17504818831
0.796784879756
0.314723440562
0.318669315777
0.62814320717
0.270189788193
1.62702800333
0.119210140547
1.93793083122
0.854312955867
0.878829720197
0.551817648346
0.64230657788
0.552464210661
0.040177981602
0.0861979448237
0.0536872142693
0.103673648089
0.498575132573
1.27123717219
0.237037212122
0.548188758083
1.12621542485
0.612682062667
3.31682650466
0.563652174547
2.34369808901
0.654154938529
0.0989251434803
1.25821291003
1.00202558516
0.460808085743
0.228438351303
0.557850118726
0.990759915439
0.231122047175
1.51114249043
0.206495665829
0.393490952905
1.20434012637
0.214942568215
0.0407385841827
0.262634168146
0.401843485422
0.879391023656
1.76633499376
0.622268824372
0.807833587867
1.13766717503
1.35836674552
1.28913347423
0.612146356201
0.33567403676
2.16753995232
1.22064902436
0.968982273189
0.43003893923
0.802585490397
1.50557245221
1.09337274299
0.280968727544
0.243860162795
0.123168185353
0.00871861819178
0.320360139944
0.397426840151
0.288151707966
0.0604049067479
0.568484216463
0.10505832755
0.535239610937
2.36083945399
1.16501351655
0.977374478243
0.1603969438
0.0
0.0
2.91321608797
1.98834066006
0.706043866463
1.95276629436
0.842272683978
0.252750739921
1.79802722763
0.198458354687
0.0664499774575
0.201908648014
0.250509083271
0.631764452904
0.474121505395
0.745024337433
1.12223388022
0.976296989247
0.836491483147
0.234547540545
0.216036766185
0.467512063682
0.11619002372
0.263881718332
0.305981089361
0.526095699519
0.360093988478
0.598923739803
1.00571491383
0.607026208309
0.240718474612
0.0542892869562
0
0
