0.0
0.0
0.260313078761
1.29810185172
5.96182968468
16.1592120286
38.6233554175
1.54822313413
0.129601433873
23.3085572496
20.9600456385
12.662498326
8.0514478907
43.698508501
14.0989342332
15.2272441462
2.25460857153
41.652943343
28.3683378919
7.86328269727
26.0138654038
0.589872691781
8.22641854639
9.05757132545
4.7276679799
0.0
7.93948727846
0.15083528962
3.16184985638
24.7855920113
6.41143377218
0.0769436974078
4.56318066828
14.4217210924
14.6491233576
16.0173440762
0.791765984148
10.7811223492
13.2025854942
24.7057376784
21.6435037348
19.2569133863
12.0982150286
10.5819206243
7.95593508706
16.5782040926
34.5561103709
44.0984669839
0.0893410630524
0.0406753979623
3.28662043205
0.0
2.36785448715
38.0037085711
7.4623714909
30.3785979151
14.1427205354
3.25519465282
14.3129648622
24.98029536
31.8786939886
3.58181351424
13.4323312417
3.70312150195
26.7349755569
19.2624413297
16.3193557849
33.0472680274
2.89118494838
19.7036342584
91.6446959786
34.0138669834
14.7728614742
0.425565783866
2.02786327712
7.90357654541
12.2949980199
4.95200675726
0.176586939488
4.6868635565
6.52946090698
39.0330609754
10.5808616728
14.7340670312
29.624546064
11.4060063735
28.8241729718
12.7188028875
22.8377864189
0.608748648317
9.75212241523
6.1929935664
3.66947182642
9.06976493542
69.317024879
28.5541264414
21.0627529984
55.0638004951
2.37555398606
15.136116669
11.6787654162
17.319657281
0.783055528534
44.5831090697
23.9653414954
23.7119720187
15.0394393299
24.3474973886
26.4661689252
2.2508630231
17.9108897215
0.516957297922
3.10367701202
31.8588271738
25.8890289506
3.77425441704
17.2207549643
25.1869653036
22.3993225247
103.024467073
9.14248251914
38.9373594113
6.57494097948
2.0326902587
35.3935051001
34.7693327107
3.20070156456
11.7171642235
16.5824764464
24.5645005759
19.1138324216
81.5461411066
3.62440089137
2.11629953608
62.7122908397
7.02575728298
5.96528410166
4.51476382836
6.92489234359
14.5664905105
46.2638888004
16.132385496
27.7841791855
14.1796039841
12.9953942914
25.5451494456
15.7783728903
9.58690291502
47.5963595287
30.7538089157
29.5033312886
18.2479308508
28.3267491235
34.7963407841
27.6890129568
6.67050497419
2.81889905782
5.47313523106
0.260683313011
29.4187843279
17.0552034527
6.04960772395
5.54031699523
15.4946334064
2.44251050054
17.5299910605
57.6568308324
18.7673283219
24.7059743162
4.06900766866
1.10040333867
0.0
45.5650131684
41.9146895131
8.34614599495
43.3239550944
25.7674346119
3.00603751838
44.3015154451
27.546594221
2.69812054932
2.6484459713
2.17452299595
16.4591981471
23.494532302
17.1110723689
31.923212003
10.8241917416
35.60736081
10.7348463535
9.88864938542
9.55069952645
12.5423931722
22.4645805666
0.12639539782
9.60036530345
1.3630258441
16.1019439744
33.9806782342
31.983571373
7.4231802821
1.79275702313
61.9900000001
488.860000001
9.67999999999
6.49000000001
0
0
0
0
0
0
0
0
0
0
