0.0
0.0
0.0
0.87651720643
7.81108949148
31.1573984028
40.0838356716
7.73128102162
2.03558626771
26.3446573913
23.4389786348
14.3743010983
14.9101974433
25.8349027634
0.0
4.90234185895
6.19703793526
44.9899415345
42.1352887423
6.49597035348
17.3295619357
9.12391044571
3.37687820568
0.199158780277
1.43671875447
2.31339688785
7.68198680878
0.0
2.8446468115
21.6498184735
4.09024517611
1.45084509999
3.30658254773
14.7596019208
2.13624459878
33.9205326475
1.04069745541
1.73120067269
7.31844422779
21.9729885785
25.5288577918
17.696120834
8.69195610797
3.3485295726
6.84162328764
24.8144200164
18.3259927388
64.0244367979
0.039297223091
14.0576681681
23.4132636278
0.0
5.16083914786
26.3433524297
4.90914597362
27.3467563615
10.7174873985
2.63815058023
44.4528804794
33.7315400849
33.9258240089
31.4144096374
20.0367687447
0.0
22.9659382403
12.4108370002
11.2400641716
22.7744534835
2.17944875266
31.6884403531
34.5355012044
18.1829535426
14.2225613622
1.04952979088
8.16832513735
2.18977258354
8.68770193308
13.4748724401
1.40171545744
2.72880774737
5.47345487774
46.8319657891
9.92392345704
19.4851704463
73.4010196812
22.5420987457
3.5814824123
6.53468655562
6.85529773682
1.32265330665
20.4087809594
11.0948345438
19.4292546809
29.4200750124
18.8735764101
19.8945589112
15.8234470985
18.2058435758
25.1940306835
9.08815529198
2.87299400568
31.5069206246
4.01127411425
44.7362113147
18.001955023
23.4955830686
13.9624286382
25.415034528
22.5815075934
1.46021490544
5.03614396044
2.24178926647
0.776047110557
43.6640875339
36.7935165278
12.0591454972
14.2804617863
32.4536438808
14.052147042
86.2562613684
11.6280147471
57.4846968446
10.6594256731
3.08417120575
25.0791503414
19.7801080942
18.30312033
5.97491853638
14.9700377695
28.8516326398
17.4024280552
45.8517604229
26.785172171
10.8626596928
3.06146865898
7.8909265548
5.89901020378
13.4481662046
18.165048793
21.5575826392
31.0565209464
15.3410193846
18.9950238699
34.6243097539
8.89863438998
40.5121570229
21.0500327381
17.7507515657
36.7442835643
21.4480751446
29.6646731683
10.2880177963
35.9069443344
39.2705585362
35.5341355205
0.316261455418
12.0706063807
2.42728301882
0.0253151832149
24.1809234079
8.49565557204
6.63285985217
2.21891561709
22.1399009228
1.71576076001
20.8974276111
56.5427001269
19.4623936191
26.3463312686
5.7869193703
2.41792184114
0.0
36.0835716874
43.2059773003
13.7431092896
33.7978697083
5.72016651929
12.5884956121
26.4460995643
8.54545331374
2.15469009429
0.0260959099978
18.2289349548
14.5264777243
17.118103534
21.1286526024
20.8063208107
21.4897822738
6.2773178257
1.32062578574
8.7604905311
25.7110390327
8.30694817147
2.24900403293
1.22531853989
8.56379374488
18.1785963178
14.2317797094
11.4566256925
20.9787469357
30.484826982
5.54637825118
4.21000000001
86.5300000001
0.03
2.28
0
0
0
0
0
0
0
0
0
0
