0
0
0.0
0.192225041799
0.139776773751
0.825712719117
1.41587984306
0.34802797134
0.0421035098843
1.26470450894
0.913527607685
0.261778935557
0.512983450899
1.51981759071
0.201597683132
0.347271314473
0.385345079005
1.78106089681
2.21882706962
0.108228207799
1.33022695966
0.449503786862
0.0190933570266
0.0654301093891
0.0615885916632
0.0
0.0
0.0141762495041
0.153074577451
1.01715870132
0.39487089077
0.0506367548369
0.048735181801
0.504194360226
0.209424650297
0.820580522297
0.00489062216366
0.0198862347752
0.252593034878
0.315978067811
0.635689407354
0.841459364106
0.341145835875
0.285078928689
0.324889272451
0.915264313575
1.14335182356
0.705651373602
0.267661094666
0.0773977842182
2.0265746463
0.0889224931598
0.299504630733
1.33700211463
0.330891724443
1.8770004634
0.360348368704
0.159200367983
0.414903939469
1.07011561585
1.16673207027
0.0
0.303195416927
0.00578196998686
0.871864815708
0.639811208937
0.521075667697
0.684327487368
0.142865967355
0.798818529351
2.12588024349
1.31644097809
0.399087457568
0.0293118553236
0.166234351695
0.3019214659
0.299182450399
0.276489137672
0.0952823124826
0.104286095127
0.388566348702
2.14647495979
0.227108956431
2.17031368148
4.6354230034
0.904978640378
0.0453025369206
0.386285621789
0.436355603801
0.0432415051037
0.934222182259
0.425472510571
0.915562687442
0.808319551405
1.81885698077
0.779284831602
0.730470939423
0.195721981465
0.127692097914
0.494023024105
0.327849951573
1.42624047957
0.139993720688
1.9135403363
0.889605464414
0.840072168969
0.609840341494
0.704288665554
1.10256345733
0.0548731704475
0.0904317575041
0.019748241757
0.116189703345
0.562563481973
1.23336123675
0.235495230067
0.726195913041
0.908868691069
0.741773135262
3.21549692377
0.414268997731
1.51091954252
0.484144430957
0.109322316945
1.30590992048
1.2212872589
0.315833741799
0.319210694288
0.510745583219
1.04079571948
0.166694613989
2.15999721922
0.577176403021
0.406432097661
0.666350998916
0.209351020283
0.0488553955802
0.313661255816
0.623500352725
0.901354216971
1.62243780168
0.565771978348
0.833553956356
0.912545836181
0.896461710799
1.17476859875
0.415172972251
0.357807202265
1.98955862969
1.28635237669
0.915187915205
0.292363653425
0.802618134068
1.74234395288
1.06049969851
0.284900143743
0.354284211993
0.127716094255
0.00250062486157
0.496138406452
0.333762701834
0.291750838514
0.0445937224431
0.609838945325
0.154554685578
0.607822139282
2.02828260534
1.23511736281
0.909742468852
0.185358732939
0.0
0.0
2.11185437674
1.77718278219
0.617564803339
2.33124307776
0.55914959684
0.361317986622
1.83305645362
0.0952752158046
0.0
0.21986374259
0.249763106927
0.592362782918
0.4787494177
0.868913059239
1.17092507984
0.507963615935
0.627248492092
0.180321335793
0.210137892049
0.420740813017
0.0746049210429
0.232645308657
0.384276273428
0.454860993195
0.446349263191
0.388357343967
0.994287597016
0.392096212599
0.476607881486
0.052586004138
0
0
