0.0
0.0
3.90286695958
1.22733673453
3.62056848406
34.4702010936
31.1399913329
18.9368116837
2.80583347008
17.8050283659
22.1255673766
20.6813364895
15.9614584744
38.4546289445
0.0
5.42618209495
16.937228322
28.6477798819
53.2673278414
15.4048572779
20.7853931207
6.28834804147
14.5839721262
1.82599711418
1.3653851375
2.21984034777
0.0
1.02927526832
3.47559285163
3.24179798131
7.46183715017
0.900098953397
1.74671659246
14.2392791994
8.99343106896
48.6622156716
4.73766186833
0.407448783516
3.65457940846
14.0606525587
26.1580889338
13.7358979136
12.0825625844
4.32881266997
7.04686707259
24.6857003155
13.8927118247
57.5167758634
7.52942348364
12.0444449689
41.2402350715
0.0
2.38787019113
28.4058627226
6.8594468669
30.6489894391
8.47058388871
5.95186754688
6.77779764869
40.4268711415
28.0646756957
20.667108357
0.863493667915
2.18457649089
21.4090321362
7.23656879179
13.7780651841
30.0598508678
0.412711411714
17.8775211498
22.3907296825
27.7842583694
10.5229870398
0.139996072278
20.438174665
14.2060275078
6.60774390398
8.57444542414
1.85131832957
3.38879655674
2.00917097926
30.4291641264
11.6500570932
17.3607280254
56.1218763067
5.25729270278
5.82027794234
7.81115949434
6.94891643431
1.30729168654
11.4943246543
8.15328517555
23.7620426472
26.2977179736
27.9497363381
26.1500995104
22.7308460735
17.4216118818
15.3487265445
6.42663663626
2.96822979302
18.0201085685
2.51846073569
37.2980717606
15.2515943404
22.2038186341
4.72668825835
26.0001475867
8.79554475098
0.587632213253
3.89093927666
0.888533938675
6.38862490654
24.5256038458
31.8433910554
10.3679573927
19.6919703484
24.9505927786
14.3415112216
83.4173544156
0.0892868265509
40.9394540582
10.3236055495
6.19143882394
20.0279398374
19.305161342
14.8143742438
4.97611588241
17.4359801263
19.0843174523
19.4057961591
53.3987533673
18.6909670969
9.74845214189
7.86948828958
19.6086153388
5.97379595786
13.1738510504
18.8185395151
21.8157137632
19.8806898929
14.1197134433
12.539376827
35.8261891426
15.5845661145
38.2357870416
13.7784710526
16.0533878594
28.2156818323
25.2849356532
28.4748236966
12.3621644173
26.8393068463
32.6955682039
38.3077584012
0.266612978652
13.6800478846
0.253977938556
0.0212689856999
10.2569371853
5.21743905823
7.07070429715
3.05788150896
24.624009096
4.29133732618
17.1030145492
56.2462460194
20.8320773905
21.8770379908
5.63240247778
0.0
0.0
25.2542828054
26.1324418634
10.0487440489
57.7442630566
6.62371204421
24.8725363613
20.3695027828
12.8420562632
