0
0
0.0
3.68378444016
7.6816495657
26.7394389062
36.4875495024
3.9061737936
0.632831364871
37.7032964006
24.1720132522
9.66362755001
8.67738339118
28.5091123582
2.89354616402
10.4861307107
5.45178365707
38.990846604
60.542781978
3.6319227498
24.3978825958
13.4251432791
4.96984066442
2.0585617125
0.824018114246
0.5096212551
10.7656373978
0.438444212078
3.91990613938
14.1538183303
13.7684849203
3.47207025067
1.70718065277
11.1502093244
4.20144237578
18.4989379719
1.20294338465
2.76034855843
1.06041758135
8.59612475707
27.7776588444
22.2341348212
7.1449393225
2.35988451401
7.54821541159
26.7670763266
15.474345183
11.4777679956
0.077218350023
14.2665022016
30.5403184891
0.0
11.4789623972
35.675576605
5.53923784615
35.4911168971
13.3422291968
4.0723874867
7.92742445693
29.8660319326
34.36988247
23.9171050787
13.2857949995
0.164506964386
20.5986098908
13.45034099
12.8146867105
19.9397262242
3.84935440867
21.9468359202
51.2171835881
39.8088494035
13.2304082103
0.38833478093
12.1389503628
9.06906006485
4.81393776835
8.69641292095
0.910863474012
0.385378405452
8.05736725778
45.6527020634
7.98487358539
37.0128544495
97.0066082441
26.6665052957
1.70391039737
6.06361524482
13.3998927036
0.981609161942
17.4250470568
8.6613510875
24.0321266614
18.2072356548
18.3811164312
34.4704502191
13.3493504003
1.54896743037
10.9934141203
12.3828163706
6.6058208719
31.8579515443
4.62423679234
36.5935236365
16.4059162773
23.8846195266
6.9786787955
22.8341587465
38.5284012034
1.27687021019
3.04316310631
0.370864271186
4.07609707116
45.0587428807
38.5629784987
8.72091195547
17.2177252611
23.6623765156
16.1015519947
66.8782823765
12.1003523385
33.1730766334
47.4617980378
2.81414546678
35.2612782418
26.6841983981
8.47850663959
7.94759881498
16.7140083388
26.1869853158
5.81726948731
53.0670278371
7.00882734732
20.5389196482
3.70098864845
7.92508459277
4.10408889502
9.26137985335
17.7418721058
20.2275434397
30.3772858231
9.76718062442
21.6481157374
28.494282905
12.7832023278
38.8519914598
21.2991869459
10.8876873068
47.1893337965
28.5598637479
27.9155947315
12.469963694
26.4751555939
36.6249270626
23.048968764
1.59439346194
6.88274797798
0.881023138762
0.0
16.9336560401
6.44659773353
6.96406638622
0.727660685777
16.9826160595
3.32068786584
18.7266892344
50.3213730288
32.6730569335
25.556999635
4.22254228591
8.72017836571
0.0
39.6923361242
51.3798882365
18.6180179687
41.9018988842
14.755139038
17.2022178769
34.2381108998
3.93757160381
0.650990188121
0.223655842245
9.30333604663
12.1571016088
15.4152764082
24.0402910709
27.1680620537
13.4610657692
11.0155829787
4.98805251718
6.57331582903
9.52951126546
0.019996045623
7.06016112305
1.42978253961
9.51021718046
14.4828179777
11.851878142
16.5510347849
18.0433510691
24.5239484311
1.44201046228
0
0
