0
0
3.2217335701
1.28149276972
6.62820258737
12.8736998141
31.9436401985
15.2837133184
3.14483412355
16.5678215772
27.4630070832
18.7463551797
15.5804223865
25.0344772339
0.0
4.0963674509
8.27045756578
27.8875986509
55.8565035202
20.6395524368
17.5199379846
7.9097649157
7.24412463605
0.154580879957
1.6099101752
0.0
0.0
0.574840351939
3.40642940998
4.09411787102
6.15552023986
0.244266930967
1.21883321274
14.1784016937
11.0426401645
11.4689225927
5.28566730022
0.585210464894
3.08579255779
1.83238057326
27.1072694957
10.6020408869
10.610120181
4.12660008576
7.41376742722
20.9064760208
12.6455770936
31.8291783706
6.92895834334
7.1299276175
43.4399901554
0.0
1.73951970041
20.5912732892
12.0605872739
22.920061782
8.40078931068
4.0001964569
3.77661741804
20.0280417642
30.2128479886
2.62194871903
0.0302845817059
1.02461781492
21.9156310335
15.053453777
14.9113814766
31.1190165953
1.0676316563
17.7824311741
30.4710714185
22.5844721049
10.9606631957
0.133474686183
26.6327077747
14.9877004623
4.54510205983
10.5037984578
1.68194250762
1.69553459901
2.98178424686
34.6599005609
10.0321099916
20.2391051352
63.0358669404
7.22630530224
4.81171478004
7.58076109831
9.24895841628
0.903566300868
13.6067814901
11.1858684942
22.784665972
27.3679545521
20.0078447163
19.6033261763
18.0693385005
17.5345376786
12.0069101835
5.63238388114
1.32361900806
15.9354130346
1.74965138733
37.6609374192
8.27650570123
17.1124715433
4.927209327
21.3859655354
9.00667901338
0.417973777279
4.66206120326
0.879710387438
7.45715028048
29.9162869154
29.6136353129
7.07288363669
18.3969497681
26.2554664762
12.1251540184
98.4423769488
13.3063529357
29.6134389694
6.16791965066
5.92858606205
17.8043819033
17.9734589607
13.7837278582
5.57865093648
18.4796832372
16.3825511564
28.0637365243
71.5008832702
20.1948864316
5.49777623266
10.7253847767
14.515211463
5.61536691898
14.9043441564
18.9512758702
19.9705542047
21.2135198973
12.8193770349
11.02615951
43.3951935154
14.1499110488
36.3486466706
8.28184319381
12.8339598575
26.3601407278
26.6116451136
27.1036702745
13.8468110757
25.6987342145
31.275742069
34.9638230782
0.789067296312
14.8059491515
0.880443275906
0.09459002316
15.7824926432
4.77840045187
7.4964959845
2.13956093229
21.7731152773
4.19036815502
17.610626176
55.4893706515
17.5487259915
20.5942082042
10.2022389472
0.0
0.0
26.7674040199
53.1141543389
19.9929818781
50.7093737628
12.3039061502
26.6049713642
24.6096006744
10.3073211014
6.09790492058
0.842616733164
15.6296812445
16.4157531266
13.7087865472
22.3580545932
38.8257961598
22.188569963
9.41877131537
2.81866297872
21.3867759928
30.3855853826
3.35023257137
2.8737829579
0.829987320118
69.6493556695
12.1813889444
24.2289373241
13.2004531324
34.0385641018
38.8538839817
4.34533242322
0
0
