0
0
2.07171660662
0.4633636605
0.807737320661
21.9393388778
60.2624948268
5.77580327914
2.7355813086
13.3698890023
21.7558902651
0.447251505218
13.9432459921
42.5040578842
3.64837110043
14.4761130363
0.0
52.5830735563
18.7440420203
5.09442807734
28.7540812344
0.993782356382
20.3486258089
6.49587520212
4.2247249782
0.0
0.383516684174
0.384996682406
2.25425308943
21.4700059444
9.54971244278
0.150705037638
11.170804387
10.8657313697
20.0869853441
24.3880624361
2.45006735623
49.3932548762
7.78304674476
13.1623007152
16.6750246435
13.7140004095
3.62889980664
24.8725574921
5.84612493216
20.7507402222
30.8255065531
41.5572423864
0.882717110218
0.678788507357
9.2919147131
0.0
2.47511136113
37.9465892846
11.0200818367
17.5801141262
13.198004555
8.74026212095
16.1453767642
20.3216831563
26.8440067471
36.9157344662
9.83212978766
17.7295858562
43.3739874262
35.316187285
8.88930892759
15.0901419036
4.4025992453
27.9023103622
59.5684182866
36.9553272127
9.73473701813
0.529240085743
3.80597366765
4.55208519101
15.7263606191
10.8629499972
0.770171603189
2.25613601692
6.97165818886
50.2372550369
14.2324492782
13.0860503046
19.7162105218
9.69984632357
9.11023053994
15.935223297
23.9178242683
5.19060990214
20.9468347519
4.65335640684
15.8710690141
12.5736887008
47.2901838943
16.9469341915
15.585458871
16.4196504224
23.6154831858
24.6276861449
13.5916761216
9.51236806625
4.10079324526
39.6545701603
13.3042600192
28.6380095753
11.5621659835
27.8358650318
31.9851202145
1.20759790018
26.7488745487
1.53083844529
3.5198752284
15.8008571863
29.6834824663
8.35613454134
17.3186786156
32.8344592452
27.4211433715
120.642973155
1.4481712617
59.5518413633
4.39026832582
11.3546588849
29.9628477842
35.2964439691
6.04810644686
14.800434256
14.0770622995
21.718460572
14.3628746197
146.345226137
12.0351028489
3.21150189266
43.755310224
44.2885268172
8.22526067868
5.66433064454
35.4909562022
18.5358719006
41.6364561562
17.0638683736
40.409105477
11.7951764069
6.31248753146
37.1390321554
16.4044060484
9.7677186504
35.1970008017
35.8786138817
25.7361174636
17.9101937525
25.7669043391
32.4618948139
26.1845693551
6.32319581508
18.3528118674
3.7234627381
0.51561664883
35.664463763
21.5315364786
10.3359564096
7.64699389973
20.3970026225
1.92831431329
17.8707316462
30.8362192147
19.4715969795
20.0387070179
0.913696601988
4.52985978127
0.0
48.5029473602
23.8865785003
12.9219864607
24.3991142158
41.563692391
3.25973179937
29.792137675
21.4264961779
3.07977855206
0.2661126405
1.99298554659
26.3808626532
29.4650326968
15.2850262374
32.4742985218
7.47780797818
27.1612691134
17.1081118584
28.5835393164
6.90148001165
13.0882155905
6.61581688932
2.4940271303
7.01375017454
1.14559176564
23.1688927151
49.5968511365
36.4902562982
9.70230343937
1.01474493742
0
0
