0
0
0.0
0.100083407946
0.10429182183
1.16558845801
1.48280251306
0.0508429519832
0.0051371990703
1.12648565695
0.906264182879
0.71476272773
0.634129864629
1.77773571014
0.573507338762
0.407797801076
0.262154072523
1.34944999032
1.80765718198
0.228679622523
1.20332194306
0.191247303155
0.389198414865
0.115223001689
0.0793414535001
0.0
0.0
0.16110464558
0.141179457307
0.868921293295
0.407689880463
0.00639880390372
0.0550822240766
0.40333978337
0.597623459529
1.30891551357
0.0342320223572
0.288298368454
0.00516118109226
0.881778394105
0.531970598269
0.820010268362
0.554121519206
0.296942052781
0.319217436481
0.604680524906
1.03979382361
1.95489028539
0.0216714013368
0.00915416772477
0.545149226673
0.0
0.204204913927
1.3335822518
0.308919731469
1.65794322069
0.437982439529
0.228383299429
0.563326440984
1.26465468714
1.25084026088
0.0
0.596629738808
0.0170614626259
0.914405878342
0.86969711422
0.399642109871
0.954896436539
0.160969292279
0.877570429118
2.70189037785
1.80980634451
0.699603274348
0.0140188469086
0.118858406204
0.636345138424
0.357203688473
0.201271342114
0.066030574264
0.114177584648
0.435461994261
2.43053139746
0.428957291879
0.862602106761
1.93206016498
0.163884167559
0.510890878271
0.374150881078
0.747479602462
0.0545980953611
0.674113713205
0.464762628078
0.637802914833
0.588808498811
1.64004051941
1.16215253575
0.722318710876
0.956958539202
0.707211162895
0.610504264012
0.516342371702
1.40534139145
0.0831683033612
2.11039662873
0.992105797864
0.960932212882
0.542491608998
0.652090786374
1.08016934642
0.0352860367857
0.186091209936
0.041084294091
0.0859106737189
2.35254263878
1.07541045896
0.166774373502
0.527659141924
1.29016124411
1.01858648658
3.55886707944
0.456619618461
1.91424231499
0.36373458989
0.076802975731
1.39167180611
1.16334642726
0.289537865086
0.255094831344
0.450854559662
1.1992764445
0.412837356329
3.81887936918
0.21519237943
0.605072956241
0.77139562805
0.177720789798
0.412525855005
0.209551511216
0.334738445352
0.702201005071
1.33199619304
0.581968924031
0.849150353111
0.75183772645
1.22959254147
1.30403771996
0.434133178089
0.353581221309
2.27281098068
1.20668194909
0.921068542521
0.886311280541
0.612900501001
1.13449701219
1.33953066776
0.3630297333
0.301260995213
0.059347521048
0.00965757947415
0.947953244671
0.614073860168
0.367940650089
0.100367243518
0.65896071773
0.0533524495549
0.602140976815
2.51529771136
1.06000702642
1.08297080873
0.225381879427
0.0
0.0
2.03461614996
1.9659102913
0.529409296927
1.65415688814
0.971398733556
0.0987069786061
1.74029084947
0.312512170523
0.0527719929814
0.14439054206
0.0168941374868
0.782736182213
0.465792562813
0.787639850285
1.06985490583
1.56204150151
1.03857648734
0.298773556948
0.267482956755
0.273611484095
0.461776953191
0.147817760706
0.0742028393433
0.380179269938
0.338394913822
0.749847396975
1.13434220769
0.913495290559
0.500466763973
0.0305946425069
0
0
