0
0
0.0
3.61106090249
6.35455180519
24.0790748801
35.707763669
1.40437021293
0.107498866506
25.4785071574
25.1194116175
10.4752529562
8.40601306781
44.6397106646
17.2620207667
15.6670455225
4.22610211373
35.5724092126
31.856286113
5.7386905253
29.1013234332
2.2036569491
6.61067213304
1.92897862941
1.73479346931
0.0
6.17365354298
0.897648253944
3.53968942166
17.3883598996
6.6543280799
0.256688179447
5.47307018191
9.99633859937
22.4739948828
16.9297014624
1.31326570082
4.43672414124
10.048953183
20.5759097231
18.6187826693
20.1067960532
11.0336523559
7.31118961656
4.49478768557
9.18014572793
27.3644126839
53.9923816044
0.0
0.263274198398
1.17624752037
0.0
3.05714489614
30.2672301941
6.79706999659
34.2259130179
12.4229988791
3.97816265748
19.5349136442
24.3638176135
29.0347320511
2.72569674254
18.0974535719
3.17490755395
22.774973765
22.0190121978
12.9169844706
21.4414779581
3.82295354827
17.664323682
73.8803074714
43.1382420211
19.1095709265
0.159679868259
10.0001097768
7.12315269559
10.5569228232
5.86210942267
0.336996812839
3.02770891786
9.63875734807
46.3608049862
9.96517583729
11.350762018
7.39553354122
5.39699949324
25.4372694931
13.2583159497
21.4942226708
0.38168147765
11.8780842908
7.28364269436
6.2000384275
9.2956160959
53.4568388498
26.28533322
16.5303778444
37.8183593172
4.14311317262
15.949758583
9.9586122036
22.084970668
3.01728050038
46.1883614323
25.0342588126
25.2208491302
15.5920569934
18.2927341573
24.4487991427
1.84809403075
16.6098832232
0.554646877572
2.68069700897
16.5692981333
25.6919276285
3.59719917924
16.2868247526
27.2160186041
25.8842214122
82.88964207
10.5023350837
34.3040381222
8.37494657189
2.5668655783
32.6691059767
31.8397556395
4.79041499086
10.667514503
11.1545289941
26.0618635495
16.8645261303
57.2177802175
7.11397190765
9.10250314884
51.3579610325
7.58932463453
6.86345846952
5.43735251762
4.54827490078
18.9025880294
37.9600921646
16.7884584814
21.2728379304
16.5203335639
15.0508985915
28.8850954771
10.7306841253
9.64329146035
52.3591749072
30.1578488945
21.5855903328
18.0334596019
17.6963880407
32.7592416163
23.4258396383
7.34022822977
6.58771993966
3.22982569272
0.213832058944
21.0802983278
15.0608478337
6.14967230054
5.08856585669
15.4333599508
1.74309700728
17.6506817937
68.4635522962
19.8119018935
26.0307389964
7.07408666611
0.0
0.0
62.5371501334
59.3435376667
9.59989612363
38.8183276243
24.8376557976
1.87403833866
45.293352306
24.3826546613
1.89410090447
0.555944100022
0.0
17.2890488505
18.3526593
14.4974768981
26.203774944
23.2120542973
28.2014379502
9.77319359779
10.1303369757
9.3181973286
18.0813975334
26.1280769762
0.107024594676
8.96284675598
2.93090039491
15.621111257
23.6269552549
28.8124417886
8.27416563034
1.5959302783
0
0
