0
0
5.06875956058
1.35761216283
4.6459451071
11.5193080972
37.9011725095
12.7870157221
2.83085659147
15.2116354331
33.0726243295
17.8235124573
11.4865944162
17.3201851845
0.0
4.08531861194
6.37078562378
17.4940651562
66.7052961924
21.8392082155
15.060099816
5.91022825241
9.89038253947
1.85373420082
1.44201019406
0.887326011434
0.0
0.463570699097
3.04690897464
3.4528539204
12.2128958115
0.745881255715
1.54195105657
14.391950855
21.2221360244
19.7842197195
8.50693327188
1.23357786611
1.61929855216
2.18226638809
26.6407650384
15.7673642538
10.5671292041
4.91260489728
1.95217996091
13.6304807961
15.0104450136
41.5833051391
7.90396174416
12.2954682112
29.329478994
0.0
0.541870065266
20.6154476535
13.9358782545
29.0425546915
16.0728084706
2.38336763531
6.89192423131
13.9812468588
27.0645738538
4.67337083818
0.0302845845
0.994158677292
18.5593701079
13.6481946856
15.1074348902
29.7642996982
1.69055611454
24.7181516849
32.5085990131
27.4780379856
5.58573633804
0.420117658562
7.85768437385
7.47982441262
1.54436641932
10.5656848122
2.34639152885
3.45839862898
7.79176119715
34.5575804114
8.59340654501
21.4988949671
63.5773324454
9.75786063262
1.35920557519
7.41787769878
8.0997061925
1.1352904737
15.9314897172
11.1063395441
21.6591071505
34.2678795866
30.2311385292
24.6639513401
21.8707194943
14.5270447042
10.6039399132
8.63136709481
0.589487247168
14.2957934216
1.44904178102
42.4928577142
7.53251106665
18.4267411418
7.34173166938
20.4098282028
7.05627239496
0.423483956604
2.94453509431
0.737335137091
7.07312750815
37.2412866578
29.4210495763
6.83211401849
17.2972227037
30.5436567468
13.2822728008
92.7344374471
4.4124692604
27.7185688968
9.04046407342
6.26142005995
11.7738024797
16.8873252198
12.1844715066
6.79460026325
17.4459301438
18.8584290985
27.9641312902
63.8859817162
31.5102227311
6.36633643973
19.0209309943
8.00308406352
5.18898507022
12.9977821112
18.2158501558
20.6975625102
19.4412500728
10.9532703068
9.602569554
37.5820506682
27.6958785235
33.1113399715
7.96376951784
12.0192452241
21.4549028277
27.5436115711
28.0242935623
13.4398347451
24.7703153863
38.203455912
35.739149873
1.7313342914
8.14273184537
0.516282448546
0.0560219585894
15.4193857899
4.41496831366
7.99212456866
0.38759122789
25.118606371
4.54102712496
19.1171578132
50.4697004669
20.8187995674
25.3096154407
10.7548822761
0.0182655612007
0.0
35.6534968615
44.7817182374
10.8004663065
43.7722399459
16.3310156465
33.1736433506
22.9058195203
10.0087752119
4.554253947
0.910802610218
15.5424711853
16.1011177157
13.9042527471
18.6900640503
28.9604579102
21.9429876208
13.4776894301
4.06807248295
16.569409892
18.4300684333
5.73284080625
2.87401992828
0.75914181769
72.3376081651
9.49208298326
22.8968891502
12.5764567852
26.4991846606
34.4134663939
7.45081461221
0
0
0
0
0
0
0
0
0
0
0
0
0
0
