0.0
0.0
0.0
0.79487773776
8.78370942269
26.3798081736
37.8553707312
6.38693062634
0.273296646773
37.4840492383
23.4621713385
3.63465140016
15.5833362015
25.8462095261
3.15768244118
7.13285692781
4.43881738186
44.3667554966
50.4985126051
2.44367355108
17.0924428403
5.4185741879
19.4707415923
1.86549375951
1.48610673286
4.15154185519
0.0
0.7405988127
3.81304728984
21.7037563641
8.70435731112
4.08597578107
1.1319055371
13.6723722126
3.30003081634
25.1258641296
1.4949426949
5.37517178803
10.4082858916
24.8411824442
23.6237284541
17.7310394361
9.54426275148
3.27596673557
4.04221557454
24.4109512008
20.0269546565
52.0229446572
0.036784691736
12.1873173863
1.54616319621
0.0
8.09515839396
38.7402818798
4.95161395613
31.1400012821
11.5786416046
1.08442958817
46.493794363
32.3201480861
31.9738318558
15.1488232613
24.5351608022
0.349222362041
23.2707181647
9.42356618866
8.49528110911
23.0966115408
2.63554917276
29.6059591994
45.2492009102
29.3705821625
18.3276099181
0.466148637235
5.56624497101
7.1960229054
9.35518813133
14.8112168619
0.974004797638
2.39064138383
7.38113482296
44.8257395402
18.4875475243
17.8879454378
94.2734230003
29.977663206
3.21328457539
6.26808341033
18.0426960778
1.33557941392
20.4188633021
7.28939120472
19.9943481535
27.7188555691
23.9261621051
11.5274703149
9.65720762686
10.4526288011
12.3691036077
10.5746576786
3.58700430394
31.9700544365
4.5783341406
46.587298885
18.5945177861
24.948344227
17.2762147095
23.6086555012
19.8579025269
1.21925829537
10.2377049085
0.841233009473
0.50326243043
23.4583719447
38.5338087547
10.6069265418
15.8824970629
33.9203633107
11.4901972488
101.869882889
0.0348988389595
32.3497267915
36.6775380281
1.65144789219
30.6483017878
19.0277692918
12.7925328948
4.73057713733
17.4555250593
26.5503528098
16.006722921
41.7105839532
22.4122036588
12.0179810431
3.2980868658
9.36290924856
5.5687566474
10.0330338478
13.8827244993
24.4047535658
28.9149922394
16.3491101414
16.280207986
37.0789842763
15.0131257474
31.0150207133
18.5538281249
15.1926258621
40.9593261926
20.6963578532
35.0919017465
7.64242104348
35.6383972764
38.9770663642
23.9347786484
3.29417121782
7.44188126921
1.46886230819
0.0108234474901
24.8311995473
7.00916702674
6.16391278802
1.62309559621
18.6055966616
2.35874205083
24.1031153016
49.3598775566
26.047468434
27.6942219883
5.07916013897
2.21259034798
0.0
42.1431581676
40.8057761191
21.3557110392
32.9258851838
10.9089022055
16.9714140147
31.1576043962
8.54789842666
2.95676728339
0.223655842245
18.2039277702
13.0854840651
14.636481774
22.5141056031
24.2515178918
14.6978812516
9.36335103773
1.07707873732
7.69961027429
13.150640633
0.853006726596
6.18961912394
0.078888966702
6.19492691942
13.500913024
11.3689969294
9.82905757428
21.1092977934
29.2507867812
4.83616919071
7.05
100.73
0.0
2.09
0
0
0
0
0
0
0
0
0
0
