0
0
0.103503480554
0.0537624023855
0.332925172988
1.4463810469
1.40360037331
0.626230498077
0.0934949740767
0.9511999893
1.21399270371
0.661014005658
0.760404646164
2.13539934158
0.0
0.24058003875
0.422148294747
1.33211179776
1.89602994313
0.650386795402
0.869377063122
0.360179295763
0.54739645496
0.0126206120476
0.0610368093476
0.0
0.0
0.0530987530947
0.159014478326
0.139196458505
0.360414016992
0.0483929610346
0.104334592237
0.591998368967
0.240466994233
2.33309266949
0.289447555318
0.0109076062217
0.24944698601
0.350449462887
0.996102400357
0.629195196088
0.515161164105
0.121372862021
0.326973292395
0.929366113618
1.00587149127
2.47904584743
0.274544524727
0.349874029169
0.91903872008
0.0
0.182474084431
1.06211241591
0.402850409504
1.34529257566
0.525084747933
0.166352817789
0.521207591053
1.5258612535
1.25474942126
0.470879748464
0.00788609799929
0.0347410208778
1.06113256514
0.307488543214
0.650338096078
1.11091260798
0.0322082303464
0.991008475306
1.32938045682
1.08517366112
0.396142451325
0.00533081928734
1.14924340695
0.0727364076301
0.260273937136
0.36507539358
0.0764169637114
0.162852124311
0.190988369286
1.38001141138
1.04229735897
0.686988931848
3.98466893478
0.896692183102
0.121894792421
0.357172494638
0.298258555355
0.0698454529047
0.788289500866
0.279928823933
0.840820280835
1.34246591921
1.53194705397
0.899638075964
0.669750062749
0.866223363089
0.698511322029
0.296387357172
0.136764830444
1.01246137545
0.144244353287
1.53082074178
0.520125085954
0.95024574385
0.405512116384
0.838021130883
0.360491563566
0.0349733831245
0.132794144796
0.0237696786644
0.0721252262592
0.626053053886
1.39183311258
0.549770775018
0.785914194304
1.01270603883
0.680791283492
5.45899868186
0.0102458084002
1.51467154466
0.378609387437
0.165013562888
0.912794597447
0.916337200732
0.504485711688
0.255628384883
0.7348927001
0.906707130256
0.85957549233
2.08868202008
0.654765056999
0.332162907347
0.483943442581
0.796928113326
0.236805164255
0.504759639269
0.629511476494
0.889758085832
0.900905074552
0.632017565542
0.608705724706
1.77432492329
0.637504926417
1.46529224934
0.73898326105
0.823649641592
1.15111556789
1.01299002394
1.0359267781
0.571789538255
1.20798835845
1.47511970391
1.63090069138
0.0796332786558
0.237438127398
0.0158221914899
0.00364687264664
0.680428451509
0.295654039364
0.275120848324
0.138577943668
0.894524751697
0.161404988263
0.728467311244
2.29911009106
0.680312484968
0.965378086781
0.528017829172
0.115384608507
0.0
0.985668353183
0.908487440785
0.508754028822
2.24026250152
0.303159367293
0.559386536479
0.980674076825
0.461460015969
0.0922499522567
0.0173193961382
0.331181041896
0.702365144622
0.593744982383
1.15046943724
1.60673184146
0.90602017194
0.334540998563
0.100700396113
0.83001549216
1.21899799444
0.0227851737291
0.128464322072
0.0914087818237
0.474851346575
0.68373850733
0.795117287897
0.627586595714
0.920937716495
1.65287289768
0.299561027437
0
0
