0
0
1.23075467348
1.12512928248
9.11041475738
31.0992659033
41.812815263
10.375824837
2.09332153201
27.3318381607
27.6032260246
15.9100093413
18.79816816
34.8558511735
0.0
4.04897959157
7.66775509716
35.8719582482
47.7579772956
10.1462087631
19.438935902
6.98626678438
2.98972398787
1.94889108092
1.44360668957
2.69432415067
0.0
0.0
2.83362686635
4.56109594368
8.66948673874
1.75753111392
2.85529199335
12.9030197226
2.49950762093
33.7290555127
2.266518116
1.19081515074
6.06518498808
6.81418573531
21.3488145587
17.7359498385
11.3878415613
2.64657205716
5.87898262404
24.1948771421
20.9387743548
88.7278102934
9.3755869679
13.8165830746
20.0282972306
0.0
4.85341063142
22.3796493653
7.43914618157
28.6905206815
13.7517155372
3.05627906508
29.6786451331
27.0894178385
26.7838449526
54.6427044869
0.189981861971
0.719243194442
22.0756008625
5.94200228155
10.90586231
20.0823866129
1.85293285735
19.4006189173
38.8975001983
21.1966810729
9.03665264323
1.53269696608
5.79230013302
3.0936682541
6.89675002546
11.2528511994
2.3248540163
4.09963271767
6.09611244499
45.1786917598
12.2755044736
18.0622408725
96.2488874496
19.8063350804
3.85503840074
7.57367135491
7.74734536932
1.36655852571
19.9940436054
11.1722711362
19.6836652905
30.4297848456
18.0576346591
29.2223165352
14.0604047701
20.7462635329
21.1910990719
7.74823677912
5.65072807296
33.1391848325
3.81263490022
38.5407584309
15.6555922329
26.2782722599
13.4043684974
16.1663905252
16.6343869418
0.951859253458
3.32205078286
0.685547330417
1.47057849169
10.4618544728
36.5023718755
12.0823230296
18.9281201754
25.753314564
17.2307365146
115.38063648
2.6389941126
62.8779926542
9.80509017036
3.90704338253
24.875506427
21.9272671044
17.340435762
6.82807209367
17.3928130008
28.2392004804
16.2364286017
42.5415368042
16.5417448184
9.91369493119
11.0316858441
8.07951975614
5.84953663498
10.1299646683
17.2047868129
21.2143544555
33.7938456684
14.6161963725
18.0400243029
40.2890742206
10.4259037301
36.0130803288
18.4195401678
17.8026305688
33.4922329188
21.0130483266
26.6695324927
12.7002249425
29.8719482822
39.0660981574
34.087420201
0.132675239816
5.73934592306
2.43174451589
0.139914538711
20.416919874
9.13648754172
6.60606428237
3.50025925598
26.6823986582
2.45293206862
22.1089821942
54.7118132897
20.5186408684
22.4657367915
13.0170738101
3.5649473369
0.0
24.8926311134
30.7768433244
16.2537143938
38.962277437
5.4783680141
11.5836272836
24.6989336014
8.65578548424
2.21399885416
0.168586813845
12.1943271384
16.4972366681
14.0964217186
29.3741157353
23.8862784477
26.3576996326
6.9479301721
1.17087171972
12.0370009281
23.4001817107
8.79411245138
2.42119319179
1.42290736176
14.0556610823
18.0420516729
16.6250210982
13.5397752822
20.939490953
34.2267386018
6.63353095205
0
0
