0.0
0.0
1.59200821817
1.66218224913
5.56836330146
15.3709752308
49.1839911082
3.46500095352
1.78231932968
26.6430732497
21.2730918573
3.12916177512
9.63317657635
24.2333757878
7.27494710683
15.9302233234
2.33087790012
43.5750260352
28.7541187798
5.77383710258
26.9646880366
0.771556483582
4.90619581471
8.07097319887
4.31472798809
0.0
6.62965536118
0.914237894117
2.83118927479
23.7567320019
6.53497305326
0.0873380843549
5.12431374751
12.5566168651
17.1515557878
22.7865685578
1.13766808435
1.29010047018
1.89043537527
21.2416299954
28.0038850754
17.8556368779
9.24064988131
12.1116589336
9.25595271773
24.7617348655
51.0347408374
32.6166917738
0.0943721495568
0.264551469125
4.75248691114
0.0
3.19040180789
37.0199106038
5.5242116237
29.8475175142
14.3232206055
2.399580203
10.8321155626
36.8601375482
32.1486682445
2.15540427714
10.3461786881
3.18861747533
30.460965475
19.8546094475
14.7728235126
26.4773221313
8.5774384439
39.559593089
89.2061697096
47.2226773608
18.0647178269
0.347545706201
6.4468571255
2.02781036496
13.9133621156
9.80417431891
0.17277306458
4.73100653664
6.42760920526
42.3007364945
8.90644796938
10.7956908485
17.3092563227
19.3700827975
3.73789524101
12.6146509694
33.4491362573
4.3913847059
12.8165106587
5.41798991897
5.71643856168
6.30235587806
30.9983888491
22.8847067244
24.2075508115
57.2652566302
4.96027828752
11.304210484
14.0674552918
15.4666642137
2.96152719576
43.8330482282
27.4512466862
26.5484360196
12.1924549397
22.2858426757
22.6253192425
1.76350156032
14.8701408394
0.711075447499
4.04358391464
24.9347800723
24.4088682866
5.35742169571
17.0339833461
24.3602166362
18.4285201784
129.501914654
2.96046611666
46.7828898802
5.30120889098
1.45615266357
36.9753314628
36.3322128876
2.66853091121
14.6868335372
14.361258924
24.5179387685
15.6843309095
86.5884736608
7.18718495964
3.51501321048
61.001779139
11.4465282038
7.9538694732
4.83900994622
9.85030772165
15.8918108325
46.9753969162
17.2418820038
25.8799406681
10.0883395141
12.0678684823
33.1295299531
10.6844163076
9.4754951801
47.2225428074
24.6971388458
32.1076442153
16.1604346633
29.5331687796
32.9821657968
29.7653941457
4.3875911683
9.61144568772
1.24915379751
0.320331500844
31.8053315124
19.226473242
5.89130987227
2.55372947081
15.7166680153
4.10575272516
22.198585147
50.0262287892
14.5817172546
24.6961764804
3.01202830346
2.14652520418
0.0
53.3681285184
27.0341201239
3.15004936186
44.2018109496
31.819753021
1.76135623455
42.5353946909
35.1800325216
