0.0
0.0
0.0
4.55439622699
2.40018361061
24.7391636018
29.1017865922
1.37955844402
0.527270670979
26.229716191
18.3346924894
6.83516941219
17.2772378689
42.1695556642
10.9662326574
15.774424592
7.29773783683
32.0990634542
41.7376674804
2.20608135313
28.1698767598
2.73593531827
1.34226596542
2.17545980215
0.31849735044
0.0
0.0
0.458970576526
3.4667340517
26.4526656595
9.02198174782
0.31025348045
1.32010730076
11.2261059461
5.30559247546
20.4947293885
0.38905038312
1.41306915879
4.8464733325
18.6197645254
14.9476643801
19.1727108378
10.2453779415
7.01553802752
8.56700655072
21.7598331571
29.0204862914
23.0988432951
0.552212689073
0.162603742909
24.7885214304
0.0
2.47768045217
29.7047403823
7.41079909634
41.0714044966
8.0619496219
10.4584851936
24.8529372756
15.7186211329
25.9509190726
0.0
13.1204323769
0.0
22.0174651109
14.7641142625
11.9370310865
20.931642361
2.25595178828
22.2712551076
55.9393599936
39.7981428466
9.22313361055
0.0484565030784
3.01821700622
10.2489139102
7.54683905839
4.50574352592
1.93506231532
1.84591135383
11.7737089992
54.499898471
8.7636720948
34.3571985216
64.1956281065
7.79114111513
5.45560013455
7.79363333714
16.2635284681
1.64011594327
19.1622140519
11.7809842229
23.5182179287
15.0647920221
38.6219543405
25.2057590782
15.903936334
15.2419123594
16.0016960241
17.576144971
11.6937514543
37.504067123
2.74030216411
47.6133467686
24.0292278528
25.0076635006
12.4900911888
16.8891465878
17.5342470221
0.744546670932
1.55026917765
1.43500037771
1.76735213399
53.2265954018
31.273593491
5.7139484603
14.5032519903
30.6550064719
17.6861826181
81.9030348211
2.65149932542
55.6512512947
14.095747523
2.95922781341
33.4094417318
23.8878782988
6.93456667754
5.36569593475
12.3042303733
23.007414666
6.98193192667
88.6810578593
3.47510943096
1.42108103586
16.7418033737
4.5044967793
2.18735728785
5.65571548277
8.11722381413
18.0700640827
32.0930460691
14.9784156606
20.2991928588
21.4259586241
29.6256398746
29.8940477371
9.72416515135
7.76670865248
55.2627711518
26.7906900533
22.151944262
12.005797036
18.619257859
32.6034335141
24.374162807
7.32319910825
5.16482511163
2.72559195756
0.213896077126
20.6149062426
16.088217753
8.79153969883
2.06011910783
15.9876401871
2.20580281131
11.9105782583
58.7424688562
26.9676579238
23.0746794948
3.58541579916
0.0
0.0
55.1261316017
45.1372248754
14.2893721657
47.4312128239
23.0470234752
2.19649585337
42.8554363399
5.99131916462
