0.0
0.0
0.888501316308
0.591841746122
2.30891429633
19.5337944087
56.5953007378
6.03631674684
2.72529052198
21.5609497056
26.6028338225
2.03506674897
11.9062465578
22.9575558901
9.34288287163
21.6000406444
5.23600266874
48.4239352942
24.8248731746
4.02945354581
20.5159007851
0.867589540778
15.4988231957
5.78896939942
7.7494861884
1.79675298929
13.7782974243
0.900387078523
2.24271243811
20.9405605718
7.2111133919
0.102017828263
7.6961556757
13.3528950568
19.6851414833
13.9928461164
2.02396204043
11.297354959
5.59543874861
11.6380982101
22.8814484663
15.042592071
7.13816063153
20.0173746161
5.06140697189
33.5623323521
48.6908277982
36.4198258622
0.908526434563
3.90848471784
10.6874933476
0.0
3.04978536163
42.1431694553
7.60750348493
15.6156700943
12.3707570527
3.4240545798
16.7695085797
19.9162043687
27.4077016613
34.5363855175
6.31888024138
15.5514107645
31.9943915074
25.4472334831
8.12166287004
19.194152154
5.9736905694
30.2801317646
102.93992047
37.8683624882
8.80867995322
0.606166561135
5.58599974214
29.043269813
11.4558525682
11.1644531116
0.775252707302
2.9227809906
5.05318133532
49.274101451
13.7997046988
13.5709534194
19.9470204413
5.16696971654
6.91701438838
18.7225540197
28.3190594316
5.17388150095
20.5490074642
4.33620739728
15.0238452852
14.3342844173
39.8331162706
15.7788219843
14.6824610978
32.6131097506
13.9844137458
12.7472038194
13.1906125546
9.86721442128
2.93661056086
39.4960672147
21.1994631831
26.9581767283
12.6226876667
24.0777439289
34.5597064198
0.910432275384
26.3290297464
2.0222970061
2.81326004863
14.6253987369
27.9399927667
6.22245720216
16.3209618498
28.0600377806
28.5094058462
138.227648064
1.00131878257
64.4911247604
2.54212975502
6.47865385562
28.9460780472
37.4812442064
6.93467130886
16.3757498804
18.1909690462
24.595419053
18.0095400698
96.9882905335
12.1234564176
5.65710707009
36.7571980656
23.5618244279
7.17820517254
7.0872080759
25.6397065894
17.5892970935
36.418256214
16.0910289008
36.2638633121
11.421286189
8.55035632757
33.7728338242
14.4774887511
13.1214656644
38.5056915878
35.4701170474
25.3480630238
18.4192971289
35.0461348034
29.2647073286
29.9513919466
9.89528976382
14.820320243
0.739665078466
0.35376407951
31.9756759651
23.587849874
10.8039456457
10.6999628157
17.3026387095
0.940979942678
20.0548418183
33.4316743166
16.4616455762
21.5660102293
3.42671381683
2.17635190487
0.0
57.8101032079
22.120727364
13.6511882544
29.3756320104
40.6543471814
4.65238657594
35.8529971596
23.2168948352
