0
0
0.0
0.14890342392
0.1382898679
1.0528183913
1.4431372619
0.0695571880788
0.00492406077683
1.19826139649
1.11950008268
0.450584631413
0.605595259927
1.99909237027
0.73139321804
0.776846709661
0.240313202143
1.43528491934
1.53619623522
0.251421856694
1.29727039672
0.178344072774
0.450976617634
0.0735722454265
0.0526535622776
0.0
0.0
0.0856116851792
0.122666686773
0.83472029143
0.330185310682
0.00981097528711
0.221272137482
0.44476253679
0.60352776479
0.425947611453
0.0359784268658
0.694860249758
0.457764240913
0.856014939141
0.589878813596
0.828260793001
0.524514577759
0.325597775867
0.249337138142
0.432549754856
0.920496734325
2.0932250435
0.0
0.631057376391
0.028661550954
0.0
0.141663708724
1.20401959552
0.266169274691
1.48288506456
0.552658249624
0.202376281377
0.574310314842
0.752520690206
1.29843104957
0.00315173948184
0.731100111967
0.0708324660081
0.921760398895
0.925508507527
0.373382018879
0.865629653446
0.0902549293824
0.781174700707
3.47035022161
1.69414261053
0.769607441849
0.014339831192
0.0837093628943
0.750079274992
0.333383332938
0.20637236326
0.0480209970847
0.123121839017
0.245663130889
2.30792256049
0.372021107585
0.657366096042
1.86500716466
0.543838466518
1.08462712565
0.379330323252
0.841216634493
0.0545892324299
0.37478400534
0.371125780046
0.659342049854
0.392778479028
1.91495759692
0.867891617818
0.67994671152
1.22539227549
0.358013724443
0.825718445238
0.529200509191
1.10775747173
0.0897215401055
1.97877125465
0.975209652446
1.08697584923
0.673806846607
0.539718586602
0.804081215058
0.0498763192445
0.466498739668
0.0226458156831
0.129051435739
1.74873435125
1.13079192932
0.143439267762
0.536292017787
1.05344826961
1.04198262864
3.50478389824
0.406163736247
1.98454434506
0.39659331413
0.101136219222
1.36945777875
1.2695737239
0.245285972022
0.318364544772
0.34886725503
1.02773817861
0.557554215193
2.7246464889
0.229828503914
0.483975218551
0.719999504392
0.398509341292
0.376697483938
0.237020401284
0.284053226933
0.794412394986
1.25388346589
0.666955904104
1.2596321177
0.705366901122
0.726499921875
1.51932664216
0.548470233567
0.397329434752
2.06269958243
1.22425114433
0.865297022741
0.747657158179
0.563915985753
1.26117540651
0.996063229861
0.452932164073
0.318018376827
0.0884740560432
0.00886857602745
0.910546790808
0.547591090202
0.34092667303
0.274676249945
0.614324865863
0.0405135096516
0.645715044579
2.20480045793
1.03649396636
1.16640308267
0.286340902268
0.0
0.0
2.57214261121
1.7725359085
0.488645227859
1.52973093837
1.03176275827
0.0775219494244
1.99475989584
0.643837356707
0.0423670820892
0.0127200828865
0.132403045893
0.757040489465
0.693044833839
0.624248022679
0.875683302991
1.12781471573
1.08242903289
0.376451656222
0.508366296825
0.614029715769
0.747827231884
0.304309434665
0.0763122050557
0.318291755393
0.195289626718
0.626872174907
1.01211442763
1.07364828046
0.451405286789
0.0608752067201
0
0
