0
0
2.45470422506
1.17095411383
5.04987178836
12.8203088497
35.4231330715
8.62264073174
2.84602627159
19.4059396461
30.2300751955
18.9769004434
10.8753920048
9.3064570427
0.823114156723
4.2745002983
6.51134683193
10.7038806751
61.0484725702
20.9737136141
13.8263543676
4.76246121526
9.56351516023
1.86094733141
1.91503887624
0.871058005838
0.0
0.309565655887
2.04715812206
4.22307991656
14.727033413
4.76483360678
1.64548744261
12.7200259119
16.0419518463
25.8462833232
11.2008158862
1.02028173208
0.528788910247
2.25733320415
28.7150819489
13.9030655476
10.1823302284
3.93455272586
9.17881922052
15.501928702
14.9122566339
58.351573415
5.96663551032
6.76397890224
17.8338864092
0.0
1.92723218584
21.5716800559
7.67571685464
26.3071765769
18.7234234018
3.40549910254
5.78126069158
9.0777111235
13.4466633308
1.30723696947
0.029165206477
0.10539111821
20.4813030884
15.9610228166
14.2564115385
35.6515640616
2.77047394217
17.8014848996
16.6155876964
27.4431269578
6.9443085529
6.85572013445
10.4253139794
4.51731526853
4.93636375666
8.73996357991
1.99279332161
5.03190529346
7.56502372027
39.359511204
7.81225044094
20.8152533322
47.9132903906
13.2250678092
0.797728970647
4.42028977303
6.88512681658
0.582416117191
16.164753858
15.3493907042
22.3422464076
32.6266343287
12.03563275
22.7617892549
21.2426702008
14.5019875495
12.327622602
9.17434632406
0.850393094122
14.051020056
1.94201046461
42.68458437
13.9795576818
18.9891172573
8.85449461452
17.7331956429
10.0304570384
0.704266469926
0.571327080019
0.179032433778
7.93290933967
35.5468313098
25.9478649516
5.36142206657
16.7290666667
29.0567119046
14.0056212433
94.7103088349
5.02699071542
19.1003622394
9.35195411928
5.05731770395
15.5254542567
17.1649303213
11.4081575163
7.95824606995
16.6770532737
13.926220078
22.9104601275
66.5901964903
26.107672356
2.62186585831
19.7480574008
4.81390196645
5.289581649
12.8829306364
13.9325350374
19.4317501746
13.4829647988
9.54481460899
10.4200131968
34.7179058258
22.8804479102
25.9081638941
9.56699696928
10.2991216471
19.3872714043
27.887196335
34.4820484891
13.2666961094
20.9344837591
36.8546722987
35.5970679223
1.62225157768
8.65771517158
0.31527077034
0.0672679524869
18.3024564092
8.13008221238
6.86829471588
0.306748285889
30.3472866454
4.08693852648
19.6177786589
45.8468252978
30.1254842263
25.8510566131
10.6510779709
0.0190141671337
0.0
31.1297825016
74.3923983089
16.6499147862
47.4638204165
24.3122238367
20.9993991852
20.5003225934
9.32393606566
5.02793845721
1.36810438056
9.96783846617
18.7859412767
12.5742857549
23.0463559404
32.1293267724
23.2078669667
14.9829709455
2.10020703077
10.747607097
18.2455637455
5.39999985696
4.8965105717
2.10501951445
10.9416749775
10.2624819875
23.2041169032
12.3703268766
28.9346280043
36.7919443846
9.46681927889
60.63
44.88
0
0
0
0
0
0
0
0
0
0
0
0
