0
0
0.00989069510251
0.178701341152
0.100098220631
0.137998963706
0.675722541986
0.133665481291
0.101239205804
0.7155774571
0.612111579627
0.355280578136
0.659169364371
0.28842651844
0.00552785908803
0.0542218055343
0.3841329813
0.0435329526663
0.191085936502
0.434302954003
0.697449235246
0.0
0.153427362442
0.0018071976956
0.262371507473
0.0
0.0
0.00825220381375
0.0840022116899
0.0260208826512
0.311766830739
0.0
0.0170142152347
0.628970784601
0.27248705586
1.64663916628
1.62692189123
0.182033486664
0.0689790248871
0.280939103221
0.546258970164
0.200276196701
0.590707531665
0.128790107789
0.17200587783
0.490159266628
0.264509997447
1.08159375819
0.469236417674
0.514030888677
0.322304458939
0.0122990956297
0.0456172216218
0.308086455305
0.335132726002
0.240641601675
0.586361872265
0.541150969453
0.493867319776
0.649456029991
1.04056375159
0.716499768198
0.00323469331488
0.0197037197649
0.106135705486
0.599936534185
0.158479939215
0.504940219689
0.0461864881217
0.609035917092
1.95601117704
1.6454639826
0.553323207772
0.00768436561339
2.00562201953
0.141027573263
0.132829293609
0.253638670314
0.0226279709022
0.49929247424
0.421895325184
1.46029887116
0.44349944219
5.18114586157
0.449722603429
1.13548509032
0.820503845694
0.493143286672
0.435220664367
0.177415068436
0.757161535323
0.800381618552
0.436617159517
0.986548870802
1.27675375994
1.24302483629
1.69278382021
0.450326507213
0.287098608154
0.424545779824
0.0115301432088
0.718621145934
0.247156384634
1.37640695367
0.815492700785
1.2773862835
0.844002812402
0.858189199353
1.89576877747
0.376816399395
0.369608636014
0.0223228089744
0.244793818565
2.04861126095
1.08138612006
0.318903942592
0.548140324187
1.38493053638
0.508537094807
1.83701679902
0.131141487509
0.763493893668
0.241500260308
0.338040863047
0.767257240135
0.457992796786
0.308422204107
1.07530300948
0.933202642947
0.481730646454
1.04001846048
3.22577040037
0.954866400629
0.203622681729
0.26780168293
0.727806639858
0.633094538935
0.344751456287
0.958787385374
0.748452728847
0.563147101551
0.372631969163
0.510577584617
1.20481215336
0.446198092541
1.44162497995
0.21464796341
0.830612883903
0.740887206048
1.3553133402
1.28345407592
0.821550464258
1.75801195751
1.51356521947
1.51903565787
0.111722710542
0.482218638062
0.163663353946
0.252118082484
0.953948610462
0.160412713885
0.457286299672
0.47855378082
1.50948602706
0.468677606434
0.929217563011
2.80301348842
1.70463779639
0.847512151115
0.199434942508
0.401842907071
5.90654917687e-06
0.316414952278
2.46928228438
0.0661552196252
2.48417921783
0.899007298052
1.66927197576
1.00655147055
0.503578866832
0.836764641106
0.190579921007
0.323645085096
1.58457397274
0.879367553629
1.26226652414
1.0941279605
0.711239386699
0.635331705213
0.314736049622
0.778703724034
1.9365338058
0.227438026341
0.0957916043699
0.107913674554
2.06082728505
0.240744149312
0.579690940678
1.43392894883
0.457888799254
1.66123088263
0.169389161281
0
0
