0.0
0.0
1.07869799808
19.6044801772
3.73958659171
8.80598032102
11.3707602359
8.64579749107
2.41588056833
11.0128736347
27.2624133713
12.1260972619
15.8356613908
7.96498346328
5.61974376439
3.04448658228
4.46058332921
1.96480607987
1.27129710093
20.5668312013
16.6850421131
3.46055066585
7.15617719292
0.157054100186
10.0337906778
9.82588756085
0.0
0.0
0.0
0.0
7.31739634462
0.0
0.0
19.6028506751
6.70118707046
79.731982056
27.8453036472
39.8215563298
1.58414322138
2.96051405976
14.2765345015
1.66087223589
16.0048552249
2.01795819495
8.32199782133
8.47427255753
4.92006060854
24.7788644638
11.2236236259
32.6130008138
5.05459960363
0.0855509508401
1.1080243187
2.54594789633
7.8457905203
9.29662202765
9.43678816034
10.3922977578
9.03517844249
7.63684233372
75.359166353
29.6534841322
0.081698231399
1.72094960511
3.63122946024
10.3216217947
8.41154690645
7.77547942289
2.4198076129
14.4033680298
74.5757795983
54.280843243
24.4047207046
2.22533158958
31.1111704522
2.9333013799
4.67146691681
6.39589601755
1.3220827058
11.7781571746
7.92691111565
31.6851278544
18.8925404996
85.6791693158
12.6794823166
18.0201954469
14.1866571978
12.406619749
15.603592135
5.30870863236
19.6542027779
11.3717334867
9.72540604882
19.1500843316
31.1853028649
17.6625437066
44.1037064726
19.6838347278
6.54059635195
7.1665727645
1.79304843396
14.2217320204
4.79884867183
35.1873222516
21.3892593831
43.4774433653
22.5093023451
17.9799169991
27.2699406725
8.54225551709
11.1198182367
1.38989537582
7.0320725441
20.9785604775
19.9561253674
2.0074696485
9.84858222305
38.3549740054
11.4843989611
40.8455003556
2.6304448843
15.9545064624
8.46009659114
11.9932016004
19.3393365294
6.94115733449
6.04481140896
7.76616480108
15.7552067824
8.23099358753
34.8789055855
50.2206419258
18.1133545814
9.66357958318
26.1963132593
13.5765408576
13.0323402062
4.70233433693
23.6144499779
9.69938604533
14.7213989496
9.69342516828
8.76799070834
46.9134103061
19.6042171307
26.9921991137
1.93735617888
19.2033602446
17.3613975942
38.1068978234
31.3390432577
34.4345371685
59.3426465448
30.7083908412
39.7410963792
3.47115142085
14.672439605
10.3073163936
11.8109808247
35.5792499436
3.06204140558
4.91625644266
8.91730906349
30.8171696774
4.5545333214
21.6446634158
54.0417346805
32.5441050245
19.5630789176
18.3546552211
22.9292070866
0.84100601077
4.88336241245
62.1115002036
6.33972841502
36.836569716
21.5870227218
43.0672776103
39.061686024
13.2971681468
20.6565461308
5.39503772556
13.9629874974
32.3466232716
15.5407131203
39.6992857085
21.1688450016
14.9013001341
23.3534511924
6.64036774634
13.3545031473
36.8536196462
12.5293002203
1.04923868179
0.136361782439
9.99565185607
8.12886643409
15.0171802416
35.5146700423
14.2991179526
24.0657569021
1.7853667438
2.12
83.64
0.379999999999
1.01
0
0
0
0
0
0
0
0
0
0
