0
0
6.29603965582
22.1567854704
6.20428884029
22.3488783119
3.11983615906
1.47054542229
9.71978312731
15.3433430046
13.2322391868
16.4458061457
20.2582227811
0.306571528315
4.03369373827
1.82540255785
3.94937825203
0.831009417773
0.0713053252548
25.1219492554
16.0696859211
5.98042577506
10.6039291956
4.14318933338
4.81100421398
7.37748384475
0.0
0.0
0.0
2.21064359508
16.6523875203
0.0
0.123138874769
14.5720652989
10.10171571
21.4423943739
29.3723153585
12.6430347562
8.7788912952
4.13609668426
16.082203405
4.5765343085
25.9631117508
2.40559200012
7.29321646505
15.0289717577
5.71132550436
28.6855475028
7.86953805574
19.7389406506
4.60163461044
0.144204698503
2.25289767422
3.54592369123
17.7541458719
19.2873035814
6.58441259153
6.08174720407
95.507157918
32.8837294411
132.073604439
50.5446837322
0.120392879471
0.961044307798
4.1902770996
9.03605443238
16.0832957625
16.9730414897
2.88391783834
2.72032646275
73.4856048077
55.2604699255
23.5770164696
6.54731452978
12.3431021171
3.72079288958
6.18442937359
1.57973990589
0.443884044886
12.4862143993
7.52798080445
30.7804214806
24.4231284074
62.0343162725
10.3919262495
45.7347857561
8.84908159822
16.8905463964
15.1390063316
6.28110511601
16.8939687135
13.1911606025
3.97489144654
22.53586784
30.0485147126
26.9445302076
54.2962673976
44.3961953138
15.1170956504
5.69264327734
2.58207527083
15.9422866814
4.04290289618
29.0218155022
18.2884070612
36.8258068598
23.7691685557
23.0590067636
24.8386563566
5.35594155638
6.73982085194
2.67256586998
9.49946862458
18.7013629675
25.4452217314
5.82659791409
7.04476276786
35.8071481884
14.8570387512
31.8236944126
3.03009617328
25.6586921726
0.631860118824
7.93616996566
10.7124944329
8.94256143271
8.1472285632
10.3029385954
18.9258124307
7.33894108236
39.0635589101
41.6493091286
8.69373171778
10.8842482567
36.9266162218
14.3677987754
14.4770300388
6.85253206642
13.4884758443
7.55721292644
6.60547358729
11.1509685265
6.94138062
44.8058131858
43.5023832098
19.9765229104
0.371629474685
16.538165465
3.09394872934
38.482855171
26.4056598614
39.9637772945
49.1348926351
28.3908952474
32.818493519
2.69290536269
12.4686725791
2.75473978836
23.1229334604
15.9964871979
2.13573083281
7.86485968531
11.7837994695
27.0349362698
1.49427197501
20.6390362568
45.2501994324
49.2930185796
17.8181502242
17.4953432176
6.93884825707
0.0
2.50791031123
51.483833658
5.59598424286
48.7103154101
11.3792329431
38.3009998351
31.7777767181
23.3428203017
21.738525331
3.29795173555
6.27914196252
35.4351658747
12.1440484487
39.5957118274
23.0898983683
12.6813911498
17.9935171902
8.90427660943
14.3951082453
22.7526708282
28.0033683926
1.38965758681
0.0
5.58023536205
17.0969632119
13.283485651
34.8330725357
9.84492820502
12.4097779244
4.22042609006
0
0
0
0
0
0
0
0
0
0
0
0
0
0
