0
0
0.0
3.73769056891
0.91863810271
13.2822771091
25.2975507974
2.37828057865
0.788032762706
22.060318172
16.8244619071
18.745638907
11.0900330096
14.5566287041
5.19146022946
6.74076376855
4.13670051098
14.0829058886
11.0839307941
5.98115560414
19.6002734899
0.0133424727246
0.372480757534
0.0
6.87185775115
0.0
0.0
3.20150323212
0.0
4.1578673143
7.88381360472
0.0
0.364965800196
16.7014814448
11.1049807593
9.8871450629
64.9834854667
0.0
0.0719452556222
10.1875677779
16.4540716242
10.7319946736
6.07807192951
2.57810527738
4.94793981314
15.745856856
4.2549027577
29.4533757326
19.7448858619
9.79760624422
41.0047283695
0.181497205049
0.129236090463
13.2870093374
3.01361181401
8.33515609056
12.0322324913
13.3662770502
32.5171128307
37.1338870889
44.874364704
26.1334544419
1.27462783456
0.0191007466056
6.66664052009
13.0038494244
6.71653157472
15.5509664342
1.47404377163
12.3116728608
33.3853355405
33.814751705
9.7027823478
0.317630393431
38.8437486487
10.0226871315
2.19834369421
1.55531399511
0.914254462346
9.1549321711
10.1155375466
34.139530398
11.3713027127
144.378807125
11.1245065676
24.2161845602
10.0193273574
10.1718182014
9.1178682684
4.54001560807
15.7030009367
14.2893210836
16.5171072912
27.4867325686
27.7322644294
19.4842071198
45.5930756741
15.0596803771
8.42666305975
11.896740675
2.3398270011
15.723218143
3.83926358074
33.8046334795
19.8336023949
21.11354311
14.4602059918
35.9205738511
50.9115059172
0.135524030775
4.30990013479
0.111168793403
5.2382773608
39.7836637236
26.3127914016
5.67367211916
10.2821106585
24.631968895
19.8640011521
49.9789516591
5.35794469714
26.7710198472
9.66926183179
4.00415470452
25.5629587363
5.76959634571
9.0334764719
40.5439625849
17.2549092248
8.25345775298
26.7046775669
127.744876519
16.1454296345
0.0709610134363
13.1208427772
24.4196109389
12.5897315182
7.5294650495
20.7122339085
17.2727038264
9.39442592114
11.420019418
10.0281903818
16.7201817669
20.8823450608
29.818730347
4.01338218386
17.6702056825
21.226400435
27.5234601348
25.2804228254
24.802006267
34.0493408657
33.7950849497
41.1087098234
2.05317080207
11.4464581367
2.75005840603
1.12644114671
20.3927317215
8.36326974816
3.98873309791
3.82023929806
38.1888045518
9.62871486694
23.8235432971
50.9395791852
33.8370120869
15.7564634867
5.26521370049
1.7948409263
0.0
12.5582084656
35.3291255906
8.63451380095
63.4060662641
26.8919996918
36.4224253894
8.07638685778
21.8910387755
11.3790754974
5.30587363243
9.43181830644
35.2847461306
16.2328576595
35.5087670088
33.3652427494
17.6783735119
12.0649083182
9.15156769752
19.3887042068
27.1202570201
10.9492547507
2.5299894847
6.1432610862
24.4972506166
5.48435568809
26.9761753231
16.1839274838
12.9559710324
35.296105206
2.77922715247
0
0
