0.0
0.0
1.91148112714
21.2370669544
4.28593602778
17.4491838966
3.17042996362
7.20862545446
2.55537772178
15.0961421952
27.6453141646
9.53716152907
15.0678330939
0.0
4.57730285078
4.06002804636
4.38842260838
1.12010523677
2.2704147622
23.3320608437
18.5131346136
3.42409019731
2.94196973741
4.09612441063
10.9187896326
11.5699878931
0.0
0.0
0.0
1.24857436284
17.7225500308
0.0
0.0
12.4959884025
8.67702294701
25.1787264962
4.47046734206
25.3119024485
2.12276202533
3.5748088751
15.0297681056
2.38698926568
22.0071459375
1.35836940072
6.92485022172
13.5326277986
4.6550711221
27.3307088782
6.74427226558
23.6818276215
5.77469980997
0.684071324765
5.48718222929
6.86749424412
10.6853426099
18.8738469696
10.1582305357
7.50502529741
45.0944210803
43.7343458366
83.1634917226
50.3399400898
0.0
0.137451488525
2.26233521104
10.2311772779
11.3951084912
13.104878339
4.67932105063
3.21490294207
70.7275879831
42.613990914
33.1379471873
5.08261001016
14.4398794994
1.06583310664
8.88256645202
3.0730239451
0.625878855586
9.10548967123
10.8327527046
33.9918402583
20.8588985838
66.7333675939
6.52432117985
13.2505499739
8.44756078721
14.1986507736
13.2709662281
2.69024420902
18.9782009572
6.20582145454
8.87220615149
24.7322700173
32.0381674692
29.0914327315
46.0010054138
26.3212077041
8.85799826124
5.50972488708
3.47985711694
18.6358578089
9.78599303215
31.6046184283
27.9260907658
34.5582135581
17.4579901546
19.4199759029
27.1396218538
6.35934320837
8.54478080292
1.29444363713
9.05459940434
22.5061835647
17.769553964
3.15243199469
7.76855707447
37.8210773506
9.69566919655
32.2794473246
2.63814765216
13.0638237465
1.24449059973
10.6174745634
17.5325015187
7.76679432391
6.74014665931
8.17280437051
19.2339965254
6.38365351037
30.9734509745
42.9427089281
13.208069955
11.0762099032
31.8041160554
17.7224165015
13.1664937958
6.42500308855
13.8765517082
5.26461908966
9.91538323368
12.0577750616
16.1376904445
40.182013817
34.9621751681
26.4222215983
1.33377921581
16.2694269419
10.7454860955
47.3927341997
34.9178870023
34.5361145753
53.883351311
33.2597269994
41.518910749
3.66799664498
13.904589057
3.35548736808
17.5581688341
24.9324463075
1.45840014517
9.13680307567
6.8421626687
35.5123248473
1.91606674343
18.5693391692
45.5550415646
38.4056776018
21.6619354561
7.88263591937
20.4879845381
0.0
2.45817410945
56.1948969886
2.4218454659
32.7451260821
18.7756167948
42.8711616396
37.0026276113
14.8836004436
