0
0
0.00707575073466
0.237568962388
0.000465744902613
0.146696582669
0.679840129334
0.141317157075
0.11382484436
0.529137713835
0.681110541569
0.509711906314
0.628172844066
0.25784277916
0.0144983408973
0.0626598894596
0.233178302646
0.062512896955
0.203962698346
0.654433120042
0.593904083595
0.142308787908
0.149047702551
0.0053175301291
0.309312771074
0.0
0.0
0.00377564592054
0.0
0.00498690409586
0.176659662277
0.00900055095553
0.018180646468
0.560832689051
0.296743147541
0.689197889878
1.26785071008
0.0778849497437
0.0933334040456
0.279618291184
0.569673389196
0.262019991875
0.600968704792
0.124553587753
0.201514715329
0.501162344124
0.290832609986
1.3952157991
0.109186545014
0.453451496491
0.440213127062
0.0251019448042
0.0408039652684
0.345878189837
0.336796866031
0.275725471147
0.536506388336
0.509543493157
0.694311809028
0.727979665855
1.73210367979
0.470699839294
0.0057696425938
0.0385858023074
0.0919292503968
0.530340687255
0.150664911605
0.561190403532
0.0705773700029
0.275961713167
2.16199757252
1.57779139001
0.718879517866
0.0068835944403
2.18540786509
0.416853788891
0.252925347537
0.25704381871
0.0167866574775
0.534217778593
0.380136698484
1.56512523862
0.856440849137
5.42557472736
0.422814498423
1.00987745449
0.705364514608
0.46473711147
0.596957023023
0.197784105025
0.796824950725
0.599171230569
0.381906935945
0.826244966593
1.04390205583
1.35647781845
1.89985847543
0.717441867338
0.0854266197421
0.422919850796
0.0227490579709
0.617430862039
0.25482065673
1.41352204373
0.754649791284
1.31392121967
0.846672166372
0.669864508905
1.64265246363
0.0369432888692
0.524488117546
0.0238236331497
0.324691331945
1.92091461271
1.08890080056
0.252868015436
0.594201412983
1.78700440819
0.484511764022
2.00659872615
0.123597439378
0.876049896004
0.32568649482
0.441061275546
0.912100725807
0.488154623657
0.232366390061
0.842086231918
0.769749298692
0.536359452177
1.35080558504
3.14621654712
0.503772453463
0.299180747359
0.25296457205
0.849965408444
0.671987553826
0.415134577663
0.988644171506
0.64883907605
0.617957038339
0.259519883664
0.489523875061
1.49284563679
0.427943617455
1.17648715584
0.165566449577
1.03278870648
0.849707003683
1.4677606523
1.27522309357
1.12074912968
2.02621732937
1.47771256045
1.27257599134
0.137450211449
0.566327054054
0.173360957764
0.40644286247
0.835976952192
0.188808189705
0.481218175963
0.332713644486
1.59804597311
0.33498979779
0.86079547368
2.74850570795
1.40730527835
0.904806620441
0.264690554468
0.670665591955
0.0
0.25416508317
2.72510428727
0.141789745423
2.07414958673
0.873811053112
1.87330940366
1.35950899142
0.641580793541
0.974911835045
0.139506775886
0.280273161829
1.69978603511
0.954411965795
1.35709536565
1.19269463234
0.709881662391
0.729855833575
0.336322020739
0.784861959517
1.6288226808
0.171497977572
0.109444194473
0.0428810386802
1.70697882771
0.170049674809
0.593839003704
1.32859445084
0.885403123684
1.52649200847
0.148995286785
0
0
