0
0
0.969780027866
3.74630560913
1.43904188275
8.72647189536
24.5666999928
0.257329336368
1.93708719313
17.7722020643
14.3881531656
11.4776517749
11.0077601652
11.9016172886
5.13318197429
4.23429434002
5.04639673234
10.3799347579
7.29916838743
8.02990928292
20.5697665215
0.339627283159
0.110457457602
0.182048454881
0.363318555058
0.0
0.0
0.346362389623
2.01605290175
2.2881649537
6.21921277418
0.0
0.364886909724
11.6964527182
12.9830049444
14.4443304297
69.0704485104
2.00758498907
0.0892785256728
10.384087991
14.5679867305
10.5993881822
8.36092192121
2.01852617785
2.65706311538
14.8322813082
3.92564287037
24.9507071078
18.8877139092
2.5709964931
25.3074922488
0.185572213959
0.0183886033483
9.34889778682
6.45232135802
9.65758083389
11.1802255791
12.3366252389
22.835528478
21.1548144948
50.2656019627
23.9265065677
2.06541591883
0.0
3.94416991901
14.3949302724
5.86430018395
14.3143401816
1.07956821844
15.3891032841
38.4512101728
36.159115009
11.6129713319
0.132371177897
32.6029787119
10.6407878213
1.9323450923
3.5291754529
1.39353789389
5.30198590457
10.1164213121
35.2675891109
12.3016821127
173.244704601
16.6421285835
21.093884781
8.20684182084
9.10844790749
8.61394516378
4.29565742611
16.2067455472
14.1721005589
14.5949983075
30.2825724854
24.586698845
15.5068394691
33.6589819639
19.9347786354
9.45735429972
8.98896351456
2.91828730702
11.4090629742
3.6795928739
35.2416552314
16.9222613387
23.107064249
17.593764036
28.4747074562
49.5167889996
0.0778158567845
4.52691794002
0.0361550571396
4.46271067858
45.8121086285
26.3091529543
4.4767851918
11.787601361
21.4590135226
19.652408232
49.8354454078
1.14136317372
15.1982499752
9.01467606425
3.73265901581
23.3937149271
5.99862441792
9.90612526238
40.6783333272
17.2720767846
10.5610267762
22.7118274067
97.7605837138
13.9790785639
2.18808053434
8.62040321902
21.0974439159
14.2248720825
7.41774669662
20.4785501361
18.2363829464
8.24420602898
10.5201567337
11.2671116218
21.5704082041
15.4477817109
32.6199124754
5.28407060354
16.2804155527
19.5361117422
28.8502622767
23.6680369321
22.4041582877
34.7330508492
33.0356178247
34.2564268783
1.36771500483
14.0415802114
2.46661129406
1.40967773041
19.7287996821
8.02285516262
5.3584113149
6.61521362141
44.7705067322
11.2745500579
24.2680052016
52.3117204858
35.4398657698
17.1233736277
5.19721546351
4.98828166723
0.0
15.5941720158
31.6815893501
15.4563983716
57.9304488175
20.2934223712
35.2382967175
12.0152169876
12.6663159728
13.7595729232
4.51837657392
7.04674780368
34.1943272038
14.9980494976
34.2074625912
35.3907591775
16.5851122588
11.7024797648
7.61413335799
12.2253937572
24.2271973639
25.914413867
0.652760267258
7.06741107535
41.891944751
5.41470631956
24.7028450669
16.7595157027
14.691907648
45.2069715634
5.94599296152
0
0
