0
0
0.0
0.168064793106
0.184768198989
0.483353181684
1.0149571423
0.0925366448937
0.0243837148882
1.08198426152
0.688058195636
0.891932398081
0.776457618456
0.766037285328
0.205788681051
0.211348893121
0.0548886731267
0.828966222703
0.570296673104
0.534939367324
0.738188510411
0.0368006899953
0.320809409022
0.0740531310439
0.581632560119
0.00093458534684
0.0
0.102368663123
0.0
0.148480518255
0.503253289266
0.0
0.0
0.60440957523
0.5571115606
0.644773600507
1.44419868011
0.115672469139
0.112560097594
0.388449665159
0.516747180838
0.521701890975
0.299484214978
0.0689647176769
0.319049783051
0.488494915888
0.207600681111
0.833433337975
0.0810863527004
0.114488176303
0.90023819916
0.0
0.00377567461692
0.564390277956
0.170745184179
0.362455905881
0.67930985149
0.830844544806
1.37293646554
0.905614713789
1.46915768756
0.881187585182
0.0874895751476
0.0113402985735
0.150457432843
0.638469285332
0.375672220252
0.584973982535
0.0637443400919
0.173342901981
0.958283056505
1.49750579521
0.449711271969
0.0700288924854
1.54949418455
0.174095828086
0.101043917239
0.0488099877257
0.0615000145044
0.43452462554
0.465488476213
1.47252891259
0.523637121543
6.41626334377
0.412909995764
1.01597505121
0.532718509901
0.341446666978
0.392520459951
0.0156837496907
0.572529235389
0.597780194134
0.682038132101
1.25190921442
1.13832488609
0.611916389316
1.69448526809
0.506048085983
0.474713841453
0.406010960345
0.120857957751
0.603120215237
0.153625966748
1.5375404699
0.636279463768
0.776248556096
0.410941295326
0.971610070672
1.41258207592
0.0172781704459
0.234020828968
0.00360856275074
0.239569976926
1.56009107828
0.890677457675
0.273148639826
0.490471748053
1.50938367634
0.741968423361
2.87625012087
0.0238191527314
0.678243003087
0.390602963336
0.206173364073
0.765027685964
0.360942896456
0.37217387557
1.17908095807
0.597429291345
0.378913121065
0.73884663824
6.33428239822
2.01434765616
0.037160415668
0.47333059879
0.457660051063
0.47789304913
0.33545762673
0.902544058859
0.512732153758
0.435248125577
0.372809505439
0.392840001732
0.709462341387
0.760922963964
1.17184109893
0.070535355364
0.728805311024
0.669885841664
1.20614180714
1.12714686105
0.944343358744
1.44644640177
1.94034233969
1.94601670711
0.117570876144
0.306997883134
0.170295624062
0.0289084571996
0.857481453626
0.433428982738
0.250086138025
0.122327953111
1.82751742378
0.395109815057
1.00105673983
2.28040336014
1.20099173044
0.759460751899
0.26823558734
0.0587807931006
0.0
0.497079972178
1.59947569529
0.102606775239
2.23732109196
1.31316702068
1.12067044061
0.380002930295
0.292723015184
0.452765777707
0.200211111456
0.283807345666
1.43380475196
0.723063793033
1.91088157892
1.30386017845
0.699260898167
0.497152359691
0.402886044234
0.711538540199
1.29397823662
0.348079921736
0.0991710571107
0.25650285813
0.66485093534
0.223755192012
1.00009174366
0.904423704371
0.487557029119
1.62836902589
0.157436447218
0
0
