0
0
0.100309852511
0.851189304842
0.154713327996
0.280197826563
0.17477009428
0.273491600063
0.094068992883
0.399171331897
1.4060070226
0.434032553807
0.620481512742
0.076411254704
0.206589567941
0.139406830072
0.190184190869
0.102646704763
0.0
0.951450992376
0.724571686238
0.14168482786
0.114635699429
0.00821568630636
0.391244005878
0.154467716813
0.0
0.0
0.0
0.0159262930974
0.665333148558
0.0
0.0
0.666664062999
0.382382734679
1.51297197293
0.431319128722
0.885144798085
0.0698901287979
0.158333042753
0.565097530372
0.0907297432423
0.83438861696
0.0926865458023
0.307806037366
0.506908038631
0.215075924061
0.765272218268
0.307805123273
0.356624503969
0.22255418601
0.0121234087273
0.0717273801565
0.162267366424
0.303678073455
0.365850830043
0.423998909071
0.305345189059
0.349496716168
0.913118027209
4.10336894065
0.961821182165
0.00222944072448
0.0338518433273
0.138716027141
0.393810698297
0.396675623022
0.360597697494
0.139367185533
0.584137105383
3.28156465106
2.11223853659
1.00535711716
0.1139306759
1.02811339148
0.0155846420676
0.260599344969
0.195438821334
0.0312245152891
0.509904084727
0.462651133537
1.55139348935
0.692343799397
2.38293161232
1.82106299436
0.646326704882
0.587372857146
0.584740653692
0.608871828765
0.179790757131
0.798406735994
0.382120832801
0.408907064702
0.832478653174
1.35455398308
1.00370642403
1.78949768317
1.0874319998
0.350487163989
0.211155883968
0.103557197377
0.539126503863
0.206796915736
1.4762107695
1.10541674029
1.55754023604
0.806604297832
0.797677166294
1.22725411644
0.256674809381
0.423566495185
0.0482579758391
0.333031129092
0.845069911331
0.949010014418
0.0749282538891
0.387516897172
1.48902743915
0.540012729587
1.36893705843
0.0994589766487
0.796856496017
0.152084864443
0.517893446609
0.710140243173
0.33865137212
0.258638608269
0.247570065549
0.75429754192
0.348446504679
1.49753528798
2.24308122275
0.753713536542
0.465577266179
0.940858962131
0.580626119161
0.426418440416
0.216713868082
0.802068226971
0.283904158045
0.477722587064
0.365659107454
0.607780843973
1.83632533625
1.05508421338
1.37166888081
0.0285255394119
0.829359326512
0.742936557159
1.87525028735
1.45969597669
1.48630151246
2.41270508524
1.36689685052
1.87276791444
0.168356318027
0.551745654084
0.209818761447
0.631505933823
2.15583581547
0.069290782325
0.336377872154
0.204921157856
1.32881397801
0.206060792319
0.876618206268
2.09681020956
1.45053808251
0.875579664484
0.40722176386
0.778006464243
0.0
0.122015491128
2.73334442684
0.121046178043
1.68470428139
0.861985031515
1.95769894123
1.43251466332
0.600490722805
1.06216803007
0.14558912348
0.395914305001
1.69039998762
0.678797866218
1.54539421853
0.940834107692
0.570544908871
0.990487530828
0.234150025994
0.48658214591
1.13980225916
0.325684267096
0.124280319054
0.010432953015
0.60593023058
0.354275023565
0.764290427789
1.45199687872
0.412455883343
0.689899306744
0.0901937177405
0
0
