0
0
0.0260083079338
1.20898663625
4.50813268126
23.1204133853
32.7936147283
5.2387210261
0.565063521266
16.8399145044
23.6070578992
17.3299140818
20.0049456954
19.141462326
3.33235359192
3.6024596393
7.63577628137
20.1946809702
6.06560962298
19.6835420653
18.1695979089
1.16758954525
6.83772794902
1.98834908009
0.91291936487
0.984879786149
0.0
2.2106263563
0.0
3.07299394906
15.787032018
8.24003811926
0.0572138009592
13.6964726653
16.4236768819
30.0457607657
12.0985600725
0.434070065618
2.20730925724
2.07372944243
17.1449551592
9.47421430795
8.00378398598
1.80941998959
4.98382875324
7.96193831227
14.3169127386
57.1807750202
11.17101565
4.62597898207
32.3328478178
0.157312262803
0.458993946667
19.8122267425
9.31125727762
19.8464501202
11.2981180083
25.7819820866
14.9270423558
14.328778795
29.2090843656
10.3128603995
0.0195589908399
0.572972897441
11.3047648072
18.3552904464
16.6096188943
23.1220599935
1.50353550911
8.5092090983
25.9965519235
34.465961815
7.60495593538
4.19460159727
16.8224023171
1.31471903622
2.95121526718
3.60595099814
1.23725643754
9.97651492058
5.3160699606
36.9128062202
12.2755991388
119.250052546
65.7232306637
12.5679309564
0.191655009985
2.44768841285
18.2560893253
0.831345409154
16.1657200791
18.1733628362
16.5703165904
31.4535570648
34.3216903265
13.295019038
25.1101474577
13.1145346644
7.16969259828
5.20887864566
1.72516402602
11.6923802029
13.0720493607
47.6977292429
14.2272907253
21.8952335394
14.4977685772
20.6864198847
17.6140161864
1.09690309502
5.65138699673
0.129119801335
5.47250546515
61.8518259154
30.3680975138
5.70798873437
17.5880054087
44.8619278987
12.3666642308
82.5501905568
1.35909126699
30.6890518711
14.1722189616
4.36070419104
18.4646916445
7.61687079816
11.5742138754
16.5155810975
16.5055461684
11.0130405631
14.6584060192
113.682875801
23.4160229489
1.55633610953
19.6392798945
8.35682791471
5.57735540717
6.57210819797
16.3633915186
12.8513924852
13.0847639954
8.94929810242
6.7528032493
26.1060546461
23.5631175209
36.8085296508
1.67416102392
13.4843306104
16.3079922795
27.0425868408
39.026336789
17.2092479439
37.1318406612
41.7580482792
52.3686529286
1.16229165718
5.45750141702
0.287079689093
3.59229877219
18.9981234809
6.0714416653
3.74493566527
0.849057465792
40.2093835584
9.84161600935
21.8394699544
48.729707214
38.9686206578
15.2008930296
10.2011847608
10.1933562756
0.0
20.4818574339
257.432948143
4.2498683855
47.554155305
34.0989547894
18.3667684794
15.08147173
13.1954501448
16.4000582406
3.38853351026
10.6069743186
31.9487776906
13.7524762829
28.2815915868
27.4414332994
21.5161175877
16.3290799856
3.99633633346
18.4028648436
44.3188754395
10.2734167278
0.0271608517505
5.26144829952
16.0808415413
4.79103031754
18.8369745193
14.3872488588
18.9953949563
28.957606405
1.86982957274
0
0
