0
0
0.0
0.84267500136
5.3829697296
17.5339726698
30.3202913402
1.35255521815
0.532090589405
25.8509687261
20.6230612099
19.1824371815
18.5517146587
11.5710060596
4.53503823281
3.16675367206
5.4998202324
23.0277113915
6.34013033285
13.4278153181
18.548033243
1.20942148659
0.361082956195
1.77727514505
0.950831584632
0.0357120512054
0.0
2.0587667115
0.0
1.99789074808
18.987477039
8.24913167954
0.0381497209891
12.1418898823
15.0881287661
16.8790125176
11.5102382004
0.435800269246
3.66640222817
3.96687499433
12.6430033632
8.75648502353
5.63399771602
2.54388354533
5.44875133037
8.93987535127
9.06846241282
38.6202656551
7.00886328331
0.252250562422
25.6622615796
0.237569846213
0.0892225122079
16.6196097806
7.99006234109
19.3925518692
14.6529619843
26.2327085472
50.8469069246
34.0570445806
36.0369090218
0.503654435278
0.0208575488068
1.71263771039
5.38038235903
15.9426372796
8.32204774394
15.9043765962
1.35428152978
7.07748718466
36.2553521321
42.785419411
8.80855142232
3.53473098389
27.7194631678
0.512894153594
2.85204219818
4.3464556709
1.00006440282
12.4314074814
9.30973580851
40.1683887206
20.2534119012
124.872710952
8.03150855004
18.5634519327
2.26670153439
5.55369345658
14.7265905314
0.629017844796
14.8994224705
17.6672917977
16.026969756
27.7681492762
35.3691778836
12.870665051
24.3421306685
11.2108274354
8.09571561031
3.97891700011
1.31473942101
16.6005433872
11.4946631994
40.8008978906
15.7663019914
21.3892609365
15.2933892924
26.6284230379
27.362094719
14.1481859386
5.001764094
0.32016480714
4.34535098076
76.4829431064
23.897086353
6.56151829054
15.630716172
42.9611070211
15.4800721798
77.1989859437
0.746714696287
15.2075729482
7.78843481093
6.51040374487
10.7592479233
6.27060717624
10.6146012247
18.9461924694
21.3669393053
5.0201448449
17.9740100093
118.085938996
19.09512835
1.89616938494
18.4893580601
17.6690568002
7.01520124824
6.98329593893
17.9029299617
11.1293805968
10.5773328273
10.0995598398
5.62544493377
31.7451702864
13.7727407171
31.4199478865
1.6651805481
12.7107209517
20.9575143456
26.760870427
36.0620605778
20.3815212753
38.3347083629
40.0381831582
52.573966764
1.81622828543
6.61645129322
0.765115926974
1.11050821329
21.7311734464
7.48408707977
5.56141654774
1.8532487154
40.7737331539
10.9097765274
22.559126839
44.9374017706
26.5042344554
16.2386223972
9.27766760671
7.07224988938
0.0
22.1463922262
51.7331786155
0.133913568919
79.1976139265
37.5510414989
24.5768225938
8.37742732466
12.8331212383
17.3194614183
3.25286979228
5.21338974684
33.2254681886
13.4653568566
36.6560113728
28.8022291884
18.5657922328
12.1891890094
9.08917120099
16.3186070323
29.7232312673
10.1195468009
1.17069370067
5.18772496142
17.7091904283
4.99556538463
16.3617941737
29.4113411306
14.2966741472
25.970446229
1.7655845806
0
0
