0.0
0.0
0.901237607002
7.11592594162
2.1232726872
8.73624493462
12.4378009038
2.4105247669
2.15243784338
13.7066041678
22.6692331228
11.5177899599
14.2838492654
8.75874352454
10.3037116974
2.88920018076
4.67116177082
0.83621969819
7.04312937521
21.8170768619
20.7325139344
3.46055066585
6.0204027593
0.0502990577369
9.10326386244
0.0
0.0
0.0801494903863
0.0
0.170093603432
4.73627218231
0.0794482547789
0.115751087665
14.671630722
7.60486507975
18.9752589594
40.5599269421
32.1159557105
2.72910946236
3.24484873843
17.0077979341
2.39900770783
14.893560268
3.36705391668
3.34458906948
6.6652713474
4.74367956631
25.7550977803
11.182548523
15.3366463655
8.47517823614
0.625576924068
0.917980511674
1.95886915689
8.2925292179
4.40123676835
8.91245798395
17.8221237156
10.3407725841
7.84643970989
35.1144269993
14.4668167233
0.15526828263
2.53335745354
3.33292244374
10.3689710414
7.35206574295
10.0862095188
1.29818878323
3.23071710394
69.7532615662
50.5019985437
13.3591453289
1.31481996551
34.1809171793
6.86830848456
7.60229507088
5.99396288395
1.44850833714
11.5843996704
8.16377520562
31.8828512784
23.4233164229
88.4512751923
10.4778634943
18.2743093818
15.185763577
13.7359642186
15.6401141882
7.92983064427
21.183563143
13.0742754936
9.14450066909
19.3601339534
28.4562922529
16.1378398016
41.0007957984
18.0004421677
3.3797155302
8.8214533031
1.2724526301
20.1654931605
5.16910569929
33.1078383588
20.4801271856
37.7913402914
21.0483731953
19.7620639019
26.5336317067
10.9434906766
12.6239890382
0.493243354373
6.78065425157
28.5867238642
19.3722004853
1.87232797779
10.0192812122
44.6767972502
14.0109497476
52.8788929973
1.46012806892
15.7785679428
5.52260619866
13.4767535822
24.9953117184
7.64184540511
4.90029734374
13.2010093667
14.9717177935
11.3792483825
33.1435284353
87.0704007
17.2316740584
12.5512702335
23.1017062068
18.9305139184
15.4505396783
5.11519257725
22.3398317099
11.730255492
15.2736586779
18.3236607928
9.66462756694
37.4931081338
14.9785194118
28.2871180661
1.42528718943
22.327525679
21.1041205824
38.9739270509
29.9792226144
29.2583763768
53.7214413146
33.7662645326
36.7705516666
5.0172669366
14.4362925198
10.0657536643
6.85318199359
21.0315201133
3.30992102623
10.9840606079
7.7269142652
28.3590734527
5.78646326064
19.1040090881
63.1908188314
27.9526419751
20.6809500307
13.6761753839
19.3437352181
0.0
6.44124269486
60.8970463872
7.62470492722
29.5949480609
22.9507448673
43.8642020522
32.8446540535
9.88180688023
19.9529869929
4.49212758242
16.0347249359
41.1667936296
17.4215577543
39.4372372682
23.634912841
14.7329664622
19.9198601469
5.1775020361
22.2802470513
40.8250014782
0.669858209789
1.88223553821
0.139691077173
10.3015711158
6.26653133333
13.290748626
35.2041258998
15.507074073
27.3496849536
2.23638425767
5.44000000001
104.7
0.16
2.1
0
0
0
0
0
0
0
0
0
0
