0.0
0.0
0.0
0.736175347118
5.14284139126
14.8666775613
30.2234770898
0.915533280931
0.988214671613
28.7935985717
19.8770518005
13.4588901401
18.4758174475
11.3542971611
4.55279897153
4.08216939122
5.10836255551
24.896265149
3.8903037049
11.0276378989
18.5505566485
1.24186400604
0.346443548798
0.0
11.7275964394
2.68415993638
0.0
1.13193895575
0.0
2.15946489992
14.8699166737
8.38882613182
0.0
16.0157225775
15.6667301785
8.96276289226
55.3326945919
1.03857395053
2.85000962018
9.9889387451
10.8697408587
11.7514642593
7.20431229473
1.88108434528
5.59358292818
10.6778443102
7.19884111361
24.5988892169
6.73537051678
0.923098124563
15.4230709411
0.436113730073
0.083988473285
14.379761056
7.5409490615
15.5592375174
17.305364605
20.2560946774
63.6018649349
23.6484915912
29.6321709809
11.4720611796
0.432655200362
1.49158168305
3.51415394246
15.6047904789
8.284569975
15.8437012285
1.29239284247
4.76377330721
32.575763533
38.8439031242
8.64629912981
1.62384483498
33.6605232787
5.22469808952
2.09545129538
2.47443637625
1.90793844732
15.3011280298
9.59298223258
40.5437276066
16.6664716853
176.028636474
11.0577418338
20.1088253371
8.01187194418
5.32302464777
11.7270693882
1.01543864608
13.113156192
17.3347301334
14.7823213488
27.5805408955
27.5690612868
11.1777675916
29.229966089
12.9444744419
10.8282040358
7.15823464562
1.47016976774
10.8748592734
4.17539994233
33.6017415785
18.0958462357
21.975201915
12.0722588729
21.1972778058
35.6822721362
9.55267138034
6.77561555779
0.0
6.08170437814
72.2297811638
21.2831885163
7.02049138584
12.8692399515
39.5772463829
15.8223864734
51.6552707702
0.569993812591
22.8985911598
15.3847615393
7.44002039731
16.0066153575
8.63369994053
8.12469841541
22.4445490921
18.2215921534
5.09175112099
14.245310951
121.643957186
56.0697260611
0.919508758932
11.793779335
14.3810623465
7.71889295429
5.33547295445
18.1414314508
10.1847402435
13.4647502555
10.311177101
5.39176735282
18.8495125766
16.6406676024
43.7523011417
1.60131913237
17.4137562029
16.6787127256
30.4533454478
33.4355071094
20.3856091853
35.319482915
44.807502553
46.7477079494
2.86729725077
7.28873682953
1.94149565231
1.43918695673
21.5638120389
9.89231353999
5.93823346495
2.86344367639
41.692209131
12.0443704538
23.4103462268
51.1251114355
26.8252449269
16.1998753455
9.78266117395
2.98774507642
0.0
16.0712712407
44.5240202844
1.15602488412
36.781252915
32.0646657274
27.384701617
9.49163920061
6.72789741029
