0
0
0.231620380655
0.930251723155
0.207267524675
0.832811702625
0.110308460891
0.031923612114
0.127882763743
0.597061829641
0.727200819645
0.504122793674
0.59805193753
0.0195890832692
0.198211402632
0.106168817729
0.191380098462
0.0581537932158
0.00312673533335
0.805322781205
0.7936143931
0.156240493059
0.388123368844
0.158162951469
0.293252328876
0.321715325117
0.0
0.0
0.0
0.0769079049933
0.817600683542
0.0
0.00571830803528
0.433500565763
0.360323992092
0.912742431741
1.2695736629
1.10874628276
0.357343845069
0.13798327418
0.715153995669
0.141951917205
1.10488319397
0.0776673696237
0.351817810675
0.623323269421
0.22203907877
1.14776643645
0.353021279792
0.48634360946
0.136182051618
0.0265530198812
0.171961132437
0.231282264926
0.567730996758
0.889330815698
0.307217338588
0.304291041452
2.72443179239
1.32822873013
5.21709209419
2.65047977353
0.00247203512117
0.0281679723412
0.26507069543
0.358633301221
0.587109241635
0.702174190956
0.144769527018
0.124828278087
2.74931698246
2.36462807038
0.867601150996
0.216436833434
0.33357198094
0.0961230769753
0.282140851021
0.0774701423943
0.0219715293497
0.459459550679
0.421311616898
1.58199101966
0.843665138818
2.82407994231
0.342510433868
1.28763034334
0.19684214727
0.630155456252
0.550854255911
0.245505507104
0.863748682314
0.290814456879
0.295746166259
1.03550310666
0.962558293249
1.31691965205
2.12440104538
1.63430178724
0.47606578999
0.303230057471
0.0685647726059
0.864051578566
0.289758041035
1.2308008722
0.998556350823
1.53942009807
0.801972395508
0.932235171087
0.903511553421
0.161833925173
0.311788329389
0.0589595716447
0.383271718398
0.899414595217
0.992324028979
0.208279027604
0.268291691784
1.37319995766
0.544030311517
1.26490927429
0.147537350655
0.617380834068
0.0312874169322
0.304441951215
0.689676985145
0.358807574026
0.282397411764
0.393386503682
0.909132896457
0.278179714922
1.6196117145
1.86769582517
0.542132675764
0.452393554151
1.34654682426
0.720663047396
0.578791277483
0.322240710724
0.430890873773
0.226807278581
0.307492764201
0.587932157796
0.538772976957
2.11508833058
1.68473199848
0.929554393515
0.0156745221466
0.651818096638
0.186023589224
1.74457904976
1.14327381738
1.57238202682
2.13756280579
1.34870292526
1.50098514184
0.132314145565
0.539316971088
0.152205704944
0.771962230443
1.16263165185
0.0874874824658
0.305296150036
0.477718928829
1.33053495549
0.0421193325892
0.8469681649
1.80971849494
1.81966411695
0.831014747266
0.280257115955
1.21670019627
0.000111106986878
0.098413862288
1.82243042625
0.0775848552585
1.71241656854
0.626654148102
1.79830558226
1.55658144597
0.738542886451
1.15266358666
0.139478439698
0.337827282026
1.30712867901
0.520983845927
1.66558169294
0.463369155186
0.538225451019
0.864585801959
0.234303565696
0.610032856464
0.900211858447
0.281587253325
0.148431388661
0.0
0.450342862867
0.538976892829
0.603711677715
1.42781140096
0.386557491496
0.651312724687
0.142903663218
0
0
