0
0
0.969780027866
2.11852526665
2.37980309129
4.65903901589
17.640919141
0.225051686168
2.40495376289
15.3229587525
12.2020602375
15.0817762613
18.7579135783
18.1199169159
5.12639238686
4.65303940884
8.26311206818
5.26366344094
5.87762382814
2.90165796876
18.1934307218
0.0
0.219481509179
0.0857535637915
1.41497643292
0.0
0.0
0.214951402042
2.01605308056
2.52834030614
4.92673416809
0.0
0.342318959534
11.9598872792
13.9641102366
9.62733807787
33.5607941878
6.48891967536
1.25672799535
9.40262708952
11.9079376459
9.92559821158
7.97502836957
2.83165063709
3.26070722938
11.0245983526
2.52033077179
26.0138096251
17.2767225802
1.93078122474
1.98088017432
0.0291821749416
2.45720174162
12.5400208868
5.62299075722
10.8826049119
13.6032906957
17.4337782171
13.8493061755
21.9358845111
45.291442439
11.848933775
3.65165295638
0.0
1.83054003864
12.4623829708
4.16693458894
12.0748864263
0.91849795729
16.3849247675
45.0886334515
35.3321953678
8.08940047771
0.0830402188003
40.0853210482
13.6164067313
1.73084360361
4.25754106231
0.927487699315
7.90109370276
11.7626008987
32.8450785466
10.9157901798
167.048861844
10.2230632925
18.6825339049
8.31744235754
9.40738231082
8.46120719611
4.06534540212
16.7570612412
13.6363931
13.2563218474
29.1914072726
25.8051235042
26.4580490402
24.044330785
21.3292638394
11.0799628347
9.26179119946
2.05039420724
15.993217377
2.76969233527
32.3980780877
18.7159776762
24.6510197818
16.6935281865
27.9353349936
50.9843074483
0.93907107599
6.04050193728
0.836016509681
7.20663642883
38.1175414325
26.5615214501
5.58151273896
11.7519577593
27.955356379
11.5368913785
47.3482549488
1.44332170487
12.7907583383
6.18602765724
4.28255828842
23.6201605294
6.75726869702
8.74621219932
36.53126904
13.9589115707
7.58569415844
23.5224611275
75.8936791754
37.8417869825
2.90799296926
7.40564499422
11.9554247595
16.5338856052
7.71471153571
23.883881852
19.2515473813
8.23734668455
7.14079927282
11.8003830034
23.9207869233
21.0772375977
27.7456435337
4.84862768556
17.2499618512
21.2367591262
28.8838313966
26.3558184374
18.3782660142
35.3909124811
32.6069121826
34.4720568456
1.47116575018
11.2497103382
3.0136457202
1.85179349757
22.5410815738
6.51468533278
5.04287417326
8.34999404849
41.4171049745
11.6744095813
23.0528439134
57.470047038
39.9224706386
15.9696731977
4.27675950619
10.3847342134
0.0
14.4270302653
40.5562516898
11.9280436467
44.3952032458
19.085806489
30.0162209719
18.039662783
12.8424575329
