0.0
0.0
0.578068166971
6.42855716496
0.983887195586
5.11180062218
11.8951945435
2.50940764322
0.939892418683
14.0624655336
16.6019169632
12.5448778868
19.9210543111
9.80288887025
5.41302222758
1.62014257908
4.52807772158
1.5129493475
5.13908667305
21.3772217631
17.7312660813
3.75500368327
0.11941441521
0.0891908202319
6.28230137006
0.0
0.0
0.0788678023963
0.0
0.0
4.19589430466
0.169641628861
0.106490939856
13.6273650974
11.41306483
17.8039982216
32.5609351694
4.44719213246
2.17832328379
5.38162828702
12.7757702507
4.76231859578
14.5674358131
3.3731869273
5.15039239078
9.14619119837
11.8983855592
29.636839891
6.13125443458
7.0141638145
7.5228510294
0.927103299648
0.852530913893
8.80815160834
10.0539833084
5.50564795733
11.3232273739
14.4776358409
16.1590654738
6.54067014902
52.0667590358
16.9995170832
0.155393865891
2.08245153073
2.85759083926
9.87223147927
4.10251497756
10.0911090095
1.48272851855
7.26559536158
64.7531187012
34.1779076513
19.7847492239
0.394180923701
56.4165085404
8.31818679348
5.77565476298
7.08540290594
1.04208341986
13.0676413178
9.02924036981
37.4041500818
25.3015938365
92.63525475
10.9347679317
17.8703891337
12.2947309837
13.0734454589
14.8681719527
5.38163097202
20.9252892695
13.1589014903
9.66260590776
20.3767850697
34.6198458876
16.2443071045
44.7363482808
22.4420776404
1.17619251204
9.05390864611
1.19753634185
17.6227568686
5.93851645476
33.3881493955
18.5295991986
35.3379979356
17.595174252
17.3843823597
36.9906361922
1.00620041275
11.4037140012
0.0980973453262
5.54786445202
39.3072474002
24.4800736272
4.95764469634
13.5917726755
41.8448635229
11.9981171172
59.4883824214
1.56593066454
22.8206016552
7.0784250414
10.8839273471
21.7228296921
10.3401280716
27.735989783
16.8365908842
15.6496907137
15.3238756489
25.9964836277
74.4573529399
10.4986150679
8.37520859158
30.499861219
22.9069805173
15.6259258725
5.96815386415
22.7859302759
14.3217956051
12.8090273179
7.19334802217
10.7214234676
32.7757486013
9.52669126913
27.022550879
2.38830488501
25.8789995201
18.1259830892
36.065866001
28.8111382128
27.6741648595
50.1289651954
33.989801634
36.6827179658
4.85080342368
13.2670092434
8.07474682807
1.67888879031
18.5693488587
3.56544578076
8.18483868242
4.65337833389
30.0425173882
6.70665811747
20.4282813594
61.3485019282
25.5900457241
23.9381762445
13.7213279209
19.3156188726
0.0295604858546
4.41887247562
75.1477131842
7.51632636041
33.087415807
16.2754938304
49.5853500367
37.3551653623
17.1229970455
20.4173837935
3.19183874131
8.80266024917
42.0611916482
14.9555196762
32.8674457781
24.0056359022
14.1768524051
17.8974174857
5.99204707145
21.3910189122
46.7250210197
0.533677043393
1.39912202256
0.043304728344
13.5746210217
5.11679354311
9.39752617478
31.6405754126
13.8265548795
31.610895954
3.24171450734
11.22
119.86
0.0
2.05
0
0
0
0
0
0
0
0
0
0
