0
0
1.13298663497
0.497409230098
6.47141203937
18.0982174287
31.2711142358
9.75975255667
2.70759956539
24.2464937122
26.6136713438
22.5713156015
19.194862308
4.00541102887
1.59624946117
2.6936530159
10.9325459004
11.4594631875
30.926845422
17.6830966026
18.1869510356
5.18654429914
12.2175084762
1.93108404055
1.65918445587
0.826454110442
0.0
1.5514248088
0.492830023169
4.53201196342
19.8647477031
10.0665217415
0.768429910764
12.9907966834
14.5841077678
19.1060269391
11.066808505
1.160892874
2.77127785538
11.6257666899
23.2017034404
13.3271018453
9.84063688294
3.07426310611
9.07905359006
8.91720023285
16.1176876361
54.0093269014
7.82465681434
7.35641630554
11.0456846058
0.0
1.85193528235
21.8405367248
10.2538747229
19.0843188018
21.6168608554
12.6824618988
4.97341471351
18.7682281528
36.2646298286
5.578733325
0.0523867439479
5.13195686414
16.272567993
18.6712004319
14.2316072714
33.4337877631
2.18414121866
13.0063063502
45.725927051
29.1902968548
12.6487896186
0.290914211422
10.042899929
3.38738047891
2.50562793017
5.59497088193
0.453688770533
10.6215702072
4.08225739003
43.3467166051
10.6560899243
71.7215787442
85.0012598186
26.96479302
1.6805921495
4.2393787913
6.52482950455
0.909569263459
17.1469421927
15.5284432322
19.7851888016
37.5261840065
20.2650267854
23.5764108756
17.9681253014
17.6809052993
12.2010291936
8.71138677746
1.28656096011
10.2988961823
5.1550185252
42.5505237578
10.6773678884
19.3676169366
13.0106432754
18.0660498217
9.66340278089
0.81184847653
0.829079107382
0.0413428740576
6.76694887877
43.829945147
29.3221148102
5.37466488965
16.704986427
34.781150532
10.2159143686
76.9386443441
4.47172786296
25.2663005311
10.8833395187
2.44724607468
15.9001158401
12.7401779923
11.3906371761
12.9552184157
17.1084513813
16.971771148
13.9885036647
98.9383498505
26.467844557
2.32189137116
23.2127221338
8.40601741522
4.83843046054
10.1220295709
10.6413779715
14.9003078118
11.4319792539
9.57806172967
8.76295853779
41.9264806927
28.0015218929
22.7037576288
16.1280264594
11.1459425865
13.9419088215
26.4561851957
42.0151206012
15.8224957706
29.9326544256
41.839428191
35.322327599
1.08592991531
10.3911745772
0.560988769402
0.690182112158
16.7441539373
1.84682142735
4.69612218439
0.271287873386
41.2525938079
4.68394006044
21.3874116093
49.0163781288
31.9812882626
18.8595323805
9.316469796
0.0
0.0
19.970541358
61.0073525234
9.6844457388
53.8418918846
37.8011241629
21.1488273516
10.0740048476
7.82223828043
8.12948924304
3.03810283541
13.5124299377
29.2878162302
13.9668034287
27.7201580443
25.8075737803
27.1318025887
14.7096269522
3.09993731976
14.8460889012
19.0499511659
6.94657623768
1.48717710469
6.01127378131
15.9615446627
5.7937681675
19.7458508746
15.0486519635
18.9982122257
34.4674793779
6.14474224673
0
0
