0.0
0.0
0.415697783232
1.76713556796
2.49721643328
5.36118928716
18.6218862534
0.240001338535
1.4398098886
15.0255446434
13.4308570772
11.9949896336
23.5816271184
3.80526781082
0.321518406271
2.58394852282
8.90649318696
0.943836696446
3.75120648554
5.36628243326
15.2275983095
0.0
0.0914632491768
6.48921030386
2.64387553186
0.0
0.0
0.123274053913
2.01605290175
1.73789019138
8.77603169995
0.0
0.26874770969
14.6191697214
5.85254002176
19.327432584
47.7133164396
4.0087890029
1.5289437091
8.52984508966
10.968495436
10.2805844955
10.5449562036
3.62496378646
2.12662155926
9.99771223963
3.82532723899
22.1179668009
15.4398016334
3.7250997629
4.61869189517
0.0113615628798
0.109085088596
7.2062734547
6.69111846014
6.16661028564
16.2267136238
13.4334116466
14.6849565692
36.0848052547
34.8728882969
11.2813517153
2.00478296354
0.526753887535
2.23010136187
14.1445453959
3.33598183841
9.21453723684
0.810111880303
10.01443322
46.5945436992
41.2064348906
8.34997024946
0.138647641987
43.3101744857
9.10368165002
3.40646249057
5.06384005956
0.826862574554
9.34365434198
11.8208055496
34.9775884598
10.4869605359
140.775968425
8.12148083189
27.1858083643
15.6197645757
8.8622973715
9.46702645718
4.20988287823
18.4530604966
17.063561976
12.6852594148
26.8203561847
22.0679032914
25.8079116828
35.2342152559
14.1431718562
14.2745272494
9.19245547056
1.38647916913
15.9574868716
3.61478103698
34.0756509806
20.1455265284
22.8064874411
13.0618689107
23.5474641323
55.6567328638
10.0552833863
6.22315464914
0.995947849006
7.13537687155
45.4320896342
30.620842265
6.42511648313
12.9169885665
30.2589986818
11.3933516275
44.4286980518
2.18090432882
10.8322048173
10.0942856446
4.80522047729
21.336168319
10.9644783586
4.50502556563
32.9357431457
20.2325298898
14.4857476708
24.405154109
71.7535680626
34.0572244058
3.95515816939
7.68031388707
13.3995590955
15.2184595987
7.75388155226
21.8079186827
18.1216727346
10.2510337159
9.2706284076
11.2586176749
27.1038453458
12.0647738865
34.5367477834
6.8858116446
14.0996455941
21.3534269035
31.6022594645
29.0497301482
18.1170401573
40.5643423805
37.0451549292
39.9764180131
1.37405182421
11.1225418523
3.73762513418
2.84959930646
26.8412005416
7.38894858955
8.59627354145
8.64201916382
39.039999023
10.6628066786
21.4893402569
60.7481622286
36.8281926876
18.5118979365
3.33112371806
14.0189287662
0.0
9.59179595858
46.2519078254
3.56833762116
49.7261874451
19.0842918456
32.2799448967
17.2809607708
13.5634202063
19.4803367145
4.01783965901
6.23297096417
31.2586205006
17.7492499351
25.452615281
37.0026523992
16.1259101909
13.2351813465
6.39000445603
18.7287494615
22.3637138531
13.9609385678
2.11575707048
4.7460840745
97.0440003946
6.34852346777
12.9513106048
25.2091927529
10.0827326775
32.0802394598
5.71161845326
32.7700000001
237.64
0.949999999999
0.0400000000001
0
0
0
0
0
0
0
0
0
0
