0
0
0.522288635374
0.202607723884
5.63582321909
16.3763302965
27.8022863148
10.9485243335
2.70472611487
24.2163417713
23.8037920073
24.9884634912
18.8110823315
9.29272055626
1.02866227459
4.0789735308
5.82164329291
10.7178007616
64.0645159968
19.1195618212
19.0603549741
4.77311825753
12.520942267
0.221403770149
1.6965085566
0.721972502767
0.0
1.35149815679
1.4177955687
3.61537915841
16.862722462
14.1501294505
1.19216854312
15.3954930604
14.8995222934
33.5728199585
8.98475146294
1.39539197087
2.66394612192
7.93487862312
27.3245123998
15.092971961
10.6766911503
4.49422575581
9.72580263019
13.294438988
18.7323877998
62.686056096
8.44818860292
7.48666280508
9.68578093126
0.0
0.712920181454
24.1533711646
12.0301732477
22.5658380389
19.1626331471
3.2090450339
7.24162195622
18.2226300985
24.6057048077
1.29857575893
0.0987123269587
3.18009858672
21.3905318901
17.6631701924
14.9437627885
35.3253894077
2.24720048904
15.3112948202
30.4965965318
28.2182377428
9.88023369758
6.99259462394
10.3421781734
5.04981102794
3.76909732819
7.4740216434
1.97366559505
6.03646722437
6.80168098212
43.0593586565
9.08028228209
64.4910593702
76.6099454546
37.0131631046
1.44439356029
5.16166021536
6.27950509032
0.740722954274
13.6302335244
15.1989687458
21.7191957906
33.8877747898
17.6723236889
15.733783409
22.5036652386
16.5740167536
12.6703019422
9.2758643143
0.414049934597
13.9593698904
1.96430881787
41.4690237456
10.7542274818
21.1567256749
10.7495447528
13.3496280787
7.54554612749
0.472547996789
0.510804743506
0.790304929018
7.04730315506
26.7192556411
28.7124073058
5.55528760514
15.4794853181
28.6410863261
11.6433006674
93.10609416
4.05934222788
16.3778675068
8.05849688686
1.73259678483
15.9510563314
14.7421281631
9.95078615472
13.6324388213
16.6092194281
15.5329033993
18.9618789777
86.5184713471
35.9082084595
3.00354791434
14.9807961448
7.09951355494
5.3569498211
12.1466942579
13.7550670691
16.0330250189
12.4313342683
10.3237644955
9.04350270331
37.6233895272
29.8168021963
20.4598609954
9.5959339561
11.143841879
14.0386231989
28.6633189078
38.5347005278
10.4365432304
27.4075382575
39.4283141009
35.1449357551
1.3552765958
9.40333861114
0.355285327882
0.044465728104
12.3929394186
5.4851238504
5.78013574519
0.59252460301
36.3039257386
4.20057968796
19.7247475237
45.5497418717
31.3350002748
24.2557275408
11.6679461449
0.0
0.0
27.7830548287
68.8609466738
12.9151996826
48.94982325
32.9056438207
21.4179324433
17.2044382207
8.77190311253
5.57550224662
2.86971940008
11.3401245475
22.332859721
12.8699885029
23.8659877852
26.8954647146
26.4197788238
16.3871922456
3.83664393425
8.7995701991
10.5144400746
4.00659316778
1.52751024999
4.04471569649
12.4027840644
7.7916045785
27.4462499182
17.4303598032
27.8825847334
36.2464265815
7.33114363253
0
0
