0.0
0.0
2.27150756121
1.18881254643
6.70753012039
16.8842454851
29.2910444251
6.48318980076
3.06426581741
19.8308797181
21.5233234316
25.3522542715
20.8339316044
10.7116327286
3.09506928641
2.33066254109
8.82146787643
20.63368834
18.4121208619
18.2707192898
17.8106865306
3.18977737426
11.4515991211
0.162951752544
1.75379917771
0.895110335201
0.0
2.17485889793
0.0
3.12381112574
18.3592060804
9.23928790726
0.635147469118
20.8345855437
10.705961667
34.7210058869
17.1384926252
1.44618979096
7.64548847777
2.16096081817
17.8455951288
9.03364937381
8.61380663887
2.48397040553
8.94613297843
10.3908702261
15.3561231438
66.0102423336
3.26634706558
7.94909730089
28.2456911803
0.0
1.87984031439
20.6878467528
7.95125817506
18.4973946512
16.0043089148
18.1753405407
5.35856028086
16.9716617418
35.0659799258
3.0907624662
0.0
4.15220152214
15.6720525194
19.873017367
15.7252704143
32.0913190171
1.90634420514
10.9386170246
37.0911124572
32.3657114021
15.806246676
0.151819428429
14.4903449211
1.46656899434
2.6555532217
3.91934584267
0.630460381507
10.6676753685
5.3378609419
46.2736960574
12.7776588667
76.196481144
64.5533254836
28.5366071407
1.04432052746
3.89420506171
10.3250658475
1.35535481572
16.5447704662
17.3238275628
19.2785362601
30.7741864846
22.8353140466
14.9606595654
22.7369809058
20.7573458659
8.36838597665
10.436764285
1.74005766213
11.5460497308
8.24676660262
47.5886091739
12.2929964662
20.8859833516
14.2490498079
17.0344769955
14.8666772246
0.253535136581
4.94592140894
0.122290886007
5.46190050245
54.1329378785
25.825465992
5.37124224566
16.4734018687
44.6003522174
10.0527032241
69.0984842777
4.69565726818
25.4659958342
13.4819742828
1.95130647719
19.5835274756
9.17306601629
12.1641904414
15.7463397793
14.1977544576
17.4459703686
16.3529954106
82.4839037844
23.5341564668
2.19474093989
28.3195316386
7.13921327143
4.75352530181
9.83906713406
12.1382539328
14.098958116
14.5736326352
9.21353653819
7.75347054005
29.246613563
33.9626401942
31.535793107
19.1264365981
12.647586972
16.7672485113
27.2306790919
43.6897160522
16.3701952407
36.3062342851
37.3644172735
45.3326263502
0.988724738359
6.1587174721
1.11365731806
2.35433115251
16.8352937736
4.11068415641
4.27186191828
0.66701629758
43.5409274698
7.57594205438
21.8664605096
46.495260017
35.0004963967
12.0820909962
5.18252498657
4.55414950848
0.0
24.6565273627
205.105773926
4.57821053266
59.5953504425
36.7905359119
17.1838494614
11.0409625266
6.71718023066
