0
0
0.246245799586
0.257152100443
0.808673924766
0.61710386537
1.09694984206
0.556164382026
0.946257196367
1.08370276866
1.95734611014
0.454082861543
0.398483742028
1.02376759052
0.725511537865
0.0299811400473
0.0
0.177854545414
0.251865822822
1.37182061421
0.856273688842
0.218258596957
1.12654793262
0.00820661848411
0.641781679122
0.284379079938
0.230303231627
0.0257549025118
0.0
0.276849525166
1.23529818351
0.0265843700618
0.407250607386
0.384806141898
0.605480660684
1.29474956216
0.151360978372
5.58999329223
0.171651000099
0.226463681087
0.467291462235
0.321616778267
0.47946052067
0.307246753597
0.187308308319
0.272669939499
0.517110509099
2.11222954141
0.166470024502
1.4828366267
0.171289318067
0.133483935613
0.29622943711
0.419826665544
0.333085765131
0.851332416525
0.476094502956
0.303333185147
0.867804834619
0.49688423553
1.19246628007
0.19471787638
0.00791273219511
0.392562881112
0.913153176196
0.358004713315
0.112726108171
0.531277774367
0.122108075302
1.65194307268
1.50581827748
0.663726140512
1.77358893305
0.0406795120798
0.630583527032
0.762829482555
0.076024777256
0.272375017405
0.0169903710485
0.176072203554
0.196949231438
2.24487207457
1.37794674654
1.83002815023
0.899676684756
2.85396273807
0.22469740361
0.309855763975
0.223713185638
0.637773878756
1.07730423799
0.54367689928
0.292819369119
1.12506500399
0.851392999291
1.93683056929
1.02214219188
0.891591160791
0.0344249866903
0.331510226242
0.0906727351248
0.864888129116
0.579308092594
1.71122617833
0.950401214883
1.17812308017
1.00812753034
0.915924477158
1.02453543618
0.174282214604
0.178281267639
0.213866997045
0.928162955213
0.263065744191
0.957580397779
0.672521308996
0.775218217634
1.36869291501
0.848857205361
0.455599341192
0.191550794989
1.03362887091
0.346643493918
2.01649598312
0.471985635813
0.0875480938703
0.224122135667
0.565349248238
0.780674362206
0.220674639102
1.05801401427
1.14785594959
0.303354820819
0.46761885751
1.18847553059
0.317493439652
1.18435972929
0.21204544534
0.541497870465
0.665091603703
0.550240602344
0.205731282709
0.816212281585
2.82948335668
1.59650801704
0.545611236943
0.0633333174046
0.714445343241
0.0241485117003
1.72124102805
0.326088546077
1.43146978226
2.17507038219
1.75879714452
0.708723871969
0.829735300853
0.381091667106
0.216789075173
0.113344855607
1.04176735552
0.387595813721
1.12864226452
0.450122594368
0.586045631673
0.444168255664
0.545425671618
1.52335840464
1.00620027003
0.802404189482
2.05171650555
0.927895061672
1.30231070518
0.766199871898
3.36588482186
2.2415269597
1.08193505649
1.88406065293
4.7920784466
0.877513147891
0.536002080888
1.09316544794
0.418091900647
0.242096608505
0.202840434387
0.858312150463
1.14266917855
0.696529378183
0.392648891546
1.46955728531
0.0664360001683
0.991670550196
1.15173326316
0.931983426213
0.190783556551
0.00535028567538
0.53693254292
0.577318605036
0.65609898977
0.238068127073
0.615187995601
0.317352116108
0.221587055828
0
0
