0
0
2.99349842035
0.215222730534
4.7292367369
7.95528754591
3.75007957219
1.58415044099
19.8151888847
9.12986290454
17.0585231557
11.6641666889
9.61314378864
2.3448894918
3.27510130406
0.71346156299
1.87328885682
0.532151967288
4.4756974345
42.745111093
8.25929886103
11.7696529627
12.9678486586
4.17937872559
4.27252641319
45.1553127766
0.0
0.0933985635638
0.559866383671
2.82966462336
9.37052907329
0.0
0.0
13.7787578646
10.0529047362
17.862072587
29.0428796494
8.18391810358
0.103364144918
5.34460827336
4.13589286433
3.13079893402
16.0887845904
8.68432972022
8.49211263098
9.31132269557
5.05880279839
57.9824812697
7.65755694732
16.8794495347
11.0767755518
1.04922889173
0.370755940675
1.7409260273
11.039169699
10.7544304468
8.07221580482
9.69125963933
61.4818455689
12.6800349019
92.0240184466
26.6590679213
0.0
4.752378501
5.11795145273
9.23977871239
7.14228844642
16.6913524959
3.08378311246
27.1228874177
44.516876556
31.0451667881
20.652249204
7.1312387567
8.33852150292
1.4830964841
5.43544094078
2.6565924883
0.234159752727
16.880477814
4.52069664002
28.2307872734
33.4051704482
65.7932993508
8.7844683174
43.8580595702
0.822399996221
14.9430012703
9.30627456307
5.92451959848
17.4836341068
18.8731629252
4.89606552199
31.7107171118
31.685919335
27.0833419673
46.8624930005
31.0510958489
6.28721494229
5.72698903085
0.0533552505077
15.6761029065
6.96734927594
35.3103785926
15.649315238
38.692687422
38.0698831212
24.7349268235
25.2114545702
2.5951426495
8.20437077292
1.53699311614
12.0021525621
15.3842147291
25.494531613
11.1408327855
15.8562463671
43.3671378605
18.2962784395
21.5053175096
3.35481827707
14.6437352188
3.34317900986
14.5785122789
12.3151832521
8.71965976058
3.46842254698
6.30157716571
22.4682905898
13.5131679587
27.874558026
20.0789823756
18.95866354
4.09836453012
90.1452049193
9.09257349372
17.7362205237
6.15320683178
10.6022080779
11.8258839101
11.894231312
6.65278042294
17.428093303
58.0559029346
51.6718391357
30.5467471183
8.41310802194
18.5236892402
9.20007522403
35.7402435242
27.0298659504
33.944132153
48.5133872666
42.3296602908
31.8450631051
2.81526909024
15.7476969659
2.59409595094
38.9552401536
64.7922208579
7.06043086946
13.7557714284
4.39136487432
15.1298482278
3.16608527676
28.0166479423
52.891352579
50.4077974409
20.9148866991
15.6593282819
9.39775443077
14.9938039184
0.0
11.7831005752
11.1555253468
88.5988287403
21.9061775208
56.3940745442
28.1994418502
31.1472489238
32.1035816966
4.83861780166
11.6912599504
37.7813569531
23.2605879754
47.6565377489
25.3297010734
14.3495290428
19.613420561
5.10202628374
24.7749810778
34.0742224642
1.30774240941
4.83736467502
0.021114114672
7.80630614609
25.6245059074
8.22266218812
27.8382806182
16.6564365998
11.6444638968
3.34775680303
0
0
