0
0
1.8021293208
3.59895119258
3.98230428994
8.01471884921
16.3427542001
4.43047364429
24.6284212769
17.2867766619
24.559773121
11.3498786688
12.0448409691
8.42604205013
0.690038636326
9.46805530786
0.0
1.10914161801
14.1604090333
35.5376719682
15.3378296513
9.93470934034
13.9300538599
0.243632085622
5.02336084843
5.85894298553
1.91329908371
0.188631646335
0.703851431609
6.51747293585
21.1798101822
0.579318210482
1.44759330153
9.4899086142
10.0354882479
39.9702684079
34.6624179482
10.6605389714
0.531463511287
16.3759524375
5.48433084413
3.26275311643
6.15974456258
11.7803641828
13.9958976097
12.3345755953
9.44702443109
83.3245082906
2.20475919172
32.0192662315
7.265017041
3.88522732258
6.2513471567
6.03436951339
7.76081878692
18.5784459673
16.9080919772
11.1739113294
47.6954948678
9.29488682839
33.8487807065
39.840272069
0.0
0.0188699928112
1.13740954176
14.1507555842
2.82748299838
15.9374759942
2.05943776667
22.6399164107
63.6949598249
33.6412423378
41.7591635782
4.94393569975
16.0013016639
2.93801486491
0.756134726107
4.43193385006
0.0
7.81563799829
4.07009455562
35.8663948997
34.4302944336
60.6847370491
25.4919424764
31.4965371787
2.9389454238
14.5608141906
7.59894651175
8.00532810017
20.5504565444
38.8782346313
5.18903477489
37.9940202086
10.4532407373
38.2748733089
42.5882674918
27.7858352177
5.22684824746
13.2124647573
3.94914114475
12.9798790198
8.21039837971
41.1520331875
24.724176541
30.6461050584
37.6837243661
21.1925258143
16.3324906826
3.4664488295
15.3725356129
8.3218281269
7.10789948702
4.75855207442
26.1506665685
23.0096258596
26.826605022
49.2525352164
16.8245923407
14.4612550847
2.95364177227
53.1766731526
20.4801479448
28.0729689002
16.4919437729
3.64874765604
7.05584476702
12.5043966528
22.9113999456
10.9676125646
24.8158444706
29.9136129096
13.3592820573
8.24703387917
62.8268651628
14.4575135708
14.1497729346
6.08730116486
19.2635975964
18.5876569357
15.0568759739
5.65377750994
11.9986845441
64.6899192576
43.8371947025
17.90206258
0.92469895631
22.2456297576
10.1326625347
31.6116701962
24.2951189429
35.0037312749
47.6941857487
48.0368199739
21.7813329399
5.23996730894
14.0206275824
9.81914792954
66.1772002279
78.4056266359
6.78814284504
20.315491274
5.4963741079
17.8154175729
4.47197455913
28.3580988442
42.1318434924
41.3793638796
20.1312152669
24.6297919639
11.8025487587
9.62375271319
10.1384558603
20.7714943886
16.2370467209
34.1508966833
23.9703784883
53.9986870363
39.1054446996
18.1640249491
46.9179582372
1.30974237621
17.2538084239
22.9631886184
29.807491243
44.4639702737
12.3459638692
16.8157121502
16.9555862546
6.29245005547
17.0579722077
50.1914123297
26.3651670814
29.9440740197
1.07169135567
14.4400387108
17.6071121693
3.62180526742
24.1009096596
7.85893550143
7.65512792767
3.8055947274
0
0
