0.0
0.0
3.71625405689
12.6623958349
4.7940633595
10.9525431865
4.56514952146
1.30491922796
15.9151269793
9.52709931134
10.9076018427
13.186285615
16.7880490087
0.432071909309
1.71379225887
1.81639812514
1.74343856983
1.48364518583
2.66240260006
31.8195258826
14.3698569685
10.6088308096
5.02485913039
3.2922660336
0.55070143193
37.511736989
2.21057617664
0.438723620028
0.286140181123
4.0568589354
13.024662897
0.0
0.0
9.52673698961
9.05907190963
26.6140873265
20.8062901832
11.1596104503
0.0
2.54400146472
6.18519620597
3.00547277928
16.0618071556
6.30770018789
9.02778861857
8.8934608195
4.18940299003
51.8364862428
8.11791509484
27.3690408132
5.53243137058
0.0
0.297236032783
3.13581100478
13.2043519467
11.5358030274
8.50670639892
7.59550889767
81.0978629441
13.3777789953
109.633355219
26.2116173318
0.0121072372422
0.0564996935426
5.04447019099
10.001927644
7.68491369114
16.455841952
2.8954294771
2.00357868522
42.2535325774
42.6085966061
10.7578664068
8.29636102728
13.8699922543
2.04255967587
5.66228860337
2.59004652499
0.433934479951
16.198945865
7.41053346545
31.1037561838
28.042938821
60.31844859
9.53108195028
63.5909261628
8.12878137454
10.163958868
12.5903477445
7.75211673974
15.3452625722
11.5959567055
5.7004892975
31.4443813898
54.5275235921
28.1112682858
49.0548427608
41.8035087017
7.23526173737
3.97185844927
0.0
17.4752724767
6.54572365433
36.8241104578
14.4881939292
29.0142525919
24.6970968331
25.9979498518
20.5360980928
3.01516346633
3.61975408298
1.38901846111
13.8644088283
15.3872247934
27.1668435485
8.08493375033
16.4799471125
46.2585362681
14.8363534603
19.2578651877
2.51273405179
12.7258024849
1.7534796875
12.0758333802
11.5216011107
9.61211635171
3.96104066446
7.4121260941
23.3093430027
13.3576746527
25.4167435058
30.4565470889
12.163921603
5.04609453679
103.591997741
10.8926150054
16.1040778756
4.61289376673
10.924227722
9.77444569207
11.5865690522
6.72450936679
11.95992136
51.0471820068
53.5304412917
34.2951350546
6.69388889988
18.9758675471
14.7301134914
36.9260054827
26.9607195965
34.5976396891
52.2360899448
34.9869376682
33.6747210492
5.91582203285
14.8222758248
2.19655841589
12.4520883914
59.8059355282
6.78387296945
12.2959206104
4.57944273948
18.784989953
2.65182972326
29.1902251282
54.662038967
48.6934436364
22.6251284005
13.7205101699
4.04133474828
12.8330092728
0.0
15.4321870864
3.78417960182
92.4643035158
18.0105662942
52.5525715202
28.1030094178
31.2194241286
28.3372031897
5.03607635201
14.2695174515
33.6383882314
17.5922205895
39.5101075284
27.1279467792
11.9675022885
22.5221968889
5.3054996431
20.9802131206
35.5634027458
27.3555665686
5.16324907774
0.0219208155759
7.30179658906
23.5910672844
10.1577727608
27.6142437458
15.5140190721
14.2873671949
5.29533245042
59.2699999999
366.709999999
13.21
8.74000000001
0
0
0
0
0
0
0
0
0
0
