0
0
4.14548899234
23.1815219075
4.86969226598
19.465986223
4.58377475292
1.05579059198
10.140181303
14.1222312301
11.1780566275
12.5232473016
17.3884298802
2.56542330979
3.23817227035
1.73019200563
1.82086086273
2.19392842054
0.0830705780537
30.7840712071
14.7191834897
6.36361384392
10.90025625
1.70071148872
4.21813930572
9.08298200369
0.0
0.0
0.0
2.61112963781
21.6672909195
0.0
0.124486204237
12.3780534994
9.40916561522
29.0911901258
28.5420521424
21.2938907147
0.0
3.47673278489
13.5699712783
3.91582069639
24.1621537841
2.28205306409
5.8014933709
6.8141734153
5.00164831757
41.1308599188
10.9630914554
6.47341548466
7.06466044486
0.0
1.16731475014
4.86795109884
15.0343012512
15.1451726351
8.38166487962
7.15054273234
52.5236156657
29.0173744764
89.7699986659
35.5104095935
0.0750641617925
0.615446068346
4.78906685114
7.5975285396
14.6563700326
16.7325293496
2.89836394788
2.91705971585
56.4218610674
67.731293413
17.5465087434
6.85530170426
16.93765721
3.14173097256
6.84969098959
1.10725808144
0.405622377991
15.5426695123
7.54426860809
31.5278080478
22.1566881761
63.2417887934
9.68860238045
57.0552530028
9.27803649007
11.8510868121
15.8541718125
5.90951524303
15.7913878765
17.2261433964
4.36996036022
25.0598135366
27.1573520544
26.9838621096
55.7977946698
46.5091844537
13.6998029568
4.93886661948
2.62425418385
14.580417797
5.86934424005
33.0564907975
18.8063886166
32.6234744434
24.7707927358
25.749861354
18.4893597364
3.32960843621
6.28651386242
3.42465289682
7.31204107404
21.4697800577
27.4754773826
5.70265086739
9.6341471225
35.7793271206
14.691215191
32.3342781811
2.01533782482
26.4992367067
0.938696360215
9.31221209093
11.4628753066
9.34706032277
8.1370377168
11.2936041355
21.3128998317
11.1446802467
26.3824651111
38.5136018693
12.9974659346
8.80329823493
47.5351150339
13.2643048279
16.1341684498
6.46974897756
10.4624971496
8.16752112283
8.04785361886
11.9020062704
4.60069786572
50.2406554073
51.706442088
19.6301819198
0.389730052092
17.6772797853
7.8807900846
35.7919163705
27.7685739958
30.4161194321
45.5357492342
32.1697405447
23.9620955698
3.36696557141
14.3555931989
5.31916294154
18.3184290309
37.5813570014
4.10207551718
9.21071080862
9.49247141182
19.333643049
1.3193531055
19.1042475589
43.0274638692
45.4437408401
23.3895548098
13.2000453975
5.89664263464
0.707406967879
2.60487046349
16.1933437586
4.52754838764
51.7725151267
11.7163766921
53.1695818306
30.1916300878
19.939751029
22.6968171448
3.59438646958
11.2181132734
30.9830071627
12.1768964888
38.8717956617
24.7222314029
13.8439039942
20.1919962466
5.27328372002
18.9127034694
27.1584974695
46.8538279272
1.194524372
0.0
5.12222783268
19.3968250752
10.2645927295
36.9290978014
10.735301502
12.1395450532
4.54480204358
0
0
