0.0
0.0
6.93302308022
8.27382463217
15.4563784897
14.9515159093
19.5816744547
10.395728901
29.4363018571
25.0106415768
56.5588036627
20.5403848886
6.8608675003
26.200873375
11.9239526689
0.0
3.32044708728
5.18670755626
6.89492768794
31.4443349539
22.7120608538
4.95620640367
28.6423963308
1.98838399909
2.08142356575
8.28569059073
8.19968238473
0.0
0.0
6.38983730971
25.5948253171
0.671579048038
9.71132898331
8.55644186726
20.278550637
43.9830402118
8.44695612787
99.5531041102
3.40430608951
4.55674393942
7.66950586438
8.0594416447
12.2401987351
6.96994675788
5.69775697589
5.7330551832
11.1763596498
44.8222980871
3.96402347088
27.296683291
4.5818172265
3.35423534364
5.16042293748
8.5351008852
6.38227944821
19.140975846
10.3447516523
6.77711116522
39.4857742265
17.066155605
35.5616839138
2.48757608794
0.182532861829
6.24151539802
23.4715596903
10.6648048014
1.91838240624
14.2239070181
2.14855163544
41.1837985274
34.7622849718
13.3323610425
69.0989080625
2.07325371914
10.5962181939
19.801092267
3.51291397958
7.51481759549
0.217643111944
5.32525178232
2.8180247359
51.1972528025
32.8183551058
47.710915787
30.4025635085
28.836601979
1.81922847033
9.15537984576
5.4811054319
18.9674300328
27.0664747898
18.3694363832
7.1043549534
24.6292285435
20.7371106259
49.0801308007
21.6228245795
13.7139840061
1.62689620256
11.6677862629
1.77310332656
15.4491778538
14.2804067479
43.1031467803
24.495191574
22.5839944035
29.4862419293
22.0676292256
26.5874072424
4.18792836742
6.23219862209
3.41310212016
19.2175720185
8.49130207301
31.0483919251
19.0489083454
24.5820936374
37.8577702855
17.8173471764
9.6915695239
4.17763428391
39.0584228011
9.83376098983
24.4357573874
10.8444316531
1.94086629152
6.13261212408
13.3213837668
15.9846904836
5.53433955274
19.6262763664
28.9863004982
12.4379834379
14.5193716586
44.1400537574
9.8966855742
23.5134891272
6.80228907521
12.6635828577
16.1457756925
11.6774753407
3.84668163211
21.4869706035
57.8297543563
32.0541244447
10.9613692984
0.0301070977003
21.4596981634
0.853954944761
38.0662379935
9.05492515862
34.2360832618
46.6424772552
40.036806319
16.1151497662
19.3927333793
7.16913975031
6.79769385607
5.49055751412
24.1565159066
9.4422470592
27.5111655034
9.11307247728
14.3013447225
9.65346046351
15.7864984441
38.8177122698
20.3691693507
16.9413960054
50.057570994
22.31837596
19.793874085
17.6624801382
63.2087569087
61.7695016645
38.7248824574
37.7930185498
106.653749227
32.2989129648
13.0913774986
