0
0
6.36377257481
3.76325897501
18.6655665371
19.5984628983
34.6282643527
10.1563030332
8.49752014874
28.9428657442
50.7195144631
10.8614346385
16.6629326195
13.5520548821
17.9562749863
1.48146443814
0.0
1.93162456155
4.7395643592
29.9109216286
23.3961000144
4.1400832627
26.981830325
2.69015456177
13.4345649853
5.03898131846
3.72162915766
0.419479519128
0.0
6.64186971634
20.9073686488
0.42633020226
10.232349325
9.52610975503
18.9294450833
27.5572097366
16.4417366702
5.59043570234
6.92153806519
3.25276431442
15.6069978783
7.50366988219
16.904555507
4.21909216046
6.42317976058
11.1560022463
15.1858263798
50.3480332754
0.72007757239
17.0449500019
3.36445602331
1.71865850687
12.715484082
7.06958684419
12.2936979812
22.0034843087
6.40746146254
14.1663811952
20.6603268329
19.3750753524
12.5414943695
2.62525199354
0.431103511714
3.33347797394
28.1072168647
9.77726158757
4.06964350865
10.0355801582
4.16818966157
28.6849215031
27.7130723129
11.4936155565
31.9848130318
3.41983174625
9.64168872031
12.2681816965
0.89748968929
6.11668521166
0.941283396912
4.44725328684
2.44031420722
48.7772231028
29.3979504034
45.8844537958
20.6473095808
81.5695536984
4.67474237458
2.66294120018
3.10337385535
17.4556196239
18.5501574799
8.13426777442
6.75192082488
15.4628195688
14.4215539266
37.554050915
24.369690193
19.7942753825
1.56023815647
3.76103373617
0.588312596083
12.6032259045
7.80870473386
37.386843715
24.4843831044
27.995614685
26.9152324666
16.6712821461
22.4161141589
4.54410977662
3.41650953144
0.866806101053
28.2658498361
4.5359250605
23.9175029942
8.245200546
12.0365128778
35.2633460364
18.8672058173
7.93566714228
3.00585873797
75.4673185301
21.6439441913
36.6020683776
5.7518492653
2.68443301879
5.71434475109
12.9360625148
14.3318493348
10.1560420096
20.5145215206
26.3558958917
6.39548082276
6.77953487635
13.9516724436
11.6765983254
16.5225870609
6.10031643883
10.190139357
17.6319313757
19.1623730846
7.93413769639
23.7427168787
61.5497183484
49.7662860871
14.5407407815
0.201210223138
14.6927846968
2.25446263701
42.6958664731
10.0564606162
33.0947388746
49.6944590136
55.4491910263
23.0856462121
22.6663807836
7.52487732655
0.498205498327
2.6078824997
13.8864779707
7.74999739229
25.25268195
9.60347995162
13.8267947584
15.9262428973
14.523414854
34.6480063498
20.9058675226
14.4875187222
33.3231674285
15.9745765328
33.1377099754
13.2142851949
71.5780659019
22.9092438854
14.2010698328
64.1591985226
88.7647481561
31.6688918398
13.9989130273
36.8953659386
10.1427262276
9.21993445884
3.81717599184
23.3563748226
25.9811786412
19.4652209133
8.4546892494
38.942158565
0.0
34.8477221131
20.3616552651
12.019888401
2.74083463567
0.150239635259
20.1718776226
12.899232477
21.3442382365
6.51859478652
12.5602385751
6.27169427275
2.11714178324
0
0
