0.0
0.0
2.43153391778
1.38454516232
5.09837459028
10.4689541627
3.17778265848
1.03912664205
11.9846680462
12.3894769326
18.9609819912
12.2731412351
9.00004195142
2.92494615912
9.76438486577
1.34789648652
1.33649812639
0.775934368373
4.70460001286
42.7484419049
9.66367451102
11.7140245736
11.1385039687
0.167916437611
1.40962956101
68.2158635258
1.36459055543
0.0863470360637
1.02872648835
5.32464567571
11.101972363
0.0
1.85361421108
14.6203749888
9.43655296416
17.4917629771
34.6097468734
7.34423719346
0.121910043061
6.93308269512
5.14422168955
3.1431271769
20.3301563412
7.28778061085
9.18234699034
7.62982877902
4.9552793093
60.5351671726
9.93650650418
13.306017024
21.1800641119
2.8803408444
0.772476945072
2.55388912932
11.3153449595
13.8910667896
6.51450858638
10.5179169215
46.3600983024
14.1116532152
49.9816339351
29.9099424574
0.0
5.11743186415
3.2514692545
7.13600166142
7.845803814
14.6489254609
1.46383193135
25.3671978778
58.8907751832
32.0097766025
13.540638973
6.4449827671
15.5239110338
6.82746552677
1.62424958311
3.19124044106
0.246450327336
17.3119492829
5.51092395187
36.1625671798
31.5009590686
48.1654414572
12.660504844
90.3739780337
2.03007850796
14.7485917294
11.254319787
4.38625806571
13.7868914902
17.6435539797
3.06400258094
32.8459671065
33.197570946
29.5986351595
46.1758771745
38.6333322096
6.47197052837
6.48983310163
0.793416827916
13.9451904595
6.69615900703
35.5139895814
17.4863495529
29.625160709
27.7039049026
21.8846278517
26.4733299986
8.12456943468
2.79843850178
1.24666401744
12.4129055142
13.5319386721
24.0334958957
12.23856318
12.5284251664
43.1227778527
18.9101597183
19.6868461082
3.16963315754
18.6378653627
9.64505200087
19.5891905129
15.8808205873
7.40145345031
4.51579298078
3.77667172999
27.0583060608
11.2476932723
23.9242491703
18.4107290581
12.6148347594
7.21829802542
87.9757212648
9.8193511963
16.6419142932
6.01540070772
14.8343949392
11.9886987358
11.8060971871
6.53222547658
14.8366047973
65.4548105971
48.798772663
20.8091845214
9.33557360899
22.3725598231
7.6292957291
36.7381258608
28.4742777497
34.2151849474
45.5999340602
39.8763792571
21.7305692732
6.23438584058
18.7507365793
5.71691245771
22.8824216332
62.4307502182
10.509827435
14.054342106
5.87897563354
15.3823884912
3.88902200573
22.2387227453
53.623947367
44.7715017506
21.6093837898
31.48436898
9.69065661727
13.5120557249
0.0
9.21772476286
10.1375191687
59.3103332407
19.6300298721
47.0006359666
32.3445154354
29.2669697554
52.2347577811
6.59784407726
15.3093322702
30.1923413426
18.597829476
50.1146215349
20.3196082302
17.0766710825
19.4561498612
7.07719713449
28.5632874482
50.7579145039
10.0130951889
3.61444391124
0.0199756720103
8.98557809741
24.8474061862
5.56401643529
31.3060788811
16.1453992724
9.51960593462
2.93598093466
90.63
405.640000001
6.51
6.61000000001
0
0
0
0
0
0
0
0
0
0
