0
0
5.78115981818
5.91775086523
5.69806992262
12.6666637464
21.5295561701
7.24036822469
28.1915805192
23.0509642661
36.0978135578
12.9088532925
13.4070732985
27.0818566382
0.379616931082
4.63699480891
4.31634020806
2.96677199006
18.4297483228
36.6367179751
22.7372068819
8.84461791067
9.93719762563
0.294612463565
8.97828255593
4.33545005321
0.191049702466
0.0
0.787690848113
10.9236862287
21.048034044
0.29850436002
0.0
11.364065188
12.6949720401
37.9241280974
19.1323902514
24.4732785468
12.3020937592
23.7979607396
9.50232692064
2.83530112356
1.2806065008
7.93925846928
11.3520781472
7.36848187075
11.2586489506
74.0301553366
3.63853651284
27.5671738944
6.38382238337
3.46921040117
3.88265615981
8.11373549513
9.34310757926
19.5406310298
18.4745686501
10.6223928519
58.0267297291
19.9589612447
34.927437731
11.7184115276
0.759793795646
0.0
10.6553890686
15.017970169
2.30530142225
18.9021729212
4.70125615596
31.3097732328
54.326478132
27.5361272525
313.617743167
3.02844214159
12.68456522
7.38687444293
3.63765120506
5.69394376874
0.0
8.04529393092
2.56258517503
46.6099214741
35.8277483974
52.0710061128
35.3214423694
16.8231498711
3.63362029195
10.8388087414
9.37394640595
10.1961784959
26.3578293566
31.8890803457
7.95271798968
36.399570834
32.2665762641
36.1233915305
34.5380569068
21.8854745594
1.54494336247
12.7536144052
2.61628139018
16.2152393684
6.59508600365
37.3441469148
21.4621364325
31.1518488228
32.0610426552
20.5755985547
17.2364276089
4.33695030214
2.8579586693
3.3151061833
9.00742596389
4.08327090739
32.3412503208
19.6991322041
27.0400043875
42.0813672355
12.9233058617
7.96935651451
4.40267121792
53.2021024622
5.63687021657
29.8027748354
5.6036896063
3.25580797205
6.62084980308
7.34394842014
12.3112196177
6.7723129224
17.7035538275
34.9765661136
12.0975201591
25.8937886059
66.168766871
12.1453327658
18.0052181929
9.08640539647
15.6139143035
18.0149003724
13.2974612899
2.90272200946
13.6084273998
72.3497438561
33.082970839
7.81404300034
1.43737707613
23.8209332228
8.9572069645
28.4569740593
16.3698118832
41.0586158038
45.327548772
54.2253066077
19.7725424096
22.0762940347
9.59112143609
7.84520266951
56.0679905825
78.381340914
7.01761431991
19.4716505483
3.71258303894
19.0738490671
4.51148495078
22.6094705835
52.6120557636
34.4870633484
14.1552773863
11.4378328579
4.16535079478
6.76479935647
7.45065620542
30.9641894102
21.5762555085
20.0279502366
36.6249855235
82.5473490358
42.5168411582
18.969954595
35.4126283006
4.28948919475
11.2469677627
18.5414396971
35.3970936389
36.0450636149
14.9552044496
16.0748005807
21.6741601098
3.15577657522
28.0811006148
32.2627325021
13.5105330571
20.3126780447
1.32739574695
13.2652990222
16.5754098594
5.37102172058
12.8328161677
14.9064432029
2.88250002264
2.8149506785
0
0
