0
0
0.167801066535
0.641867987579
0.215935140848
0.507491785393
0.134228374809
0.0304218009114
0.533502813429
0.744934538379
0.398478268646
0.383062953129
0.933178075356
0.0200861170888
0.127416757867
0.0917308144271
0.0415715463459
0.0919053493999
0.106453722809
1.31926908158
0.584573216736
0.455764204264
0.202241936233
0.0514738224447
0.134582975879
1.54904393852
0.0
0.0293018980883
0.0
0.154827219201
0.63364121379
0.0
0.0054742237553
0.485791327432
0.403410649393
0.996676977258
1.03084732918
0.392204560339
0.0
0.188079279615
0.329306305386
0.15776843502
0.871236473322
0.142754629429
0.334270733176
0.203321833629
0.201682895422
1.61875582812
0.298268282437
0.638030908071
0.25184120913
0.0
0.0426672235481
0.138179105998
0.65011773631
0.666216330603
0.4102929621
0.32912616618
2.5488313986
0.776042945334
4.47810927872
1.49563924456
0.00165101303719
0.0180864543072
0.198817715049
0.320313535107
0.409494297579
0.715439350344
0.184427000582
0.10385964578
2.32853078656
2.67038754234
0.805491752923
0.31105656852
0.747881254181
0.137718360871
0.211948643322
0.060435809195
0.0182042121887
0.654874214437
0.298190653324
1.36242524721
1.34892561007
2.35838754755
0.395841807825
0.422064452432
0.368101006374
0.461976175895
0.622164579108
0.245078116423
0.462760705967
0.596432716469
0.219322059304
1.06028889352
1.37122323737
1.20789155463
2.05334670655
1.94760832877
0.445067642839
0.184819803573
0.0369465425611
0.831993297645
0.283898527501
1.51470709103
0.759243783541
1.30086045759
0.852608543471
1.02288399125
0.724428567803
0.192469023168
0.324591197073
0.184223311022
0.614768342115
0.824640808627
1.03526568506
0.295517618768
0.473750000121
1.60679369513
0.797697076807
0.892192010768
0.164344474673
0.858887318289
0.092759522493
0.393740181345
0.449178166687
0.399946447462
0.346876280382
0.452964761294
0.959802055731
0.41588639468
1.07309298753
1.67220598366
0.55636143341
0.262347875163
3.25585373386
0.586705596885
0.672209429555
0.216735543683
0.53621394746
0.434730418958
0.331169566838
0.44260232558
0.479532477446
2.21557153482
2.22619302757
0.807732601766
0.0278340596124
0.687968936749
0.5116566699
1.4069265537
1.24393252702
1.35399592761
2.12094180193
1.30744404602
0.992319879588
0.173210648354
0.608014674857
0.0757701249095
1.0400195152
2.23419860797
0.217933177948
0.429801180959
0.409311598167
0.682651687413
0.0680406920146
1.15402567107
2.05349419266
2.0590106498
1.06355670467
0.511307162291
0.166471123695
0.0571867227554
0.000151920801727
0.610915884841
0.237115437281
2.53719057073
0.714611127973
1.87510930002
1.16012866981
1.02185920812
0.954164272174
0.148746740073
0.567282367498
1.3749817647
0.509907461703
1.43618997373
1.26293539628
0.514141947031
0.888820947148
0.262290775776
0.643657413311
1.66995673627
1.40396779776
0.0697327149101
0.0
0.226260643452
0.963245992898
0.389575074427
1.21044586599
0.53451595665
0.516437485814
0.186678398401
0
0
