0.0
0.0
6.25064845942
4.4635102423
22.2290089745
14.0046387389
31.1891278526
11.1647532284
13.5773220509
26.3202376104
46.3810229748
9.41872939466
11.7364314795
20.8785195351
17.2441842556
1.20586404204
0.0
0.775782465934
4.80499640107
29.1699429454
18.6241746079
5.84312868118
23.3430343866
0.197709873319
16.7856568443
5.02520504594
5.61648210883
0.274763859809
0.0
7.28592801466
27.2923719893
0.63705959916
9.40647528694
9.81835499033
19.3888369091
23.4928319939
3.71362308785
135.136827431
4.14155043662
6.0150033161
13.4892942309
7.14024969516
13.3595601395
4.64759602771
7.57840538957
8.63925368198
14.2730256384
49.277448535
1.12064149417
22.1488905251
3.69477680604
1.38273757696
6.47466120031
7.20089549014
10.1638196111
19.666203808
11.0306763828
9.21565879135
13.2659521848
8.43344845622
25.6102812533
10.3593650646
0.098556831479
9.53635669174
28.8403789289
9.11637205397
3.59938541426
13.4451511949
2.58152178302
25.1704102066
30.7091656589
16.5133636845
28.2147466186
2.10895831883
11.461833274
18.5197155476
0.99922978878
6.78498083352
0.649627972394
5.15788453817
4.01087005063
50.987230003
37.1705409475
38.4083349389
16.0619153157
29.4716136084
1.86062760651
5.82467003585
4.18767645211
15.8951481795
23.3609739169
10.3532061889
6.0715026576
27.0838919318
27.0248101315
29.3493723571
25.0920433318
19.1908357758
1.04445032403
7.29990575462
1.05125811696
22.5170601555
13.8992929626
38.8741368725
24.0883710982
33.8363261429
31.3160612304
21.2175455438
24.1771043558
5.7344507519
5.06681056692
3.08979750797
21.958206296
6.2933004275
21.1765454351
15.7216735147
17.5410912484
31.9202495743
24.795759078
10.9425185658
4.94176577033
68.036190737
19.4851273284
49.5994171891
6.67565439362
2.63965447248
6.24926523864
17.2682611719
19.6108908048
7.96593193152
21.3668048568
31.397282783
5.91328928153
2.49577166141
7.80353457202
7.63758594542
28.0223965644
4.76837368682
13.4418985918
15.2318142951
14.1655937824
4.67960590123
22.401288271
68.0624999148
35.4414516706
9.21704806387
0.780758315698
12.4037214678
0.506713226438
41.1258388906
7.53618319798
33.4823361038
45.0686948933
57.6083521982
21.9032365903
22.2657267451
8.8817158565
3.80605430155
0.0
17.2185650552
10.6954880878
28.5626806766
9.92164221034
12.8053757921
12.3259928953
14.5818596855
43.6511650085
18.2327913526
12.744582206
47.9899707511
18.8459630012
35.0009049475
18.9103021324
71.5178510249
49.5677175355
23.8055391367
38.4287495614
118.09594363
26.826883927
9.7136361301
20.4777541906
10.5226469189
11.1141583621
2.7390218675
15.7347993404
25.5377732813
16.1201665476
10.3349590525
31.6933433712
0.419902324678
23.7978670746
31.6995312943
9.52280974387
3.99293893577
0.0825018435718
12.0338571668
14.1426615715
19.9403121918
5.30674186349
14.4973166892
6.10874345899
3.64015172794
1.45
108.79
0.0
1.91
0
0
0
0
0
0
0
0
0
0
