0.0
0.0
6.25078850986
3.20131525118
22.6636378169
19.3955482542
29.0890512206
12.9842768535
11.104180634
27.6841256395
52.6677356064
10.7075172812
14.9347667992
17.03830719
18.4221284688
1.83945590258
0.0
0.539084091782
4.43885873258
26.4454624056
18.339642942
5.40890446678
26.2739292384
0.51201270707
16.6525674378
4.82388326525
4.66634854675
0.388500407338
0.0
6.27353616175
21.5690079136
0.629947140814
7.41725043206
8.03262811106
18.4065547977
29.8902323506
4.73279605061
149.25074466
3.79578866484
2.79735052586
13.2711582938
6.58567500115
13.3921769857
2.0110656512
5.77308082582
9.93873892351
16.2345979353
55.6481582746
1.05170605425
16.8290398121
3.52264579666
1.71750319004
9.1985863787
6.20600841566
8.94653081148
19.0114390086
7.1178612113
12.2110709511
17.613766551
8.16945842095
18.0027587833
3.34344246984
0.154272504151
2.99995825812
28.8552665635
9.05357213294
4.53026597388
12.8753039706
2.8111589849
19.8898343146
31.6208338234
14.2904024078
50.6850293352
4.24375496059
10.3047197931
15.7309942246
0.723075762391
6.68978369237
0.801473359577
5.05499714614
3.35528576374
47.1265317946
32.2688089685
47.2428144319
15.3737425804
62.2836150778
2.17042144574
4.11887610751
2.14222289622
17.1658858554
20.9860014394
6.59335080442
8.43982250803
18.2013459094
18.8663155809
34.6832062639
25.9067172612
17.6269300003
1.50093682296
4.179730542
0.585968479514
15.0541534312
10.3280151235
36.0641388595
22.3074805895
33.9902011603
34.2292466686
20.4917347524
20.8336744616
4.45849657058
4.81491073966
3.50979129598
34.253468424
5.80873265863
23.2538418104
12.8785037398
13.2276322413
32.5630975663
19.5137911476
10.3300416525
2.69745285809
61.6784458486
28.816820893
49.5854404606
10.2534900745
2.55697322822
6.81591856106
13.5830780268
16.5935218111
7.56018280798
22.2382122623
20.5421932563
9.20600618609
4.77639761568
17.6679418953
10.7689331733
24.0533781053
5.32440714631
13.7263549045
19.384962637
17.7406748794
6.32732299716
23.1807613336
65.8698202762
49.7556998441
9.46739476361
0.722328445874
12.9592466354
2.37000902742
41.6350095571
7.45961145312
30.4072875382
54.5549206361
57.4148304182
19.9594841748
19.9245439041
5.94785856084
5.42781252041
0.0
17.1108685741
7.34202148766
25.9662364126
10.0144852325
12.0728786141
15.8853603043
13.1548832674
39.0491032003
20.7350865919
17.1912305877
33.0192381665
18.2332196832
34.877803266
16.0403571725
73.6540299655
25.9752364586
26.2935680765
69.7327320278
99.125289023
28.6201409698
10.7991086897
