0.0
0.0
3.00695993006
4.53691005149
3.31299676001
9.07310915412
18.6475429349
5.13009533287
26.6517112255
17.7155254483
28.8674092087
11.3447207808
10.9665594846
24.7372283042
0.486534520985
9.04809701443
0.0
5.25012892486
13.9976653419
37.1353369207
20.7401589565
8.88010932504
9.41168356687
0.196551678702
2.51087214053
0.0
0.0
0.0
0.794534236193
7.5242572613
21.3130915566
0.591391280294
0.666783615946
11.7537289797
12.3394818194
27.9928690224
18.687171489
8.13249067963
10.4173443485
24.4314687475
7.4569294788
2.58428787533
6.2672396712
8.5121993227
13.7064541541
8.33679908887
9.85120743514
74.541573353
4.14762369542
18.6433464261
5.30648788066
5.46975085884
4.96331259374
4.85174632073
8.37172718347
19.7552475371
19.129063664
11.4241495281
47.1141785122
12.6218382195
28.6328961086
24.4090221674
0.506724201142
0.0
3.79851293285
17.870105708
2.34237269685
17.5348170754
1.74509990215
23.0298790634
60.7481405587
36.0202306061
333.794209337
6.22665866465
13.3751404881
4.77188122272
2.89371377974
5.38878697157
0.0
7.98339647054
2.64215471594
43.19272485
40.9598647078
59.3561317474
21.9179766979
19.6644296497
3.38548715784
13.6280555986
6.61518386006
9.37041655183
26.556531407
37.1210747882
6.77299878002
36.8632164895
21.4420689382
34.2957262135
34.0227625687
24.8118170304
2.62538010254
13.5476989075
2.64254933597
12.5274277325
7.55259016994
44.7240864782
21.9678207412
28.6469176524
32.1516686808
25.4195956997
13.9976352006
4.44503729045
6.15180993034
4.7309891351
7.17180982231
3.17985963821
27.2143513709
21.6989595965
26.602429675
41.6320032588
12.6175227966
10.2968732882
3.49283442646
40.9078860715
6.76909048855
31.6828529388
7.41591739934
3.31934955809
4.82573181298
10.2111451691
15.4198724963
8.87761209346
23.0241775587
32.1389880739
19.528231102
16.2181917443
88.1135293543
13.8761401232
15.5412288085
8.69157233834
16.6964789964
19.6690363661
13.7217166163
2.96428067609
11.5974781662
60.9603866302
37.3328323123
12.9324875772
1.18590266537
20.6163081229
8.19328325009
32.5499688684
20.5717762224
34.0331158829
42.0699795038
50.9642243777
19.0009347342
12.5693100952
12.0627939664
12.7536436133
76.231122449
90.5756396054
8.0588195622
21.4250312
3.37131977453
18.4853994772
4.09222566336
27.5813542529
48.661588356
39.9904501699
16.290791586
23.0954363644
6.52520068735
9.2136104107
9.23460658639
32.4109702706
10.824138205
22.2066444
30.1000105889
69.1144205556
33.2256632746
19.6354476884
44.0931119174
4.72321569175
15.5713115931
17.9560682997
28.6731918677
38.8745595888
12.9859850016
16.5937802307
18.7254297584
6.58420953154
24.2404943815
36.0186976205
19.5704893023
21.8195683882
1.05851222109
14.5720428228
15.489443779
2.95028205122
17.9233205924
12.2681093439
8.99189794063
1.1096803844
64.8499999999
402.940000001
1.03
0.15
0
0
0
0
0
0
0
0
0
0
