0.0
0.0
7.47827008366
6.03124657274
6.27752859146
12.3451233208
23.4387086481
10.6180909686
30.5966201126
31.2566507086
42.2397424913
14.3428106904
5.68328782171
27.025620371
0.888798460363
4.49006319792
4.68276321888
5.3463127613
16.9924647398
32.8265844137
22.8455332965
6.19051498174
9.72058123536
1.62586820126
5.48819723726
7.42761710287
0.626342609525
0.0
2.64276677371
12.3176059574
26.4837629143
0.272828243674
0.0
9.25592062901
14.581972098
47.4254782274
23.504257556
9.37349701301
20.9247411364
13.0028969818
9.67532712221
9.79815798998
2.47598830238
8.63831679617
8.32524628378
8.1210049577
12.6450349242
66.2012423426
4.20265747234
38.7345642149
6.91281273029
6.70331713558
3.54951940476
13.6834927797
7.81352507695
16.6614554585
17.8330255263
10.3191088289
45.051352501
16.5520384479
43.6164454668
6.02783369086
0.752525903285
0.0
18.1989335082
13.582011709
2.41249976681
17.0097579695
3.67379379274
27.4987249543
50.6664985231
29.5866467858
309.148774075
2.42562586349
15.6217495389
10.3688915698
1.71031469665
6.71027612686
0.0
6.42370744608
4.19224619866
43.0408947487
34.9902513194
54.070682262
19.9381658267
15.4067807766
5.11835128068
9.68602030166
11.6280045658
10.4743994102
27.0570024288
27.6656843573
5.54775948823
30.81604857
15.6184561718
32.8681251103
30.4047882067
21.8295513773
2.4424963044
15.6794734974
2.95735958218
16.8366863877
10.0965387169
37.361552015
23.089101255
29.1405900679
38.2587304562
22.9052137546
16.9737970009
6.9078964591
6.85974072665
3.96943563223
12.960886538
3.9711152315
34.4825215358
19.2113146484
34.9295117798
41.2925383932
14.6235625036
7.43191861176
2.80811744928
64.6364299063
8.18000813573
65.9025428743
6.48277428746
2.73478426226
8.4419184029
7.02214407922
12.0176993497
6.95231176726
19.5738526932
31.8940475731
12.5607589781
30.710349678
70.6413921816
13.2782385531
18.4264582694
6.28397771717
19.1741914284
18.0738950442
15.8369095959
3.10098132492
16.042862311
67.6488787829
31.938953449
9.39490929991
1.25763140246
24.7105466052
6.64919131994
32.3786168621
14.5612109676
36.1772452668
44.3257183805
51.004223574
21.0676183789
21.833926471
8.28431818262
9.74687379598
50.4855536575
75.1717553842
6.81010097266
18.9075508118
7.20038313792
15.3230828494
3.10785592721
18.0008605644
53.0427033977
28.5110418192
16.82065925
30.6391827199
6.94415608049
0.61687208712
11.159667816
30.1650135667
31.2936967759
19.3239134112
45.0012400747
86.4455082492
32.850342907
16.8394578695
30.6849728153
3.09863021225
6.77940014004
15.7131356746
35.9718601406
31.3056764602
18.4618169814
14.2434365675
20.5947262868
2.21510821581
30.633215675
44.1635074318
12.6987352744
17.8417349271
1.86418779194
10.9909014255
18.1652478576
5.24249781667
9.64912813994
16.2386098634
5.81854087114
6.3111318983
26.9599999999
281.140000001
0.42
0.02
0
0
0
0
0
0
0
0
0
0
