0
0
0.374815350398
0.506753411144
0.364170767367
0.52136580064
0.707833463792
0.414436845109
1.40982756019
1.03485008958
2.30603740737
0.872984439135
0.225788940676
1.08028769493
0.197032079101
0.130688296806
0.158024698496
0.193304009736
0.490023759194
1.28433352639
1.03756510094
0.240083124489
1.08702394739
0.146389521658
0.150496276096
0.270339826122
0.234227819368
0.0
0.0
0.318953923648
1.04951006803
0.0284476589295
0.227915348019
0.238717117812
0.683128006756
1.46314060729
0.50877396483
4.30537611828
0.0823237235309
0.251593930589
0.408826999366
0.377647344954
0.1343595488
0.348390005296
0.278460725385
0.222357415245
0.328993196948
1.89544463297
0.11896817293
0.980217026314
0.290559297951
0.261845100671
0.166077147645
0.325232451956
0.369390273932
0.836525693303
0.50955503108
0.304057143861
1.62733077817
1.03602050012
1.85579062265
0.0584343842929
0.0138496542349
0.096734367311
0.928941564867
0.606889865827
0.0717927869409
0.611214870005
0.0995433442295
1.32798206713
1.4771138248
0.875896731392
6.22491210239
0.074038463179
0.458123620832
1.0118291378
0.335264488123
0.24773908779
0.0
0.230449597817
0.250636113342
2.1810132938
1.51392990537
2.14839727909
1.01809095219
0.852277244558
0.381494857371
0.392592456716
0.286270800047
0.621008683345
1.10987388995
0.829787847586
0.371696820483
1.06931089144
1.49490918592
1.84817373753
0.86678074114
0.890932320384
0.112854719162
0.372933536768
0.166627798229
0.688350278884
0.613103066338
1.71598980762
0.988185558468
1.06388797797
1.01697748643
0.908207773697
1.17012220435
0.15800677985
0.188716221135
0.175958760083
0.869583886117
0.246104612947
1.82630362373
0.621848084033
1.28750366345
1.36103899096
0.864685697947
0.46240898862
0.13224876672
2.13259742549
0.329647619859
1.19728495204
0.564566875109
0.0890203155577
0.239676094614
0.506319072098
0.638248547213
0.307866658084
0.737328929361
1.73073961213
0.648765669204
0.851843673736
2.80489511479
0.712422961835
0.989837899804
0.215094437939
0.694823612925
0.630404011928
0.720750580542
0.12781930482
0.851358781569
2.34232437937
1.19948812597
0.265405755024
0.0941199664958
0.950954902917
0.0503636605572
1.30029740091
0.42695948761
1.35200875485
1.99900109135
1.91114831367
0.742891637114
1.13867926248
0.335893877316
0.388985993806
1.02735074383
1.67078207829
0.293967997422
0.97707299469
0.398215304129
0.517013659701
0.297214723425
0.659992035711
1.66642825492
0.821382131253
0.744134441018
2.18747879169
0.851171083748
0.667065553367
0.742521335371
2.96093394421
2.8052863609
0.812084593461
1.72171206214
3.77652511466
1.10685025714
0.608404520666
1.18423937075
0.0875727999955
0.203780413605
0.425755243748
1.22554180212
1.14771235362
0.890112873167
0.311022710986
1.00092564989
0.136514887214
0.864136611111
1.15340696648
0.453842997551
0.511476613581
0.0314857177436
0.525777684059
0.612776696682
0.295073712477
0.171113565098
0.605987438466
0.240539168008
0.310179116204
0
0
