0
0
5.69970153271
7.74504035712
23.1641018679
13.2953209989
41.5743391514
4.30164898932
4.56053277478
28.8440315333
49.4983967095
9.16956514121
15.2402007356
8.4975192547
17.2855610847
3.22258910537
0.0
1.30018870532
10.5063320249
31.7539399658
19.7915375121
3.96669415198
26.5576359852
4.93792583047
2.09305620007
6.92361415922
4.19947108627
0.555501714348
0.0
7.78044018662
24.2232568805
0.0345662143082
9.18490699678
7.03878690115
16.5926490761
40.0563885458
0.272978198714
10.3807250485
4.73225448468
7.93400455267
14.1654526591
6.30432584882
14.7296205964
2.83915028628
1.50332806259
11.4589047767
16.7072031316
41.8837482948
0.0659520146436
12.0330102593
2.86511572637
1.90286511183
9.21057870984
9.3798466609
14.3036973048
18.7504664501
9.33731173351
14.3748260066
15.675475521
27.2915998399
8.09650188312
4.08699987084
0.249219132588
3.23539495469
31.3202275169
12.4531140465
3.62186335399
6.45834452659
4.42124409043
31.7833689674
24.1549890228
7.84658725932
0.856669396162
2.13181091845
5.5416070819
6.72761781514
0.735164366662
5.50714503228
1.00130193634
2.96758385002
5.44171249867
46.6524886339
29.0435697734
31.1366041721
33.476450963
127.282365561
1.92139054835
4.59193605557
2.81242051721
23.8509087469
26.3977764398
8.82450082898
8.05375188588
7.90947030857
8.93730148673
39.9783681259
25.5554401289
17.1266009174
1.08916149661
3.15089565818
0.969583421945
10.7798320949
2.54225293548
35.9325587489
20.7903132979
31.6741946563
23.3351085316
16.1688286644
27.6576520241
1.67253426835
0.888091653586
0.218133201823
29.8933832645
3.7360727191
19.4979321649
8.15489626675
13.476483034
34.843180812
20.9865385741
7.20676668641
3.12108587287
26.5623586373
9.99149327539
14.1195359677
10.692634955
0.453785721214
8.70779409259
16.9634009963
12.1861935407
7.6201644726
14.9575073496
28.8875958101
16.8678873684
5.78824120481
5.26835114042
10.6679836661
19.9275344163
7.1125011379
7.85635072366
16.1615225812
16.4710202627
10.0730195492
27.7166570126
70.0525656437
57.5526524568
11.1703175157
1.68123281747
18.6265073419
3.05696031823
49.8980897964
14.2627603412
32.6214002297
50.1897030473
59.7821112202
19.4938206822
23.7732467093
9.74679843708
4.04502224923
0.16350106895
13.1871163412
6.6002908051
29.6822072491
8.87422665953
13.0308873206
23.0052040257
11.7757436
27.8366136252
17.3303153738
13.1769845858
19.4093525782
8.08269211649
4.86264055968
10.9428564906
63.7850065826
28.1077776254
12.8796519712
69.7003668398
88.0940263867
25.5994280578
23.3958216906
41.4842956066
7.13538502157
12.1388123631
4.33584451675
13.3307593278
23.075859189
25.9486622215
6.18478766083
35.0682135523
0.710867330431
40.8910468966
34.6102222502
3.66088557242
5.86683869362
0.183200184256
17.9245755561
11.3004798889
22.0955440141
3.89543166943
19.2735312916
6.37582960726
3.92985713482
0
0
