0
0
7.80982484669
7.82340440155
13.2152094841
13.0765948445
20.7800794803
10.6608518735
31.7330124379
25.4136719071
54.6988215185
20.6515091658
6.95697692782
26.7253904342
0.639887228609
3.31942981063
6.11532497407
5.15493017436
15.0812778063
32.9868627247
25.4324280917
5.72642107308
19.0354875606
1.37459993362
3.82833328843
7.29263716937
5.78118775786
0.0
3.04311919212
9.40431843046
24.3330590633
0.911314621567
2.40710292756
5.01001260336
17.0601340681
48.6248439866
26.6120223746
25.4576155879
1.66594019858
8.81167191965
10.4212190844
7.37221115827
2.26434714161
10.339417004
9.46259801834
5.46045673639
11.4687743266
52.3388159686
3.71730360948
22.6422687848
59.9976399242
5.9837885946
2.80920506966
9.77018867434
10.4624891058
19.7644665241
14.5264135287
9.05779000373
36.5350824818
17.0390448365
41.8665290885
1.63897056598
0.442788463085
1.64528310299
20.5383153967
15.7175808521
2.02537317574
18.277140839
3.14107324183
28.0556774866
46.3503127099
20.6317327749
293.337950988
1.771775309
11.134616889
11.2441253769
3.6710166335
7.76477605104
0.0
7.36274032853
4.92931610719
47.105082661
35.3481985555
56.1905773162
16.3692949684
11.428718741
8.78000879287
8.89689204096
7.58855420352
12.9565134365
25.5709544978
21.4699819163
4.89521634578
28.584700171
16.6155533027
42.2896009824
24.0057831821
24.5897342758
2.50797039271
12.2431579828
2.80134594442
16.2301095575
11.9042461719
42.1682059526
22.5730555057
29.0782121402
25.8636818546
21.4189765044
24.6632028223
7.53149169312
5.14815662988
2.85232239962
19.0085805505
4.82540416718
36.1982730142
20.4123818502
35.5275593503
36.8634079294
15.892984271
7.6429981878
2.2227306962
88.6176988351
9.01143729686
55.751983501
9.77814924718
2.66895437614
5.05584977568
9.25173200201
15.4827618264
7.44325000606
18.9922336712
38.6667922363
13.6724735834
28.9742651806
65.2725231545
11.6302402737
20.1030868292
7.57624126598
17.3854715377
15.3233757885
14.6106339879
4.31488563492
17.4837495871
65.1674791574
28.6742998296
9.37116741389
0.823973477818
27.591390811
2.9107945757
30.8776376321
13.1084486358
37.9580988026
48.0330790133
45.080790192
15.6424886438
21.3429537658
7.51707294211
10.2209290881
40.0969576752
45.9799066884
6.07289081813
21.7571307421
10.6627327502
16.2771925181
3.61487726122
15.9922686294
42.4999817479
21.327600874
20.4508921802
36.6177676306
14.6766340434
8.33590248228
13.125802964
37.1310204864
68.8812663852
19.5748899397
47.981718108
83.5478427262
31.2755487264
15.6434909776
29.4492653311
0.576125364751
6.40202616156
12.8761394173
26.4240013807
30.6582441329
20.3708833381
9.86770779266
19.5839885026
4.40309035778
28.175777413
37.863514535
13.4723775387
9.302131176
2.0644037202
11.755180411
16.5462398529
5.77461242023
10.9065028578
23.8687340766
6.24796128274
6.51930523663
0
0
