0.0
0.0
6.10204732418
4.18347408996
2.86893220246
12.4610725287
13.293949306
3.4471686557
17.1384930611
16.6737853289
19.0334196612
11.859072268
9.76699136942
8.85948184133
1.30216164887
1.39258342981
0.0222038445063
1.03871485591
15.8246831652
40.4194007813
19.3844210096
9.33333731443
16.8422439694
0.158043639734
1.90692038834
6.32970589399
0.217024214566
0.0365846743807
1.41600170731
6.3568577813
17.523503121
0.0
1.77894741297
8.60553382896
10.8852844052
51.4644110758
20.8776708171
11.1477162726
4.93237713353
8.66230378159
5.9637220949
4.14221456275
3.19054350257
14.5130054355
9.75841638074
11.5452710576
8.43821755798
87.5841998729
3.92070771754
68.643170094
12.6260016183
6.41268396377
4.51218991354
4.5841289023
12.7565995865
17.3084970564
9.37212260998
10.1819791663
57.767393209
8.0916687199
41.370144479
35.7932071387
0.0861101187766
0.27064947551
0.593942491337
14.706089817
8.94270418212
18.1074133292
1.86255998164
26.6199000898
67.4461792186
33.0915262085
21.7711296366
5.46406405046
13.9181592185
2.01570130885
0.533001869916
4.38614636009
0.0
7.97446006536
4.55035176874
33.5716461091
35.5032266042
75.4160186424
12.4700505473
95.5520309117
7.86259457098
15.6833778592
11.0011335164
6.57023154012
21.5225460716
33.7832744458
3.64356252552
31.8714744151
13.9860610217
39.6758134402
41.087779289
30.0494008726
7.14565786114
9.83807495981
3.09118665754
13.2168899712
5.84131920151
41.896824114
23.7086548638
36.9007491209
31.2507097805
19.0650096182
15.1751981154
3.05753348674
5.31385941523
8.47534418107
6.21620824188
4.99482285977
25.7088508769
20.1072760373
21.4701041356
46.6234245022
15.4657664448
24.4931739242
2.35196021944
31.9807004369
9.07010151074
9.10880421103
16.3332732618
6.41342823348
5.9988987185
9.33295759186
24.201594025
9.50511437842
17.166636603
28.179662358
9.33565012178
3.21231630631
51.4471952933
13.340697661
14.4925217852
5.67653180659
22.7157517858
19.4725347832
14.4300949797
5.14655137807
12.0645953491
49.5091787875
46.4042655816
25.2571443022
1.28041094542
22.5678610504
9.0286664106
35.8145123719
23.2628735304
25.494808836
44.0421379433
45.7190998906
23.0213656872
7.89968134649
16.8745324239
7.77768356446
25.6158610918
66.5803487822
8.63124243914
20.0888179243
6.29013774264
21.7892874889
9.12030970306
20.9345523901
50.7047495395
43.5745080336
20.025581494
24.3386620582
21.3061279804
7.8765695393
1.71284594759
7.9782474786
11.6533435257
49.6446069629
26.450804785
57.4966607542
34.2867429257
21.8759720028
