0.0
0.0
3.81842449308
10.5176670849
1.13847655803
11.3390343245
9.36565781011
2.01519371197
13.3387968242
14.9555622786
20.8029697426
12.15998476
5.72058092057
8.92005684972
2.58066210151
1.91061624885
0.136933120899
0.868640363218
16.2596417964
44.2751713692
14.3423981667
9.85014009475
12.1384041309
3.0548169762
14.9321153462
9.66752833128
0.454906582831
0.0403124615551
1.756698668
6.84534040466
14.9727971703
0.0
1.79431182146
11.9879264384
10.1931398381
47.7185268403
55.8880514054
5.56135937198
1.66591248661
4.68530632462
5.49971844257
4.56496518943
9.06093084811
10.2718719318
12.4841998704
9.93497958965
6.26418638974
81.2571086827
4.83314672112
49.6444138466
15.6624414353
7.2542449236
3.4615580351
5.28854756244
10.675559599
16.4352646926
13.3732523192
10.6376808677
48.6003851964
16.0140719796
52.8823647984
29.2268381417
0.0
0.0231168991886
0.416697833688
17.9863372073
8.0968250893
14.8823037185
4.33498299122
25.2351749316
62.1345316061
32.9625323786
19.4844949264
5.17009042483
14.3896677755
3.19775748252
3.3506400995
4.75800991058
0.282892093063
8.80949440598
4.13885378837
30.5437565892
32.0614891368
62.4080582522
16.1485025659
53.1811719463
6.51784842833
12.878050779
12.8644906282
3.76963627339
22.7969351783
27.7526106386
2.45645083488
33.2200124635
28.8643263336
41.3162288424
40.4231955233
30.3652768805
9.54057837278
7.9239937663
0.510707661509
10.4562809067
5.87722407281
36.1169070079
22.7812636569
30.3459008484
23.2890547011
22.0445393259
17.9753787071
3.85528562218
3.49014381319
1.82153244317
7.51621207596
5.50026154519
23.9159771483
19.7488743514
18.2913592793
42.233722139
17.4393359832
14.8273344934
1.72913138196
35.2327106009
5.90748811886
14.6499832571
14.7032466978
8.17709243484
6.16603047588
5.33914779871
25.5003090127
10.710808469
20.9566564914
21.9893765375
11.8635005392
5.50985828227
49.5550547302
12.366263777
14.2155603915
6.11281191185
24.421324309
16.740850836
17.867771985
5.87600262276
14.7092592032
62.9757641741
50.2844009902
22.0780644715
0.818816453218
24.8502758453
14.4362979457
36.1969273387
24.549239315
25.6748709977
41.4404998049
46.2020096854
23.603303547
6.16704911179
19.3676507128
7.86775203982
23.8038467662
40.0197966406
9.47214478255
17.5857049674
7.44571404252
17.4045271911
3.05617823638
20.6255098879
51.9073870406
45.8528278135
17.8032651655
26.2396700978
20.7828577473
12.5629491806
1.50774997473
4.20290818066
9.21119291057
51.2967545762
25.0352695584
51.8175953441
36.540853411
18.9502877891
