0.0
0.0
2.59495456517
9.9825161677
4.04932708294
10.2324185288
4.80427559652
2.02306530252
11.5438477993
11.7169120163
22.6855234578
12.4252436757
9.12242551894
8.76133078337
2.74747449161
1.92738166452
0.142407235689
0.775934368373
11.272404707
44.4060173035
14.325463593
10.1884578466
11.7170636952
0.0715615097434
2.52984226495
8.59280294179
2.72537916898
0.072421979159
0.835304528474
6.41083550825
13.2889858335
0.0
1.50569432974
15.2482188027
9.86926500499
38.7479507959
35.5269462391
4.14750496858
1.79641424865
6.2536221547
4.17839028686
3.30586424098
14.0088186264
9.662589591
10.3366613612
6.95168932154
5.13865824043
68.122437816
7.5600959994
26.1004151158
19.9306024779
3.82967547701
1.12372089224
5.41070803999
11.2500817627
11.6558425943
9.60512928943
10.9206687212
12.4761242867
17.134123561
59.6213728433
36.7488109766
0.103240784258
2.38341486175
2.13061209396
11.1705330787
8.2404556945
14.7341428623
3.82894840836
28.0558319791
64.9648074209
36.625362575
26.8484437884
5.67014500591
14.5311871413
2.22244661674
3.67866727709
3.00030885636
0.248734585942
13.6960236803
6.54780922831
31.7035132459
28.9758281261
59.678469954
28.3938138821
37.8383582978
8.77606932074
15.7750659669
9.97719995678
3.43036191166
21.8766155094
21.0747409165
2.4395641163
32.1928548665
27.7103218586
31.0251185484
36.8191889114
44.7518369899
8.61462130397
6.47213199734
0.782346814872
6.96467703581
7.36909404583
35.2868833915
21.399673244
29.9682488702
31.4128596979
23.2101314273
19.7933348268
3.96593443303
6.85876984243
1.75989800692
9.45728695392
6.35823440551
23.5742194215
16.4256416336
20.8836316075
37.2752707558
19.6372528039
17.7552206162
2.63351494073
20.4653979018
8.34978929534
18.6041940451
12.7749794349
7.45882065967
4.62511226534
3.34332637488
28.3146650568
10.0292610079
21.6102311388
24.0910086706
12.9501471184
8.81704252913
59.0779049266
13.3204918206
19.1798775047
6.44570515306
17.7400176264
13.9785605567
13.808006281
6.57467427012
13.9033565093
70.0098388894
53.883509215
24.8676330595
3.74083286338
26.3700743616
7.16240577401
35.1974998714
24.8810708597
31.6968497784
42.3729753792
38.3864733679
19.9746123478
6.18908483906
17.4729849547
5.22419282002
34.2222538284
62.3217672017
9.91462808846
13.9349225052
5.90366152301
16.6305642128
3.80687695183
21.7184090652
55.3003076669
44.1653586701
23.3335604109
27.9978227244
15.537748307
13.6996064633
0.0
6.71094082296
8.8693534308
41.9961972089
26.2051785886
57.0012701712
32.3394281342
22.0326303989
44.0556656419
5.08934048424
16.3563368395
27.1343108117
19.1961638778
46.6404701695
19.2169832233
17.4347667396
19.6046561748
6.53232631087
24.1769389807
44.626201909
19.96205163
3.79019875476
0.661276906728
9.5779452324
24.3190418779
2.40305051208
31.1195782721
14.0028934032
7.37286722659
3.5693398565
75.15
424.5
4.35
9.97000000001
0
0
0
0
0
0
0
0
0
0
