0.0
0.0
6.33727832882
7.81823310257
20.3586137015
13.7545929775
39.2734568753
8.89509435744
5.857526958
26.9891991886
54.5213817581
11.4934312105
15.4375510141
12.2283396721
13.4776880443
1.80719532072
0.0
1.40775485337
10.9311616123
32.088288811
25.0204166808
3.57120917179
22.9359008074
3.62906998022
7.35749711842
4.46286928654
4.05334720015
0.49304048717
0.0
9.3975903089
23.5434251949
0.373159898446
11.937591333
8.42132391036
17.2330327146
29.0182175702
6.1962489467
12.9373526238
4.31175482786
7.6377407983
13.2238917276
5.9936523065
15.4969253428
3.58000440058
6.98329389096
9.45102511346
14.9581544604
33.6311875452
0.064505933784
25.1542778566
3.28843002835
1.59961366653
11.9072932005
7.48219556921
13.2429352943
21.127822319
6.46699376777
13.4594919719
19.5303243846
25.364205569
8.04768367298
4.13861551882
0.383359231522
4.2025129795
28.1445159204
13.6060026947
3.58738699368
7.10137988628
4.79766101203
31.4136339427
28.2397789769
10.831065014
16.2787182145
2.5039271526
12.302763015
4.65778490155
0.910647064447
5.89586833118
1.18124957336
4.17204134167
2.97473530099
47.1037263571
26.8728941045
43.7267818226
30.1525366176
79.4174897856
8.01984201091
2.44723839826
2.25116041303
21.3263260368
17.9885540195
8.01878843364
8.73272403516
11.8597169258
12.3137497678
39.4872373267
21.8162238914
20.102093603
1.23830504715
3.20175290107
0.743680804968
12.4173124731
3.76457283274
34.2900400058
19.9825375043
31.7381988019
26.2688441501
16.8151833722
25.6196233034
3.2148179412
0.724139001221
0.253073084167
40.1703535169
6.138292104
17.6809301125
9.13740366698
13.0781629644
30.7272542362
20.8848114833
10.2008410134
1.68541687913
45.779296949
22.0736734062
21.3414092464
10.6001330875
3.1638881173
6.78713969887
15.5182855362
14.5004307758
7.63839910178
19.7473321594
22.9268457144
9.73586691542
7.78845432401
16.4388453998
8.50301411748
15.5465587824
7.05416017771
9.58139553108
15.4080690876
16.3638582677
7.58496567607
23.565506788
64.7070106733
47.4052002662
13.4286394352
0.3396657072
13.9467099309
2.247208938
45.4048493654
10.8988912515
33.915911425
51.1661009426
57.1542871934
17.6700200736
19.723289852
9.09695752524
2.55621700733
2.60130268334
13.1535261199
7.84719564022
27.1300456747
8.5766312778
12.348675929
16.5577300116
13.8789224513
32.0034416914
18.8455385082
11.9494747147
18.9884282202
8.95813179017
6.37474232911
13.2274718285
65.6793200969
25.70644998
15.1778313518
55.9514823854
103.32862848
36.0180075019
14.0983448178
