0
0
6.82343825698
5.9978465885
23.4227661565
25.9954628796
40.8148231433
0.518311690538
4.22592236102
8.5897394903
29.925224539
14.327275604
8.44428507238
2.44229918719
10.1178760529
3.12404130398
1.27483387291
1.5200881362
7.26371721178
17.4546159189
11.4472686052
8.79294899851
33.5730106159
19.5264489949
8.73545494303
14.8836829578
5.01763826609
3.49166652559
13.8736274019
24.711992327
27.2711679338
0.454574849458
0.320837639273
22.0993581433
15.323051624
61.0323154166
12.4291875819
3.96965030954
27.3449511914
9.86356591294
13.2017149776
11.7399702268
22.3296459261
15.0804150933
3.06725699455
10.1367832907
7.33270366675
45.1893851935
3.30237719604
9.10237497278
2.20663109701
23.29085139
17.8787837327
9.74184755981
5.23990265513
8.59933932312
2.32250682078
8.73879132886
8.56872172282
21.2600109838
9.43539121001
0.669608652593
0.0
0.633544374257
23.9562987685
5.28676108272
6.31658940854
9.78079012781
7.98503114282
7.64330505206
10.3847951889
11.4520924576
8.86088731884
2.18061628193
15.0133138374
1.52851651423
1.06972309202
3.2061946392
2.67641631794
4.37897549942
4.84799306095
45.8867672458
11.27656224
9.64951518271
31.3340009897
81.2003896236
0.338580675422
5.18262125412
8.39565027504
26.3502395266
7.1605593413
3.72280575336
10.8696962446
14.4082030803
8.50486405939
19.0136450641
19.3407594971
30.3656466566
4.1832986623
8.14170770534
4.00324308871
13.436833757
2.39707057178
41.7011659044
21.5247671306
31.047808933
29.495975881
19.8529984429
45.0886401684
0.0922708008439
4.63972773962
4.64518554881
26.4694164098
17.4188202918
32.975968483
18.1995608993
10.1211589426
19.4975550994
48.1695158779
19.706646312
3.66165212542
50.4908610509
2.86962144914
1.15754181147
6.15700859203
0.236812648829
9.81137938054
37.9480616748
9.08740990608
5.02302358298
24.6820659823
23.3372270465
15.9036382064
6.3665641062
0.341411930042
3.11110317708
12.9037604369
10.078695003
11.9041325008
8.37615434825
17.9208003371
21.8636647649
17.2217868604
52.2294203023
48.4501380679
10.3682841472
9.82359087468
32.5426207781
3.82347334922
37.9209688603
5.05826863925
25.3742627242
20.0719727911
39.682197433
21.5187637042
26.2292028833
4.00720691309
3.71203672886
0.0489785838871
14.4728706898
0.0
43.7711960357
5.98413726221
7.21772059054
22.4476351999
24.4628632498
29.841892261
25.471668005
27.3176254817
9.7872823812
0.156461823732
25.2420191021
3.21209058166
29.7018700764
4.67245746742
8.62969192118
30.8945110291
95.1361695305
33.7484734654
9.61800972372
23.9945509136
0.0
15.0238787234
1.07408559322
29.7330912799
24.3287009597
25.9278191664
7.57855823635
66.452187583
0.780297126622
35.5755449832
23.2282847241
11.2727523744
0.11752455309
3.43738532066
10.4738122523
10.0291415155
19.9608672783
3.15991461463
28.0563879982
17.3852412701
14.5597384572
0
0
