0
0
5.61321294307
8.16623870842
14.7164703626
28.1717333165
22.7898126142
0.962528586389
5.80908876658
12.0203736573
43.3557249158
17.8886814415
7.82940407842
3.66001474858
7.68187632132
8.37433223426
0.0
1.09947305918
7.44126381353
18.1356521314
19.4510380179
11.2625781968
27.5078373403
16.2123535127
4.82749414445
1.37681955099
4.21262613684
6.21766421198
2.75962597133
18.7732325262
35.2720676371
0.0992498472334
1.43014056981
10.0423981659
18.7324507535
40.6026557916
11.2649775837
2.93229894341
4.11664413101
7.59692484139
8.21718801185
4.17444933113
28.090959929
7.96717800758
11.3751582596
10.0517368074
10.4076082371
69.0688046738
2.26318880171
11.1222899482
3.18612594902
10.4767110525
11.5191055611
14.0081689451
11.7706883848
10.9917576816
10.1422907263
11.0250315908
11.1233551917
36.670810225
15.5034196079
1.4384881854
0.0
1.41987986863
23.6965060649
11.6843215004
18.8016444147
8.07464028149
14.6759103779
13.8466830058
29.9225046281
10.9194814609
81.5390268936
3.10845361277
23.6152696023
15.9197614566
2.5488332659
1.66720086336
6.1924051093
3.14091741667
8.4552849233
44.7471176573
20.1124597527
11.8039881103
20.0930548003
92.8520400636
8.14941001776
1.64076741412
1.93726873398
17.8373992648
10.9145914838
7.04139693919
9.68229277433
14.3478984358
8.76278977097
31.8805399238
35.3680453598
14.9741332568
7.40045508742
11.7723916657
0.629036977886
9.16014146806
5.06405030424
41.935054751
23.9162004981
30.2713733242
21.9847148638
22.2319083279
23.454372514
0.572200935334
2.27806607354
4.20637794211
49.7570417671
9.7774347961
21.8694882849
17.472357519
12.0167385265
31.290233843
34.278829895
13.5546277575
2.19543289393
31.3220063578
16.7860009633
11.4797540456
7.7284640274
0.659958176316
9.20260776022
27.0249459631
12.4273815639
7.61860871316
15.2530056573
39.1881211774
19.602575134
4.63268595607
2.67281386814
4.08285845071
17.87360356
7.66989907622
9.60303768329
20.7668100446
14.9882635027
14.0790029615
19.6919417381
53.3984487802
75.6191391684
13.8072701236
5.44019392133
20.8982233107
6.9172152467
44.4467828573
11.0315498002
26.7864224016
23.3297912031
37.3744633198
30.6762896105
26.3962531015
8.83687399327
0.0718938130886
0.0
15.6092145564
1.56524625979
30.4001867921
6.08592005074
10.7050395235
35.1878208072
19.9679315239
31.0209847615
25.4637714139
14.3828036562
17.4430602291
3.07147608698
42.0793761538
2.71365918965
40.2245796919
3.95293660462
22.1609143317
41.3397926018
82.3216458187
39.9865719974
17.8336220384
33.6082331165
0.277080707251
4.69080734254
2.08494257927
17.7512805909
20.2145017236
19.9870541655
4.48675248026
50.9902055561
0.550823539495
32.2552708759
26.7199314684
17.151804775
5.99796268344
1.33578774333
3.79986293614
8.26646755637
15.8670502491
6.29008412362
35.0636729299
15.4925115332
6.59173160791
0
0
