0
0
3.75638651849
3.39295944571
7.66369310952
25.2573159271
41.0079451428
1.90351743624
1.86658955365
22.7104408611
55.0387101173
10.7103192508
16.5455044471
5.56417357922
11.4849538472
3.20109906792
0.0
0.0
12.8624417279
13.1460423991
21.5301383212
8.30718732252
24.0497563742
17.8565541096
6.14565893635
0.841153442861
7.22722173482
4.190777421
0.0
11.7456173049
29.1002610144
0.0341942002997
4.37487991154
8.44767786562
17.286828395
51.0014037005
3.20603440236
10.543050807
1.67469351925
12.0465708375
15.8082675487
4.12250552326
18.4557643253
3.49264325201
11.3839638345
11.5744902715
11.8366583297
55.5628528968
4.56411638203
12.8433833253
4.51107366058
3.70567863622
7.21363199177
10.713139208
14.6284381226
12.060657084
7.70060235077
5.6731647402
13.7232467593
28.1343905926
12.7418402759
0.725258007646
0.573938123882
0.499603154138
30.320285561
14.979480017
15.6625179872
8.49232824146
7.0267624855
13.1610249197
26.8614439666
7.13664364814
96.9305450321
2.43328164518
10.2411695514
11.6536925063
1.82249544561
1.48790831119
4.17395566078
3.79185926354
7.47794198803
50.6604925934
39.2822519071
25.7981284373
19.7276289132
92.0085989647
5.93712298013
2.07930359803
1.30458475649
20.6268976
26.608293403
9.00029922276
3.22353494167
12.9086959641
6.59095866233
36.0923121684
30.1106978786
15.3318371577
5.40901610256
6.36205031722
0.890843600035
13.2247759178
3.32579648494
41.937341664
27.1534543634
26.4592088806
19.7607161477
19.0171066336
28.703243304
2.88494307919
0.991096425802
1.32079294883
52.9165052623
7.7622935772
21.205345938
5.81827282346
14.0334985144
34.3224704861
16.9032535404
10.6960253678
2.04372256435
26.8373021381
19.7965338975
20.0607082844
6.58983600698
0.0364025076852
10.0948148947
21.7625099653
9.25116109661
5.75621448084
10.2596101323
37.0812522322
22.3067845367
4.75559929759
3.00217942334
8.14011794328
17.9900694341
8.13299627602
7.69668966718
27.2892239448
12.5916797519
15.085469842
24.9029146805
60.7875806148
65.0359181938
20.0417889822
3.64571759105
23.5971375662
6.67769768088
56.5961056798
14.7440152913
29.3359546402
37.1038032622
57.6087242513
20.3126455508
26.050000501
7.80278759916
0.113043073565
0.631951421498
20.4195821942
5.25586456061
36.1644272021
6.29805962741
8.58033975586
28.8092280106
14.4756324012
31.9258479048
22.4329109676
10.3322370378
23.5777002498
6.42978501319
37.7579984664
4.67360615731
49.9586364626
27.6765037039
7.59433685616
50.7910665125
92.3977065235
31.8891879917
34.2055043578
39.4652450681
3.80632947386
6.89891108126
2.23276466131
16.8380674124
18.3792259097
21.9817821085
5.35154036434
45.6655036212
0.383451282979
41.2548155263
35.0095930694
9.55633950233
3.7944507301
1.16317230463
1.34471949935
5.89883959294
16.2521475926
3.4238451384
23.6893170029
7.00315994023
4.17348334193
0
0
