0.0
0.0
7.67605876922
3.59834328108
16.2012549983
21.8569928692
32.3897330942
1.13655587286
3.76007804275
16.0415050909
52.6623031498
11.6362726539
13.9807131495
2.31026315689
17.9001993612
6.57065100967
0.0
1.09512493014
7.99315605684
15.6501073083
21.7316664755
11.91479031
30.3995832893
12.747594852
2.84434726462
1.96808096766
7.67354091257
2.01969391108
0.0
15.2160856118
31.246634238
0.0
4.86856570466
11.013937505
20.4830720555
55.3508546614
4.88156091235
13.0874034092
5.66233298974
6.57207337394
12.5057361648
3.58801300171
21.3682887442
4.08188454062
11.0794117106
11.5567922071
12.6543746945
75.3530116416
1.49838639423
11.1400002642
3.23209465296
6.99513711641
9.21564906835
11.7690653689
13.0253114104
13.6012546364
8.33381387964
8.06434131972
11.6468104203
34.4411865072
20.5071355384
0.810888424517
1.21740117855
2.00820913911
28.9755985066
16.4475612715
20.600889422
7.82891187072
13.0183391422
13.4668695666
30.8630743548
10.229418545
96.5406756979
2.47981692106
19.8978824224
16.727312699
0.261582456528
0.643810903654
6.2879749993
5.28764970972
10.6442868663
48.4879329576
21.4422941501
24.3539865799
23.0688564442
56.1498918122
5.52770188452
1.74074778054
2.99830573798
16.4235346382
14.7834720109
6.90818104147
5.45374354721
14.147814922
8.05361472442
34.3503594194
41.1337967198
11.9150840985
8.76610922813
8.63847499342
0.703054189682
8.90182098002
3.34470995887
51.5359925554
26.3698327169
32.2531155982
22.0755328741
21.2395643173
27.2844976913
1.55455090105
2.2609855514
2.3857412003
44.231779866
10.9746036529
23.9761248306
11.8550235678
14.1399414651
35.2359492312
24.1996636166
13.4767918177
2.97632770054
36.3288844814
17.9011014104
23.1289778408
9.06719988586
0.190720131621
7.57693004748
21.4508935008
10.4417544706
7.02983102203
12.4397893846
48.9408134669
35.4713141299
4.11432752107
2.80292079226
6.04927101732
17.6262375265
8.63975952566
5.82756125462
20.7258824632
8.45327970386
12.6724320352
25.8899066112
62.0490344167
90.3099414809
10.6104274378
5.4997846037
17.0239972752
4.76888152956
56.2154253422
13.5189000629
26.8380480857
31.240240416
46.5608251466
24.7168409453
31.0387015118
9.1339933751
0.0785406623035
0.536595851184
19.4575655898
6.12768280507
38.6542319654
5.98236099864
7.35020691902
31.1754051223
25.2369550913
31.3987662682
26.1389321945
16.583027333
17.5695308
7.02030399442
46.9744262695
2.79177497328
60.3129132986
9.91911229212
21.1188988611
42.3113041519
103.001256511
38.6129645258
14.0528834313
