0
0
0.247827515006
0.0953299549874
0.492998027708
0.698923072952
1.21618047566
0.422836180776
0.229419313138
0.516337484587
0.870014289045
1.62608146016
0.662615803536
0.359783645719
0.16375589557
0.0846294593066
0.0732605364174
0.0432852767408
0.157486834563
1.33051394799
0.0574748381041
1.04527797364
0.665474138688
1.21460656822
0.239735282958
0.183078524075
0.133080081083
0.00903732888401
0.233723226935
1.11819786904
1.25168042583
0.0
0.0227823155001
0.728817018447
0.575436502462
2.31866274844
0.651873067953
0.900010156794
1.00828709058
0.34362172056
1.40521714557
0.813314351486
0.363980072376
0.505324712489
0.299578797771
0.513801281806
0.460891323164
1.05136849196
0.390300806554
0.614516695437
0.530380379409
0.97196877189
0.0843549231067
0.371079521952
0.0565586290322
0.671383167617
0.326170173939
0.107583722682
1.35030612908
0.80926127662
0.82105544256
0.364499309857
0.0374799247365
0.0
0.799379927106
0.113756986801
0.24409323046
0.217383021605
0.427235224284
0.0811353735626
0.635853424901
1.16400382505
5.33567526238
0.540927475668
0.461778555764
0.127984518185
0.73011896736
0.674973472953
0.587519203138
0.295882304665
0.304311677814
1.9527057407
0.605169281829
1.46326002106
0.567193231429
1.66388633475
0.151443685114
0.132699459558
0.462937830016
0.593620707863
0.855539904907
0.162630361505
0.570477224188
0.700139820576
0.752771880478
0.8457506001
1.25550358091
0.928856007755
0.158668707649
0.79291398637
0.0125152617693
0.986682295799
0.407516983105
2.71555716626
0.76755280979
1.05042190861
1.46253829752
1.2797235474
1.59211468697
0.0427109047305
0.117423476302
0.0863137952983
0.849101253611
0.310703734402
1.55150985112
0.933363888296
1.03001890518
1.23564102873
2.03842976817
1.36333268881
0.204851713032
0.17485618568
0.622436189442
0.346299862489
0.375416932162
0.403346320614
0.225519465283
0.681211462244
0.722614497296
0.680824089097
1.41761372425
0.796654530335
1.99062932841
0.423874230823
0.381528970785
0.073701987043
0.677554261987
0.427382581867
0.343924082583
0.604441622854
0.716003127629
0.645828304812
0.489138429984
1.16797011998
0.858280205168
1.0251361914
0.288168308965
1.8247830132
0.282952703536
1.96037464379
0.472968545044
1.80332839116
1.28089142125
1.43852967926
0.821719326545
0.651829626877
0.0788999421056
0.0181631613523
0.256647657137
1.16210412845
0.145177703351
0.579905782943
0.311224779813
0.269819942303
0.734810175374
0.44221461378
1.43837925931
0.521187011153
1.22013606317
0.910110298544
0.236309319735
0.0
0.0805869027972
0.476194138872
24.7368502058
1.24521631398
1.92937034369
3.37124449573
1.87597347889
0.0557707548141
3.45190331712
0.0251623205841
0.491780675948
0.0
0.954684250057
0.387725654989
0.781139195838
0.0337491369573
2.45014724508
0.00491478573531
1.3392373533
0.554731249809
0.184449952096
0.0159210309503
0.077639347408
0.414820283651
0.197306960821
0.758133142372
0.208957673749
0.93952435907
0.278816670179
0.440028958023
0
0
