0.0
0.0
5.48015999794
3.41245623586
19.7083041966
10.739412176
41.5600734986
0.0
4.66750842893
13.5406827182
24.5050313054
31.6520985737
41.4229600356
10.7968752533
3.70775780081
1.30524623394
6.40333711356
0.0
2.82085641101
35.1871370282
8.11200691759
22.6127818599
19.8560959138
37.6416285931
4.5730146859
6.33451841119
0.240904301405
2.90243365382
3.77381962538
18.7656297041
28.2358977533
0.0286389403044
0.128381632268
13.9735517073
7.466418162
60.8784278837
7.69015046954
9.75232366474
28.0179373975
10.7705256343
22.5912644416
15.3286825418
9.87905236193
12.0439005643
4.7503928952
5.44604866392
7.72362649999
43.3437045458
0.366479409859
2.84020683914
2.04452201631
34.932464526
4.3437591791
15.1102760732
6.91548302863
7.60401119292
5.08246612363
6.18481431528
6.93177263438
21.2622792372
6.25376216602
0.0453376430086
0.0803189780563
0.0
12.2293071141
1.95239521656
1.20180114359
6.24945917633
8.86198359355
13.2800320834
4.87830548734
14.5163276754
69.3668834568
0.0942797139288
11.1773099229
3.47004874795
2.37401231378
5.83799766005
5.19596167049
1.77151293307
2.29373556376
29.4813654943
8.83217719942
7.58584575355
20.7049277499
27.7496788949
4.50952993891
2.86997622996
10.2098240554
9.89282699232
6.50351208262
3.5848892033
18.0023851991
17.0352235884
6.55831747502
25.2886707242
33.0407714671
36.1158280894
5.58707544206
23.8860371257
0.242213107646
18.2860395312
4.11761127274
37.6425303266
12.9343232364
22.8119587004
30.7378579975
20.798472885
38.4699124171
2.29524077475
4.52089625503
2.75412851573
24.1334118247
16.67297405
32.5988926654
24.2491521612
45.6506396458
25.8041380942
72.4465194034
25.7199130082
4.60111168027
56.4267547229
3.30432120245
1.19979608897
2.02578257583
0.0
12.2668090537
15.2011331543
14.8875474148
8.23708364366
17.2512620464
34.4876608997
30.7351118736
8.67765231338
0.887378130108
5.13636193426
18.3195920885
9.89405641704
8.741186772
4.64825097286
15.9849481986
12.9079891071
12.4932860602
42.9635003815
32.6239788326
27.0441851522
3.9063001871
37.9143186346
6.86639872939
43.1224175467
11.0666896049
33.8731950278
29.7327649277
35.828981191
19.7449409813
17.5677391347
1.43935777992
0.0269719557838
0.517235085367
22.5818057042
3.9248585701
20.996917136
8.47003610618
5.78855467961
21.8693667054
13.2633385509
40.2914408762
15.0559985228
30.4830591828
10.522159718
0.0
0.774938195945
7.51006733626
39.4660750776
11.3701403551
11.7500035577
52.9357848466
52.256980151
33.2014636248
1.29180684686
