0
0
7.81555974482
5.90034055709
24.6566034257
21.2186742313
49.2265011259
0.0
4.25934029371
8.66203929485
32.1371092646
21.3722444577
9.5644114092
3.82322698831
10.6967117786
5.91833862662
1.44867295772
0.0
7.59146011994
14.4202576429
8.5323722586
6.9451068677
25.7008196376
31.1940916032
9.72004989535
12.205209732
8.00647987426
5.43899327518
14.1599582434
23.0571704172
30.0255239345
0.393005652353
0.503817781805
20.8733705766
12.8565647956
61.4407607038
12.0045155883
11.6952620968
25.1456329152
9.89587560295
9.39366287738
12.1965772617
24.0235011802
15.1646634378
4.9951285813
8.92458508908
7.21336467192
31.2798639367
3.67152577824
4.86153247207
2.13728948962
26.9310475114
15.5950927734
10.7852226477
5.89499178528
6.75501425006
2.43803014421
10.5493079759
7.6932412237
20.2659095591
5.43179696426
1.28075560927
0.0920137614012
0.427177358419
23.4156010374
4.16779401898
2.69946129619
10.9509631097
9.13465416804
11.0475673601
8.18037419021
14.1671457812
40.269485593
1.22367145959
13.5745366216
2.329850649
1.14267937839
3.53477207198
2.98583382367
3.28087652474
4.34976688027
43.5510290712
12.0850482099
8.52043610438
30.7185699866
73.8109756709
0.0412839213386
9.51444430836
8.9196934104
26.6352870372
7.4929363355
3.7358385371
13.0148462299
17.350784976
6.88104716688
15.7755905762
21.3739645667
27.4679957683
0.951997635886
16.5807345668
2.60834401846
16.5249544261
1.52676461823
41.97232965
21.0910452381
31.0533224206
29.2178732074
20.1604620852
52.2616071739
0.0626808665693
5.32325908541
3.71560781076
24.539607972
10.8783537447
33.2150465395
25.4896648898
10.8054729737
18.5863053482
47.4876900314
24.73348263
3.46689945458
63.1135172602
3.82642478774
1.66886669397
13.3985257521
0.246795681305
9.51769186555
33.9851198494
9.43610928209
4.75205849112
19.4059036933
23.3555485904
16.8756982852
10.455136383
0.261067327111
2.8884807229
18.3622227609
10.5564313196
12.6604172783
5.26671653242
18.9543663003
24.4526358694
7.82008766568
45.2725028806
39.0041311831
14.5606640652
7.40258104958
35.0276736617
4.98540545628
39.3081580997
6.61235843227
24.8997039646
19.8171494119
38.5923979282
20.5511693247
20.4985644445
1.8590935003
4.76979070901
1.50775533915
18.3538395739
0.550787955523
51.2586596534
6.32390182001
5.83796100878
23.7713284995
23.9338382855
25.7631203736
20.9623267204
25.5356649086
9.88569461508
2.80049291254
15.9664874375
16.2863659859
27.2518420145
16.2845202908
7.34165227598
35.4744624494
65.6478894353
30.1980326436
8.06243368238
35.4534183742
1.3393593505
18.3913033381
2.2679874301
26.6640883349
26.312901199
25.2871132157
7.82385262102
66.7947139889
0.949653703718
38.2414519788
25.7186883689
10.3151645511
0.0284164929763
3.28048288822
9.53044268489
9.32240688802
16.91226127
4.06539076567
25.090642333
16.1627260856
19.9443851709
0
0
