0
0
0.209328830242
0.174133487046
0.991721179336
0.902670255397
2.33121227799
0.0
0.161678010598
0.461356439628
1.4834328983
1.15479803318
1.11808267585
0.274401623756
0.15731754154
0.137181013823
0.277172833681
0.0
0.226244919701
0.822353540221
0.381721553393
0.764310338302
1.09059641045
0.8191166576
0.236623611534
0.293844871223
0.0
0.171002003364
0.248963961378
0.650102991116
1.1380560887
0.0131355361082
0.0292785353959
0.790515656699
0.306158278603
2.07219454902
0.347667012597
0.499477110803
1.17364580103
0.573122579604
0.51073535718
0.530034903903
0.507590177236
0.617314440664
0.135670903139
0.241060371511
0.65069938777
1.18832678162
0.0443779538036
0.171906348318
0.124815105344
1.54205579136
0.208563491702
0.595228906721
0.212458242197
0.331952736713
0.0899566537701
0.243116412312
0.329795399681
0.599798160081
0.282677491195
0.019287457224
0.0691110154148
0.0
0.968334112316
0.0968871503137
0.0778615938034
0.438751384267
0.362946008332
0.521359255537
0.317188493907
0.672182379058
0.346628356026
0.0506796316477
0.581351389119
0.0889256461523
0.139227137901
0.1531471489
0.259291216731
0.0884554255754
0.129272650927
1.23921718448
0.317604501033
0.423270949163
0.823075967957
1.25660263235
0.166370135965
0.244257364422
0.509548198432
0.566352813272
0.255910197273
0.170337563381
0.540546746925
0.761392645538
0.573268674314
1.02096067253
1.68873663386
1.23106324277
0.0730016995221
0.961865773366
0.0373240336776
0.777120457031
0.130445767194
1.90097289538
0.702393072657
1.014753205
1.11293063418
0.689409031766
0.925035678782
0.0700093661435
0.220921349013
0.0961386915296
1.00747167692
0.495667055249
1.22471044492
1.05073796795
1.40050270036
0.949036662932
3.0155673977
1.01190435304
0.142837255262
3.153551867
0.166957499925
0.0469200983644
0.538756611058
0.0061871134676
0.529092577286
0.890779031441
0.554773914395
0.13280116301
0.518729505129
1.25751619227
1.253124482
0.356953590992
0.0197275586543
0.111789079383
0.601018783636
0.45312195411
0.414769308351
0.212502962444
0.747324920259
0.51174881123
0.652006205171
2.06598440395
1.82632585219
1.08717447752
0.346959005459
1.6132381967
0.319711111486
2.06148494408
0.453391304472
1.73528533266
1.25506098638
1.37676003948
0.802447911585
1.03643715964
0.0551966018975
0.00452358974144
0.0461818445474
1.00611184066
0.0780509728938
1.58449987276
0.322693908936
0.26956705749
0.8752370812
0.809570112266
1.36869056395
0.774022938451
1.36296487041
0.589427973144
0.0
0.523148037493
2.43771554157
1.82291773707
0.158246028936
0.48704570299
2.15578785166
1.85196196288
1.63270182535
0.129848165205
2.09400698915
0.176153197885
0.488815185148
0.0881722513586
1.01532649249
0.667111506686
1.0340461703
0.273954413366
2.36387869064
0.0442769480869
1.57267716341
0.755928240716
0.113828253467
0.00134968943894
0.0944833680987
0.619785279036
0.530475728214
0.881906171795
0.141950654797
1.54780212417
0.330316789448
0.704590916634
0
0
