0
0
0.132157549262
0.261326171458
0.458333018469
1.09298445447
1.92289463989
0.0733164967969
0.0888347197324
1.09082736331
1.94506885484
0.219634462148
0.583634501789
0.108946737368
1.04592953809
0.152835804969
0.0
0.063006721437
0.494326976128
0.558514377452
0.779716755264
0.408423811314
1.04203585535
0.445416532457
0.370145563269
0.0385220684111
0.257143085822
0.235784322023
0.0
0.425222942838
1.26563920116
0.00145434041042
0.177648379002
0.353601800976
0.814960268093
2.11541508557
0.186106717912
0.369974794798
0.103057814995
0.526652541012
0.681033061817
0.184054137673
0.742731391918
0.0933960234979
0.3780897744
0.442236659583
0.593941004132
2.07467993814
0.190355047351
0.557295884471
0.181166707771
0.146232411265
0.281815043418
0.468666831264
0.49419893045
0.537014734
0.446085674688
0.276860503713
0.603312219726
1.33240022138
0.395513499505
0.00891952309757
0.0427792708506
0.0569963288726
1.44903169514
0.668274734169
0.481505600736
0.277449717745
0.342082174728
0.529137980542
1.28087790031
0.336227109772
0.0410153837875
0.0913186131511
0.341415484028
0.441269067116
0.0727766668424
0.0914932182059
0.126364641415
0.125518358545
0.196429504897
2.11311771558
1.10479902325
1.26923053386
1.05921770004
3.43999891391
0.211853655521
0.0860541297588
0.0435654778266
0.823022042168
1.22562015243
0.407507223077
0.168726757169
0.503250850132
0.293134348933
1.69217009749
1.01586249378
0.651883127808
0.111007628002
0.145806530025
0.0274797789752
0.495686966926
0.13435959816
1.69824720081
1.18126921263
1.37536404654
1.05216302536
0.748891622527
1.1737692724
0.10350709036
0.0354378169868
0.093556258129
2.20364161767
0.337100189179
0.887476328295
0.394204862416
0.57203570928
1.60849488468
0.820325176232
0.390098095406
0.0847708843648
0.847651145072
0.883871127269
0.862609995063
0.35617528297
0.00120399531443
0.443361211102
1.21287358133
0.357018046547
0.209546620492
0.538414841867
1.36173244938
1.00747519732
0.155683895922
0.226183065563
0.365827837959
0.851902931929
0.389910355443
0.317607124685
1.08058412443
0.575179359759
0.367975145578
0.967670791782
2.85723861563
3.10827294784
0.903883308521
0.228729022667
1.05841251463
0.251227113884
2.00835186429
0.615078728646
1.24867306789
1.88325974718
2.67156828661
0.953409666428
1.12778871995
0.369782777037
0.115995928645
0.0291237216443
0.675116251397
0.243528230116
1.51189363282
0.27087186696
0.378042058088
1.09860055335
0.566596314311
1.8869975172
0.847522511729
0.389939384535
0.709384313785
0.522368818521
0.886136882007
0.212875401601
1.94033511356
1.25776651496
0.345102224965
2.09750557318
4.12792634498
1.06001172401
1.50700446218
1.76676265802
0.195042254403
0.446276593953
0.102528706193
0.684256101027
0.781573582441
1.02861901373
0.277816759422
1.81095039542
0.0201294124126
2.05470852181
1.73647040594
0.326651869342
0.155074924231
0.0480427443981
0.168760482222
0.180181339383
0.823619059287
0.140658420278
0.783462581225
0.424359425902
0.201793778688
0
0
