0
0
0.13660768047
0.457105824724
0.775405100547
1.12102777907
1.0178120546
0.0572081864811
0.2220880799
0.421086570714
1.32364529744
0.313179071876
0.848698376678
0.119175374508
0.716459108051
0.291110565013
0.0515630654991
0.117889307439
0.591397273354
0.675640560687
0.599846265744
0.383144158754
1.32228497602
0.529147220775
0.240339247044
0.325414199964
0.0607937811874
0.190219226177
0.524272974581
0.853358523455
1.23574551102
0.0151451332495
0.0303223505616
0.574730580673
0.82517256969
2.55480181053
0.806963564479
0.143323198427
0.127963788807
0.305952725932
0.40769312717
0.211474966141
1.0702252253
0.641092718812
0.42303917231
0.716737015406
0.430783752818
1.98229786125
0.0407701423392
0.428106768988
0.092390593607
0.684126227163
0.701648512855
0.660146914423
0.354691999033
0.577693976928
0.160138528794
0.42724696896
0.420679508243
1.13647257444
0.634241694584
0.00848126690835
0.0125755845802
0.0302807432599
0.916924303398
0.16035220772
0.550843220204
0.305351168383
0.373570172116
0.437365026679
0.331172942184
0.526626480976
0.0444137982558
0.0456928589847
0.899332118221
0.24289127253
0.10222591809
0.0805986721534
0.276894989423
0.109481487656
0.15474450402
1.80476988992
0.390455723274
0.38671388838
1.84841944277
2.91127747903
0.10018325795
0.114329106524
0.332486837171
0.7552777417
0.309157570824
0.295664174482
0.261444466189
0.937955004629
0.370683965972
1.14433873259
1.4529760154
1.15100574377
0.033619787544
0.448292491841
0.270577311516
0.631279446185
0.2001357954
1.95278254605
0.68230522098
1.44026432559
1.33397038584
0.852351346752
2.11869067606
0.00560179073364
0.137950372184
0.114556002896
1.18929009885
0.617646187544
1.11025600537
0.571046270896
0.527689906769
1.0954818232
1.99860176258
0.653588329908
0.0726002994925
1.76268851466
0.545254388824
0.160782390274
0.544288900914
0.0137405868154
0.393966760021
1.29766133428
0.354106158949
0.309533462394
0.801446338533
1.27311547473
0.725780826935
0.204022260441
0.0368860361632
0.130597177893
0.680946497247
0.502368396381
0.513972874265
0.576060491148
0.793483957648
0.56590500474
0.655572231859
3.0157487914
2.21019029256
0.405105169164
0.117509368749
1.26378844865
0.15379458759
1.71628233604
0.195679745637
1.18606151827
0.941230777884
1.52126872959
0.89897360024
1.17708095745
0.392421375494
0.0985301213805
0.106274403632
0.534751481086
0.0798471677117
1.82916759374
0.159152320353
0.393624559045
0.940703784581
0.835473052692
1.19916834729
1.08882759465
0.935969409533
0.590170021169
0.0169613491744
1.8688351661
0.0635183248669
0.503168497235
0.188339116052
1.21039410471
1.34963274375
7.04618145525
1.28879965842
0.574942594394
1.65590570774
0.0
0.308336257935
0.00613617151976
1.187504848
0.879704158753
1.11997872521
0.185444047675
2.61209577601
0.0487569039688
1.07427443122
0.930217793444
0.432464856654
0.151232406497
0.0875124931335
0.342760376632
0.269870877266
0.700495490106
0.152235749527
1.49206540175
0.794407604262
0.47339614667
0
0
