0.0
0.0
2.66876821966
7.71075412632
20.3539798809
16.0531886816
51.2540099323
2.54269975795
3.29059347511
25.6329922433
48.1613797992
4.66898234189
13.5303694457
4.61951816083
29.5119448006
1.88920372725
0.0
1.19002059102
13.5873134024
15.118961731
20.8994241133
1.46919988096
23.2868565302
7.41339460015
10.2218593201
1.18493816256
7.58659932017
4.36174857617
0.0
10.1002338231
29.1061197036
0.0363676501438
3.05440684409
8.90315802209
14.62473528
56.0402792743
8.01059930026
10.6018630341
2.0131455576
10.8424378932
14.6455871165
5.32580451574
15.3059278317
2.00338934082
1.19294735044
11.9109699503
14.5747127719
49.0683073886
4.14310688059
12.7102090227
3.56822650855
3.3716801405
8.23724654316
8.91560234875
15.2399199139
15.6655625403
10.7126296498
11.9989670646
13.8436713433
35.4700265285
10.2473843414
0.214068554342
0.717975603418
2.7554282695
33.0896910523
15.4245011956
8.58959476836
5.38709042966
6.13034801558
21.9426659122
28.2625635211
6.5419528121
95.4174855799
0.959479674696
13.5373286046
9.28092726319
2.26569096744
2.21802529693
2.03287115134
2.09347192571
5.71884799003
51.0331799035
21.4368138816
44.5450958899
66.504323437
72.5880142673
6.75020335894
1.98097572662
1.32636554539
23.8698771894
35.000671506
9.41145551206
4.85645999014
10.4684010073
6.83439474552
35.6559834257
24.2884421534
15.032087557
2.32769078202
2.70159770362
0.264906965196
13.0023333728
2.17242796719
36.1372714034
23.6117103864
35.1859838851
26.8775551637
15.8845914295
30.8222110346
2.0814525336
1.06809751689
1.42363438569
45.6879884453
5.75233921409
19.7121587098
11.871852994
12.7239307109
36.2074089521
19.7729244567
6.84533002786
1.60103718191
51.5043732269
16.0526387282
24.4129173941
13.3406558186
0.450971961022
8.55602688343
27.5773542523
10.08112357
5.35349325835
12.4862359464
38.6081995814
20.028016761
1.57415011525
9.38531951002
8.58493874966
14.5809262097
7.76036777347
5.9199412074
18.6295529343
14.6018665731
10.2321708519
25.7006429136
59.1247097923
64.6952597983
16.9805357787
1.84066298325
21.7501467168
3.68507358804
45.6387371868
15.1272438168
26.4686783664
43.0605301783
53.9952831706
21.5936346129
29.9483751598
10.155624982
3.6133440407
0.630437437445
17.6788458824
6.84372881054
34.545224849
9.1406161487
8.56894160808
24.4137435425
10.8851255905
38.1036584974
18.2616298366
8.20398118346
16.0495206714
14.1298331022
18.7583656311
12.8269439936
68.2222012282
32.9704027315
12.5962392979
56.8527285754
91.9168531447
33.4974676966
41.4708349853
37.850340888
5.43040309846
12.7813414335
2.11742627621
13.8030068055
22.0581521988
24.4264490604
8.92276344449
35.9057489856
1.41840657592
50.2957168222
39.4613809438
7.18745827675
4.80534785986
0.999212130905
7.64935460686
6.05303621292
15.3614051118
3.87395756318
20.4346835352
11.0441114903
3.73199397326
62.4199999999
329.01
23.09
3.85999999999
0
0
0
0
0
0
0
0
0
0
