0.0
0.0
2.45738822222
6.39306762814
23.2976589203
19.7773778457
49.3612182922
0.0
3.56287939846
8.50731920822
37.3758700267
21.2809763225
18.5998509927
7.36654025316
8.74631792306
3.19262051582
5.52855187654
0.0
4.51880380512
21.095645735
4.87608902155
9.48057427258
26.7096364908
23.910761565
3.49558528327
7.06852698326
6.49359700085
4.5523030758
7.93883036076
14.9813940162
26.114524031
0.336067171766
0.929884705692
16.8733902583
7.81974649987
67.1805338189
20.2146897912
11.6141388416
19.7805398405
12.6061787903
10.9474609941
11.2254450917
16.7917997316
17.4019882008
3.94913798966
9.4098288361
12.6668974981
25.4173201471
1.41150719533
4.15921998024
3.10028725584
30.5454256582
8.5715021789
14.6471158862
5.5204001069
4.78444101288
3.6189892944
10.4413066674
12.1531701218
15.8147694999
12.9019872509
0.735988765956
0.351611542514
0.0
23.244759813
3.76832574605
1.7782173045
13.5630927086
9.17657097058
13.2565551996
5.11573225447
18.2659857497
10.1746296231
1.3319247365
13.4667514055
5.53744147718
3.59063429386
3.06601571292
6.08923494816
3.00638803841
3.66266110538
34.5475859419
6.65047144471
11.7676280849
17.4235180691
60.480632689
3.7846875228
5.84406226874
11.2369995341
21.1144032162
6.966992151
3.78726280946
15.2934449706
16.3548452742
9.17951593548
25.0149705113
43.5785647183
31.3133763168
0.602746948601
21.1777345044
1.53804552555
18.5104142949
1.10158762336
46.6329419213
17.5957627595
28.6406117287
24.7936386451
18.4355266336
22.399362009
1.45320028067
5.27991246432
2.90635589138
26.8085186184
8.41164958476
31.6218643044
27.472241641
28.1883790903
17.6591438558
60.0114434575
24.0779468239
2.57969071716
60.1335742073
4.54770031572
0.882421977818
13.7283462463
0.191143452655
11.274933882
24.8431180661
12.3252311368
5.25463733822
10.8094442692
28.4943856001
30.1743505346
13.0261235009
0.240196886938
1.79807157442
13.50640212
13.5694685988
11.5635196846
5.10176918282
19.3983835783
17.4806497917
14.9081100225
46.445731583
45.2738144472
12.0597745562
6.50859023911
35.4489717185
4.73662430047
43.7835516482
11.3476856276
31.7979021146
28.6550401747
38.9220834374
19.3599562347
20.6934725158
0.728658545762
0.392545804382
0.0
23.9656800292
0.396918162703
42.7109541223
8.51942879801
4.9614045918
23.5724678691
21.6378450953
32.2026131702
23.7996951034
29.0411373451
12.5597815812
0.0
13.8008835912
7.7024950229
49.3062198758
28.5246682315
5.47185537034
40.8232566677
49.8400026262
39.848889269
5.22260283307
