0
0
0.350138112903
0.288944865344
0.498593132594
1.24425949395
0.912364708027
0.0298798484728
0.219103164971
0.586408793461
2.23427572288
0.641373392195
0.454205222311
0.162267893553
0.474040298141
0.366051251069
0.0
0.0603742226958
0.340635253582
0.703633665456
0.820683306083
0.470981469378
1.15785866138
0.686829048675
0.0705199725926
0.0556211993098
0.208303085528
0.233888993971
0.0
0.708122524316
1.34121384926
0.0
0.177776510827
0.479093902046
0.738223985827
2.16093838611
0.476987103
0.453921257984
0.220485469734
0.319925263524
0.513430591673
0.150684611872
1.14846310997
0.172574827448
0.47663574561
0.405580412596
0.468282272806
3.31141307042
0.0823251904221
0.343849233876
0.120469578018
0.427479181089
0.362404668704
0.559359674342
0.466473988257
0.458700368879
0.387240670156
0.334812295623
0.478745542816
1.40554719232
0.790867791511
0.0029305506032
0.0
0.0848677363247
1.04031895101
0.495521673933
0.994596849196
0.368724080734
0.582865142263
0.383676295402
1.17317169718
0.463431131677
0.113572961185
0.106253906153
1.1329390771
0.775125660002
0.106690893881
0.0590192873497
0.161636135541
0.173583645374
0.420101491734
1.95274559874
0.917228230974
0.613383742282
0.863135569147
4.15627444489
0.370292784646
0.0653985127574
0.161116574891
0.629154060152
0.510462501086
0.269265181618
0.315751526505
0.560730805388
0.41503723897
1.2038416022
1.60194974393
0.664349838626
0.269378067926
0.39334863564
0.0296299681067
0.313693336211
0.166253206844
1.95185349579
1.03860710328
1.32727859635
0.853707177797
0.742605137872
0.881968378322
0.0892842467874
0.0828116823686
0.112220208161
1.77811783366
0.321193765849
0.998498062487
0.616278459493
0.523408980109
1.47641801299
1.22670457698
0.824265039526
0.128240725026
1.24605147401
0.888853685814
0.909494508058
0.492875039985
0.00846533756703
0.348585323663
1.05830138153
0.40864440822
0.291780489497
0.538592319004
1.71500578709
1.2101811691
0.25375668722
0.122180360777
0.197280928493
0.752871461213
0.370843104669
0.307566236239
0.809537406079
0.480658022687
0.457615916384
1.06817962741
2.4655244546
3.2473927252
0.438296550419
0.19942762889
0.591013377532
0.194861192256
2.19652897306
0.486381410621
1.24543686328
1.28325515735
1.67110212706
1.32637110632
1.3478424442
0.39723617956
0.00299557554536
0.0
0.658493005554
0.16145420773
1.56230442785
0.258946730813
0.392456880305
1.34201854025
0.951908388175
0.93908253219
1.11258081929
0.758437856333
0.771850130521
0.178748562932
1.65100252628
0.241405915469
2.75843784958
0.164026351296
1.56845351239
2.04973561317
3.51615728205
1.52030033618
0.482065800577
1.4866705751
0.0752420774661
0.273652740754
0.0733178928494
0.867707559839
0.996152974665
1.00440572249
0.126015534624
2.1085547721
0.0144718214869
1.40905520506
1.35232152138
0.810963854194
0.257489461452
0.0644458606839
0.134829478804
0.257111394312
0.829480738845
0.272678084671
1.4844574444
0.551093608141
0.222483782098
0
0
