0
0
2.66533358395
7.2536367774
21.1179332268
14.4153818227
44.5776082277
2.37169803679
3.53717587889
27.3750217202
50.7010064275
4.97774295509
13.767490983
4.75596356393
26.4645634889
2.52151590586
0.0
1.55162215233
8.32872451097
20.8324649082
16.6957012005
1.39660923556
24.6949285519
10.8295013532
11.7632948142
1.4339659363
5.95460236073
3.66642558574
0.0
10.2680655727
27.4779317575
0.0
5.63767015469
8.47130248322
13.7623021212
48.5565723238
3.81607725845
7.08554842694
4.35140288527
7.76470725238
12.5636706501
5.62829447911
16.1428663842
1.06363714579
1.16949090734
11.6736347359
15.5780358352
41.1334729548
6.31893944554
13.8920795191
3.31364339729
3.25844442845
8.31835140288
8.90972144203
13.6903754622
17.4377952386
10.9370897971
13.0605534017
12.713945942
31.6831478477
9.32355748303
3.21964511275
0.0188322393224
3.61850966513
33.4721198323
12.4749573141
3.12692483515
6.22978073359
5.022546798
20.0418344736
26.5113081223
6.75745370239
15.9497494921
1.5624428764
7.83930611796
7.84023047983
3.22947308422
5.08609407396
2.12502685329
2.401666224
5.55292350053
40.955827117
25.1286480389
41.7511232597
88.001721607
103.813665837
5.62166091799
2.03232714487
2.64193237481
25.8182293937
35.7829530425
10.7929114401
8.13582179882
8.69072220101
7.89113311284
34.8272069246
20.4251452815
16.5927084954
2.17851432413
3.39657311887
0.528640598059
12.5218988434
2.65128913522
36.6197379226
21.6397174392
29.9277308731
25.5331044132
17.4012132436
20.6561818197
2.33302488551
4.22518062965
0.385345436633
39.8836424724
4.64376432449
22.8779399972
10.7803675532
12.6824016497
35.7724931482
24.3185376674
6.18069083244
2.45645079576
62.6394092237
12.0664487919
20.6469669342
9.99989071022
0.291613994167
10.2930035479
22.80618094
12.1570759546
6.51898057759
13.2472618595
28.6532175242
15.147205797
2.03892722726
12.4849829078
7.14084787666
20.1504050195
7.87800064032
6.5597600676
17.9975552391
17.2776090503
15.1650972012
31.350738203
63.1184055079
63.3124960308
13.3408517651
3.00883336644
20.3561944663
3.22374608741
47.6671049594
15.548060596
31.9225843884
48.8443520664
52.40599842
23.5775483921
31.610364072
8.21504254639
3.85093829782
0.58803122118
16.3417221308
5.41990588234
34.2976361477
9.54509502276
9.79165591298
20.1770913648
11.0241607837
34.5877152086
16.5321793612
10.3996517435
13.0210998505
9.71284443139
35.6182914377
14.4231817871
62.4763395041
32.2275539227
22.8621984422
81.3074381501
92.7294206321
30.7019260526
30.1297301798
41.8101889529
7.55931861698
17.8070653975
1.95443665981
12.3932160437
22.8067013025
27.6384634673
7.436728701
33.4401784279
1.28012484312
43.9047625958
32.9337729067
4.95982825757
6.19539539515
0.448900401593
11.5149915665
9.6743876785
21.662258232
3.60656172036
21.0575389378
8.21366000174
2.34952756763
65.04
25.1500000001
0
0
0
0
0
0
0
0
0
0
0
0
