0.0
0.0
7.47110688686
12.2943179095
19.7811023123
25.3961227248
22.1099545411
1.24539968558
5.15457057953
9.93297352642
38.309726581
4.91282266752
19.7632919624
3.10246968269
15.0742065311
7.65753954648
0.384188398718
2.12079656124
8.5177849643
15.6089481767
16.3443154134
9.991883439
35.4853619189
10.8775396943
5.61416848562
7.11633121502
1.70576835796
5.27889123559
7.06363870202
22.4415637571
30.5504587507
0.234538558871
0.857707120478
12.7647805195
18.842013943
51.5734451143
13.6037776396
4.42386370339
2.62517423741
5.74538241326
8.67700765282
3.80908542965
29.6033995673
13.1034283731
10.6496908329
17.4410421699
11.0054002181
50.1739751213
4.30840279301
9.39857266656
2.4001213163
10.4821056314
12.5577839613
15.9503625557
9.80699760094
14.0410960615
5.68424292281
12.8612169782
9.86639686301
35.3032363951
16.1699862778
0.0
0.77621331811
0.419448819012
24.56851767
3.77566073834
16.0302407294
7.64841230213
13.0234616697
13.4860782218
9.75816045329
9.17322916723
3.8557572551
1.82208366506
18.8393717855
11.2927571889
2.39890267141
1.76360876765
8.71788685116
2.45213140966
4.72919127346
42.2957129182
18.3604746647
10.2271634638
41.6480047255
121.347379446
2.7565695271
1.95645493828
4.1423443705
19.566894846
9.33411515503
7.48638041318
8.07860431262
22.2805284597
10.5213015676
26.0533909054
33.1177766585
31.5456828866
3.35369903594
10.8882307895
4.95797646046
14.0101274997
4.56294266134
48.1831906735
21.5766963176
29.053451959
28.5530970754
21.2649246901
13.4785103202
0.545020356775
4.03425237538
2.24974733591
29.8683080971
12.3048074842
25.2837862289
15.00930876
12.0688218623
30.9699970018
34.4908607304
21.7849243619
1.79643300176
31.8671869178
15.7083517062
4.90646700562
13.8546846975
1.03485061973
8.72495470942
26.0211955178
8.80210860818
10.3679312803
16.3698056163
34.990749389
17.8631568784
6.13025636645
2.05929468619
4.84854340553
17.1446198299
11.7245309651
14.4910898376
16.1087386161
21.7007805705
10.9204428345
18.5524786077
68.7669411991
71.0539961959
9.84330564737
3.22603726387
26.7890671939
5.35131975264
41.7356777786
6.91219080984
30.9320686608
22.6282582506
30.5486252122
23.4392107353
34.9540401343
9.24094531685
0.204302994534
0.0
12.5579065843
1.70654323697
29.9184653162
4.54210206494
10.3744278978
29.652977502
23.4545402192
34.4189376142
28.2002319396
19.8812900707
16.0831998289
2.74075171351
24.985037148
1.69584551454
42.4015869499
3.24372943306
29.0455707084
42.2240183206
127.117889106
30.5474283994
23.972581923
42.7959091366
1.86493109912
3.8178947065
1.02167549729
22.4760951251
20.5120460093
26.9826556073
4.05089208485
63.0484242439
1.09980288148
42.5930805355
28.9479248822
7.72772106528
3.52260696888
2.13373303413
4.64108354599
4.12494786456
12.8812906109
4.80791097878
39.1281133891
23.043268919
6.8374979496
67.1200000001
466.459999999
1.34
0.379999999999
0
0
0
0
0
0
0
0
0
0
