0
0
6.12842148542
4.4859990701
9.71347854751
22.591822545
36.3278481514
1.17552667111
4.28045868874
19.7611121591
54.0435459763
11.711969085
15.4285059906
2.74751919509
17.2159284074
5.25797273218
0.0
0.665173128247
11.8208751865
14.006465055
20.1852380857
9.22847229614
28.0615011631
20.2929904684
0.170934098773
2.19983638823
7.31983043254
4.69867479802
0.0
11.6814307272
31.3164995006
0.0349012333901
4.15019157528
8.77661496588
19.5894489032
52.3405533024
3.13809801266
15.6850551674
6.06673593074
10.3742541969
13.945095107
2.9066817239
19.6166506782
2.89027198032
9.73103272543
11.5784909092
12.3729420304
58.4419319854
2.9485426303
15.2747218162
3.38737292959
6.76678623492
9.37209407239
10.7366493344
14.1418621614
12.1759069394
9.9935619235
6.53905189968
12.2763850414
27.4958039894
15.4360276759
0.725258007646
0.63946446078
1.4123377651
33.5687107445
16.6221760288
17.4447870478
8.64361193777
9.8475964889
13.1405485645
26.5702298731
7.67688314057
2.11130978912
2.59865359961
15.2637947872
14.498281192
0.27834751457
1.32236900926
5.49862017994
6.10437968374
9.5625093095
49.6706003398
34.4841591516
20.0257673263
15.7976453374
89.0061408319
8.39139468223
1.976721894
3.46846450121
18.4902311289
19.962375462
8.47387634218
3.3824793175
6.4268410541
8.98479187488
30.9920335786
37.5432403051
12.9599618101
3.08589702845
6.04688560591
0.778030067683
10.8979516178
3.88922345638
46.6498592198
28.8788528926
27.6689372287
17.6383985644
21.5984733459
31.9317202046
3.69283373282
2.26526659727
1.94270258211
43.3399100304
7.91003358365
23.3164030965
8.27316640342
13.5443272088
33.2200692929
18.5478517637
17.0835244954
1.84889133275
26.3092701487
15.4473172724
19.0727576316
11.2076670528
0.0
7.97470854689
19.6748014446
12.0266781896
6.52730077877
12.1446498893
43.203288719
30.2616320774
6.84606016428
2.88518068939
7.76411354542
19.457164228
6.35229171439
6.40108784102
23.7835666314
11.2471563667
9.43176164479
29.6758688093
59.187055746
84.4807357361
18.4771220684
4.78319589794
24.1929218102
4.38202125953
53.9313001558
14.2548393309
24.6284550362
32.6307410491
62.7931421287
22.4265846536
23.5317551829
7.43120833346
0.039749889169
0.486831530928
21.6324957171
5.35817661881
38.7661281266
5.80807743967
6.87411913277
30.2888343036
11.434836153
28.5553000867
22.0913218902
12.3203767519
17.1115380451
7.44875968248
40.923631668
1.68574468175
43.156644702
25.7706820517
14.1452496238
49.1261292211
87.1171391309
28.5345026405
24.1877920925
35.1382463314
5.00565061346
4.44951568824
1.39777618647
15.928641066
21.1400050521
20.7319034636
2.8334751539
50.3911255003
0.768177688121
40.674195528
33.4793206752
14.8774709701
4.95635586977
2.05551373959
1.28008161485
8.49192631246
20.9716266096
3.2512326222
23.7025348842
7.93034273386
1.83061301708
0
0
