0
0
0.107238002121
0.064038158278
0.753926170059
0.664766383357
1.18617849657
0.000966811727267
0.229167285026
0.402144084219
0.856729488587
0.938495596871
1.25371292909
0.466497112066
0.333699259907
0.197123259306
0.0341985812411
0.0
0.245099073276
0.858811551239
0.195400751662
0.762490774971
0.965300837066
1.55774477497
0.13689548464
0.15422923828
0.0466248057783
0.00805444805883
0.159016052261
0.825425928924
1.11554739624
0.00119328917935
0.000436299014837
0.554973776219
0.275752479676
3.01317538379
0.169002092443
0.349187916843
1.12491474231
0.333147409372
0.84190760483
0.697055228055
0.314325921005
0.569903115975
0.169993662741
0.556200171122
0.448945668759
1.35635299748
0.0388012044132
0.153527669609
0.34593475156
1.11102100741
0.1203815341
0.550272560911
0.109416883206
0.23238216294
0.41202255548
0.173298522248
0.747689807788
0.940503027639
0.231272486155
0.0312980928575
0.0060563031584
0.00042972684605
0.553741795477
0.0876538623124
0.0853233011439
0.132085861056
0.281271830434
0.247711148113
0.509403705597
0.531654622173
2.2877255932
0.103405747912
0.62171293702
0.114442266524
0.176982093602
0.312533333898
0.338650271588
0.169056607643
0.246538497508
1.62062949967
0.546113184653
1.09117396548
0.749012492597
1.29294643551
0.109291948844
0.148418101599
0.404084035195
0.170538463513
0.550576636568
0.138563881628
0.739583690651
0.562216171995
0.401677593589
1.01892583305
1.32266655331
1.16139160097
0.240618108772
0.681038327049
0.02266436629
0.749720160384
0.187035124341
2.3157059456
0.537843320053
0.815629097051
1.56523632188
1.06676479289
1.6290119756
0.0623125731945
0.0984092413564
0.0819006599486
0.858511585742
0.650209765765
1.50705490564
1.01473283581
1.36782781687
1.08827185666
2.97332532378
1.0603355458
0.186157150194
1.12696586677
0.118373533944
0.0387555323541
0.255954617751
0.0306914765388
0.494749010541
0.446957452223
0.652889742167
0.288800064474
0.96359831281
0.815138575155
1.14374526637
0.44479743694
0.399087290745
0.167847317643
0.757165373769
0.301084872102
0.459820199409
0.215242942562
0.7143504821
0.731855520979
0.565905811032
1.33679205785
1.4738391412
0.821511880145
0.170111253858
2.0137643796
0.335407220758
1.85443869059
0.446018086397
1.74958744179
1.26461428835
1.16809228342
0.988957480527
0.783466188237
0.03780092753
0.00211741164094
0.0532290134579
0.938207968255
0.108416578849
0.816694913898
0.327338821488
0.287891718093
0.861846948043
0.557140787132
1.80549330008
0.557396442629
1.36140731629
0.486736398656
0.22045622766
0.0116933649406
0.273868409917
0.921325111762
0.414530016482
0.705436392222
1.46474341303
2.55121411197
1.49892265722
0.0198599155992
2.3745707944
0.108989782631
0.223955482244
0.025970377028
1.39032064285
0.394189475104
0.8583872983
0.131882534362
2.35991744185
0.00214007613249
1.29365188396
0.563820534386
0.300613886677
0.00296671385877
0.0721925422549
0.612140451558
0.308082222939
0.886710332707
0.218608009163
0.94989958033
0.385969059542
0.555396346375
0
0
