0
0
3.83550838754
6.44907923789
24.1325479745
11.3938391581
47.5532038361
0.0
3.96231016517
9.50604093074
35.8170476854
26.3667618502
22.4253015462
4.08812069892
8.51263618469
3.22544293106
2.31074745208
0.0
6.69572319835
15.7422602568
6.12435478716
7.73089375534
22.414586775
22.311320141
6.47012747638
8.95972996205
5.62466027587
4.82335406542
11.4410559833
21.8050527424
30.6032162458
0.426761576906
1.43552038818
20.0803756546
10.5224629082
70.0175097641
21.4405229688
6.92902430892
16.9414295554
9.65718403459
12.2340518106
13.2559833415
20.5757680647
17.6784580294
3.60638460516
9.63676511635
10.2150666788
30.434935553
2.43531516194
4.40179878473
2.48728901892
29.6532962938
14.8537221104
10.7752153873
5.63299392163
9.04794457555
2.90168404766
11.4318955438
13.5872215927
21.3584146681
3.13386463747
1.17871060968
0.0
0.0699637625366
19.1198561154
4.58939342201
2.14870393463
14.5898326635
9.47967721894
11.9871213511
11.4928276353
13.7698259018
42.3125156052
2.31823479943
14.4305030317
0.971000175924
2.95341892541
3.1214875728
5.58133247494
3.04000487923
2.43660204113
38.7133716346
8.16897578537
12.9500690997
19.2167831473
67.8009601236
1.2115170043
6.61277882383
10.0717260763
22.7656023055
7.50455068891
3.77911838796
10.4011803567
18.3733198196
7.61316034198
24.1262864023
36.1662369444
33.6092434992
0.0
17.6355792708
2.2505312562
17.1551212287
1.367725119
39.3474378074
19.7916538138
32.0885065925
26.2129190443
18.1909449119
28.0605345202
0.645716071128
3.97959855012
3.02612219566
24.3457458391
9.96084532142
33.9358109947
24.0288850385
10.591411639
17.7883860525
53.1671073614
22.5306503903
3.83983133734
68.2391181216
3.75368851795
1.30127196014
13.5962687843
0.236737109721
10.2516324967
32.7276177182
10.2306339629
4.58618902042
16.3846834134
23.1855146885
22.0257143285
9.42415816337
0.120927981567
1.94888363778
12.7864642292
11.3826892488
10.2533309022
6.24492183701
19.285671622
15.7768414328
9.65599778854
47.6792426035
40.476209784
15.0840227902
7.13326371694
35.1686036261
1.15416845307
39.6194316214
10.5650389446
25.6666632425
23.1680063121
33.5534365476
20.5056202356
15.8517535496
2.04928908125
1.58151751757
1.72663557529
22.4228704297
0.0
50.2794113606
5.8510303963
7.36921586282
22.378202308
18.2877525687
27.1958432822
22.8514830284
27.5481807142
12.43132781
0.130901355296
17.039154768
7.42774581538
52.7077505215
10.7884587049
2.47731843497
38.150953643
51.4339813291
31.6363462229
8.2227129545
43.9785307646
0.171610839665
17.0569783933
2.42475110292
26.2002648934
22.7587012053
24.2034311705
7.7014139369
65.3452253491
1.57097330689
33.3273634762
24.0173555688
8.91301144658
0.511228985153
3.96039533616
7.72155725957
11.2159834206
20.4085922465
2.40592609718
33.2548466808
19.3157153204
19.5990377963
0
0
