0.0
0.0
4.91346421838
10.132045392
21.8456832804
23.6300843507
34.300234884
0.478099822999
5.93965601921
10.135602627
30.5914169849
13.4856977519
13.8432295695
0.835818976164
15.9161408557
4.90920531749
1.57311780006
4.00016140937
11.0007819012
18.8103078157
13.0617579706
8.64362753369
25.6493923589
18.7677762955
8.58245690167
7.8544051079
2.38733428717
3.56753093004
14.0972629488
19.9407084798
26.948446367
0.325895346701
0.764188438654
22.577696268
18.2057836857
69.6997299605
16.0410041772
4.10856036096
8.46090553562
8.53296236414
8.31316621788
6.32283649966
22.2605319265
15.4280057196
8.0397536941
15.0943242386
8.40438388289
33.9385232179
2.59309700131
8.96792823449
2.66732016206
19.5462889597
16.4986863881
13.781889528
5.64769334904
8.97748566046
3.24316592328
9.61399051174
9.75721321999
28.7740564049
11.8805600479
0.348496153951
0.0465038157998
0.981062024832
21.9587040246
4.62638533116
9.40588977746
7.7877761051
7.32363687828
8.76850673323
10.4169079363
13.603410909
67.5308296457
1.28290767828
17.9202355128
3.74501505307
1.53288969258
2.53470905498
2.7087372439
2.90684038214
2.67393470184
43.5069570019
12.2763481289
12.7615299281
32.1419988871
86.390258789
0.615469491576
3.39513459847
8.35013935157
22.5629011542
6.78470814228
4.6037891507
9.60473771765
20.7502769865
13.8857389502
27.4609603063
22.0522262826
23.0857201349
0.98973619938
18.6959028309
5.10537672043
13.4634741303
3.74489175528
47.737247832
24.3934465349
30.2871897658
33.8034963012
21.6214111447
51.7586594112
0.107088256627
6.0877918303
3.96470258386
31.4455048442
14.6699704528
28.5981507422
14.5110518541
12.9359107241
22.2667500079
50.347579183
16.0943183955
2.57917567716
46.5852648989
8.44003872202
2.07638639957
11.2311855555
0.235752247274
10.5657882616
34.5636086762
8.12182913347
5.57590901479
22.3216932351
20.9107857942
17.5381250912
6.64101892802
1.01101889228
3.67979219556
14.0564811677
11.8237287775
9.66315805166
11.1145980097
14.9803614048
10.7596030352
15.4460975379
60.154965587
56.5277655535
9.29042288662
7.44194995613
34.3878117799
4.39905513077
40.1702955924
6.96816278995
25.8209510074
22.6796280714
43.4367451855
21.9029418379
30.9947914481
8.56029494292
0.0
2.54319926911
14.2535640628
0.0357639072463
42.005225569
4.43664459418
8.31868788041
21.9076845087
18.6431564502
30.1777023878
25.9178664833
23.4991391636
8.87419970333
0.157435812056
35.8123159111
1.70435392857
40.1848669219
6.00532679306
14.8762685806
31.8481633589
158.22052981
27.9036870002
13.4880776703
