0
0
0.145639285445
0.0625744172139
0.642871010117
0.599824230769
1.00368396938
0.297907173634
0.229267544812
0.403535102494
0.793068045052
1.00526017556
0.79752395465
0.48078180477
0.300321059301
0.0795261217281
0.0525477807969
0.0118406768888
0.211463828571
1.25194760994
0.150615362916
1.10107374145
0.915219321847
1.66709896177
0.276571799419
0.179816650576
0.079339510994
0.00867664976977
0.239829819649
0.873382022139
1.3016266427
0.00119320792146
0.0110768466257
0.817841381417
0.332475620322
3.07208031649
0.245736891404
0.417248379439
1.10516725259
0.254304318689
0.985173271969
0.867103076074
0.396221744479
0.520851006731
0.0638253232464
0.45073325769
0.465984498383
0.842921179719
0.0915620026644
0.152100013918
0.441131674277
0.996475357562
0.128153569065
0.46775175049
0.0820264278445
0.290830294602
0.335197195876
0.104206082178
0.863447591197
0.687058065552
0.839348756708
0.0839487452176
0.0040375245735
0.0
0.421226813458
0.102329924237
0.111900341697
0.205480285338
0.437886207597
0.24907130003
0.664728105534
0.791418426204
2.01905602217
0.473503900692
0.477746660239
0.0831498857588
0.573338999413
0.351806387305
0.417466089129
0.167016655905
0.301548048854
1.46775390301
0.39797430858
1.38084320235
0.705261562951
2.65244315192
0.393094781088
0.17683220841
0.489872392267
0.269001096487
0.822630627081
0.167336221319
0.765589270392
0.654877943918
0.581557985395
0.868714613607
1.12576431758
0.960010780022
0.110115244985
0.593373279786
0.0274709598161
0.762266753998
0.199097617297
2.25951371423
0.400780380704
0.902628901298
1.68519429397
1.15549944108
1.47563726641
0.0689400818665
0.0721489381976
0.0836261939257
0.718805287033
0.363790760224
1.59566124517
0.974850106519
1.19058976369
1.20742617571
1.93499018921
1.26147182542
0.159831355326
0.154576636269
0.390991339926
0.168131140992
0.315902650356
0.118105962873
0.357082967646
0.544302118942
0.538853882463
0.563296618406
1.29327137256
0.868526830804
1.14570216939
0.429716159939
0.58650051197
0.10752958525
0.726086984621
0.287136854255
0.304482452571
0.355831282912
0.717808943242
0.628473624587
0.429713418707
1.10461746808
1.217398779
0.756165215746
0.324342982844
1.96149415348
0.237292040139
1.99909924099
0.426674700924
1.86455052905
1.19354506914
1.46363270562
0.736414773855
0.825547123677
0.0367795084603
0.0281379446387
0.0704328520223
0.994778371358
0.131236515939
0.644957127515
0.260415754048
0.338852701243
0.770850302652
0.520369240548
1.46854964527
0.500546862371
1.49624839053
0.935114598833
0.233603984118
0.0
0.0402508433908
0.22518878011
25.258416058
1.33789834788
2.19046141207
1.80471314862
1.57895094529
0.0506813190877
3.28624015674
0.0806098654866
0.284941963851
0.0313899032772
1.09497654904
0.518231547438
0.695861731248
0.0947633581236
2.48074402288
0.00200423947535
1.58042087313
0.513410583138
0.145434225909
0.00643458170816
0.124748214672
0.612074173987
0.217709183693
0.972168698907
0.202720825095
0.880248518661
0.40796543099
0.515877582133
0
0
