0
0
6.20522949098
8.74669940026
14.3611522685
25.6890453002
23.0863391748
1.46693743765
4.8263618946
6.94163572044
41.4746746123
4.89715827629
10.1221768856
3.34032475949
16.0713205934
8.76061083377
0.0
1.26244854927
7.58772154524
14.3252314478
21.1082272679
10.7063981742
22.3305479363
16.2182371616
4.3140272051
4.87729350665
1.31344018132
4.37210333347
5.51925230026
22.6689243475
33.8035778179
0.0
1.34328717738
14.448970193
19.3719581896
59.5111981728
10.8498427179
4.40960526466
3.9975880757
5.38125307114
5.37400217167
3.62088763901
25.7854337208
8.9010588359
12.093779264
14.1651629526
10.5972640458
54.2582098915
2.61946126073
11.3473199867
3.3480455568
9.53527570423
12.9937511981
13.905815877
11.8818068001
9.46286773123
6.22708388417
10.1949554616
8.96479296125
38.4929589182
19.7887112349
1.31801973469
0.514611451886
0.666638061403
22.0928338319
11.7805389985
16.5897000209
7.1127299443
11.7938210294
14.0177431712
21.2802705132
12.0142008327
3.4760784097
2.62082073838
13.4208238414
15.3027013885
2.56195646525
2.34993857145
7.9550694041
2.75577244162
8.7942610681
41.0495354532
21.6279072091
11.9255736507
28.9674467928
121.513358474
3.69263944589
5.99082383606
2.41391949914
18.4301058222
9.38718310742
6.75275388826
9.60326305032
21.3827593289
14.7779977508
28.2339766771
39.5495368392
29.2466469746
5.52146543563
10.0747118332
2.42784726619
15.4416104481
3.6650990909
49.3452271843
23.2636055723
25.6730086728
25.1835973654
21.1648504799
20.86186927
0.527324914466
6.49594196678
2.45444921405
39.1301406919
9.18801802397
24.9499014168
16.3789081187
11.1394063085
29.5224452772
40.4779592381
18.4168079942
1.64708855376
38.80679892
13.3389471453
8.93335720896
10.6840139106
0.785509943962
9.83882347495
27.3777297204
9.66948657298
10.7569850274
13.7787791323
40.5579053162
25.1933916905
7.79079682985
2.22784768743
4.12400225177
19.846583493
10.3522119876
10.4376767613
16.9129792303
19.9553623349
9.27289861812
13.669037193
58.0439791102
57.791453479
12.9848159552
7.01177796722
22.8605137467
6.5779695511
45.780328475
9.88861355558
29.0968955196
22.9321957687
31.7418816425
26.5087158233
25.3511373886
11.215140162
0.38756139949
0.0
14.2163730702
1.75778406858
28.4113784508
5.52347688422
11.9918306395
37.1224934981
21.3101246338
28.9376778994
24.4486753642
13.5818549842
21.7519763955
1.16782687604
17.285525322
2.07449841499
45.1779065542
2.50933750068
34.6855062372
38.7152033374
90.3902976886
41.4624244721
25.0701071621
36.3920343742
0.364257730543
3.22187651508
1.43206197023
22.1297166646
20.6699329913
24.2230650187
4.50260835886
60.6959050968
0.836624085902
40.3227084094
30.0889298916
11.9991920292
5.68649516254
2.0009701252
4.11858773232
4.17613285034
15.647026252
5.07467454672
34.5543029755
17.8842669278
6.20111869274
0
0
