0.0
0.0
6.92775249482
2.51721758208
8.33384361864
35.0878073266
41.6043674201
20.2422525287
9.67863491736
17.8420192748
25.2948298642
37.0546395778
13.6050629262
13.8416343927
9.93187737466
4.31393446774
8.08395459038
5.08780539036
3.26702071354
40.1225029975
15.7314922213
22.517494563
7.01130806654
21.2861173153
1.00649735704
5.88252469898
3.19703724235
0.0
6.42935085298
28.4238704815
26.7878682185
0.0
7.72904170678
18.1912184134
22.9222558625
56.7315468137
17.1637982614
32.235917922
17.8992414549
7.00124922394
44.076192733
18.3634410147
8.66844901442
18.2292448953
8.04155259022
10.4009206518
17.792622149
33.7494323551
1.11574574187
20.028720486
15.3359207986
16.3616009876
0.0
12.9912174409
1.59430103749
18.8754384443
14.7555521652
9.35432837438
36.0848785322
44.8480051495
17.2482843921
28.4602621766
3.13062367123
2.19022589922
19.6360609308
3.94052124024
19.5534769446
19.8239605743
9.05298560858
5.19957308472
11.7195034325
27.2941855678
110.864878194
21.7408877956
18.0312286913
2.27345117927
33.0761186275
15.6478205547
11.9904159782
9.20217133685
6.86963796617
57.4034592379
15.7012541145
27.6517524271
22.770463787
41.7436865419
4.23362766578
3.19471838885
12.0070706606
24.7874571439
23.1118876236
12.289330652
28.3009152264
20.1565699205
17.3360452009
10.3473229185
26.2993693315
34.1766486754
2.8347599376
34.9471524674
1.00461702794
24.403250411
24.137130864
77.5518773244
24.1767757572
24.3550672027
31.2325104475
28.8358356749
17.3697843477
0.31979662925
4.40866763146
1.12764007878
22.2905869782
13.7878624722
30.7888507562
32.4831459475
18.1648585573
31.3189347926
55.014272958
19.3902210742
5.9072766155
5.64204133394
9.79439300671
4.09623970092
11.444457002
13.4060542686
11.260899961
28.2508698665
22.1491969228
16.1000396758
31.8787745945
10.3240908422
31.3150369841
10.7029449195
27.8789017462
7.5797532834
14.9939682484
19.9027044643
12.4912948441
21.3910845998
12.8171696076
13.5120518357
6.41596327723
26.2457392774
16.8703585379
36.686478546
4.12118026615
41.3479662662
13.8059957474
59.072474029
13.7945190752
54.685318369
40.5313358177
34.753251437
22.6949547529
11.4337650016
4.59939039218
0.193182251416
5.76684156199
25.4746812343
3.3185427636
21.6051481068
12.4509812593
12.8110964522
25.2530445065
16.6767703928
50.033510238
8.65300866588
29.2497098743
5.87214253843
16.5540555418
13.0610156357
1.36413033306
33.0141715406
522.571210663
46.883317206
31.6440221071
55.3336202503
31.7472157375
0.735923722387
53.3120816947
2.0694052577
5.77151173354
0.358413979411
23.4889728874
8.61432579161
21.2167262938
0.943665113299
33.4697442502
0.169406153262
6.0501132533
14.5536171198
14.155501239
0.216477673966
0.112756479532
5.55960184337
1.8986697346
18.9079526626
8.78693012986
17.7153695002
1.82063448429
10.4064560831
61.4599999999
311.389999999
19.58
4.36000000001
0
0
0
0
0
0
0
0
0
0
