0
0
6.71341967582
2.96322323755
13.3693076335
22.0945697995
30.1307070403
13.2373762093
9.31102073194
17.1153244525
23.4731530734
24.434867207
15.2829641718
11.1092020869
7.0568203926
0.857916299254
2.1215197742
3.17635381222
2.40242356248
34.2963950503
9.47062500938
28.6029740218
10.3180374931
15.8041806668
6.68629224132
10.2620380819
3.2264800854
0.0479843337089
4.42242461443
26.4236129244
28.2240021118
0.0
5.4810209591
14.3529956024
20.2134634294
59.182634052
11.9333639815
22.5707991337
21.9683334525
8.28060516715
47.4339886195
19.5787210632
8.61992859655
10.7148198187
8.0876324214
13.999389343
18.4293573517
29.1178741438
9.16677084518
17.0715098502
7.79220180026
21.0462988056
0.18651162833
8.3130704742
1.8429655619
18.125555478
12.5453649759
5.12672203594
30.7062307577
29.4768823274
18.8894233927
21.2144156503
2.5632452136
0.975173948798
19.6074835472
5.51871357859
14.5807999503
15.8001631871
11.1081189103
2.1819140017
16.5081743449
27.9844262974
46.7327642887
17.9210733119
16.5429319111
3.35679721087
23.7777499091
17.7532332838
11.6535207653
6.18681486324
8.18123137951
48.8976347074
12.8405575007
33.3919224814
27.5076447744
45.6160167698
3.99958799779
3.03193873913
12.5427474082
18.5575511176
22.6758828834
8.74515565486
22.8853769749
24.4882757218
17.6884249896
13.0097750053
26.7154867183
25.4135998226
4.73311679251
27.8314365595
0.383833140134
17.3355887979
14.0679588933
66.9324631075
17.498323163
20.9540460734
34.6226719469
31.4894774258
32.8036307842
0.783587671817
7.0717767924
2.11669573188
24.7799725906
7.44490558841
36.0115415986
23.0158796534
16.9733636286
24.7795622851
51.7747005074
25.5954415687
4.74315071851
9.30310588236
16.3933837228
11.3602366
9.58318720757
10.1992324591
9.26772329585
18.2976746634
21.1569950692
18.4518324584
31.1739460006
17.3193245307
46.2577924301
9.08397556097
10.8290630355
2.75026836991
15.1420553047
13.8493080921
10.2585858666
17.9247327601
16.5242693033
15.9652785659
8.83800512551
21.416426098
13.8688452635
31.849126339
7.86089515687
43.3220948064
13.3475264311
54.6239940422
13.6962596504
50.7685666694
34.518876018
37.5806751866
22.5738201588
12.130300954
2.84450870566
0.0
11.5457043406
29.4850538028
2.37990134954
16.0042809974
7.8933179453
8.00640951096
21.311008215
13.5482605845
41.5588206948
13.1277371161
32.0606850386
6.92264516652
11.8851277828
0.637880936266
12.8720751107
25.5786211565
542.64865625
31.7402082682
39.3613606094
78.2924631984
39.7676654309
0.788220629095
