0
0
15.6347140968
2.18409973942
10.0014045239
39.5395390726
48.2004302033
3.74484660478
8.96006779186
18.5914703524
35.5815722645
48.1332307757
28.4300353042
17.0312779248
7.0568203926
3.73162947502
22.6120285951
11.3674362986
9.68961529433
43.8708625138
15.8875784576
37.4662462099
3.42590839975
4.18080237509
0.999919907189
4.61023074389
7.23829936982
0.0
10.9789419025
33.1360467934
29.3297946732
0.0
20.9677085392
18.042592627
23.7767894268
38.666544607
18.2801593468
40.9437246463
19.5293554701
8.45042037965
47.528739229
18.1532973647
12.5790048111
28.7272944823
11.0619088356
9.73568172007
33.0895133057
64.623748267
0.61967570521
18.550416207
26.9522736977
15.0593066197
7.21876180171
16.3677596441
6.19813701511
21.8972371314
7.75673733094
13.3743100762
50.4163855836
23.9672235875
4.43658797443
66.0956966244
5.69278979302
3.80728840829
25.0669879987
10.8899283861
26.5910735429
40.5813638047
11.1515306532
7.96566384473
31.0988293178
37.3467112687
11.3157761693
8.88096873276
16.1311298143
6.75027966499
28.258530342
10.2418212444
16.8751309533
7.77183339
3.46468862146
64.2544901614
18.60894683
25.5351894648
21.6674136668
36.089923896
10.706033634
4.70830585622
11.8810705673
20.7347399918
25.8313066363
14.6868598591
34.6717892736
25.4076933638
35.0271198079
17.2244621739
26.6145183295
31.576009255
2.1411933722
25.9838323742
3.28680620854
39.6355312764
29.528720892
96.2800257643
22.9296380729
32.2809413429
27.3450708418
22.6012385278
11.4599755509
5.24842373282
3.74990957743
0.523086871951
24.2703142762
19.4622436613
28.712015843
33.945689628
22.564134663
36.735785298
35.801586019
25.2294702307
17.881167233
4.55513455812
6.81326192803
11.8360151667
15.4686031938
1.14081943128
12.8185067475
43.4853011258
21.4706890304
17.3008369747
26.9554218984
9.07196118682
15.4266982963
10.8525374941
6.02965916741
8.19712489843
15.7991636563
21.3743875371
7.11198939197
28.0149079445
12.3062562067
20.4960041754
10.8805351742
38.3862455114
25.4831739384
70.3838606527
4.91961622238
22.0472714156
13.0799387991
71.7884735539
23.8926139148
54.0901692958
48.4047587513
34.7165019382
33.6224958972
7.76875828207
4.07614803314
2.88001452432
9.68437993526
25.3385947798
4.41815286408
35.3663940859
11.3939724583
18.4660352133
20.8073749635
24.5316304342
49.9024706484
17.850445535
28.4005596713
11.0407713354
15.8062971532
100.799995422
1.9210520871
63.3547429572
543.124020965
63.9116861746
20.2926802263
73.6588591039
17.8142193966
0.350337596611
45.9645120799
2.59366679191
2.53889798933
1.74207240343
24.9015409202
9.8812251091
38.2558438685
2.62350846828
33.2078058422
0.0
26.570537567
15.9578004777
9.08546317555
1.40989081655
0.0
70.6325262934
1.57189285755
14.1664692219
11.8875282705
24.7828321606
1.81085059047
10.2152093612
0
0
