0.0
0.0
0.0
12.0912263934
22.8809647858
41.0522652199
52.7672744198
7.31798088178
6.06784111262
69.9973039068
127.723490551
46.5581914075
15.0995139331
14.0668120086
7.8714287281
10.8984533474
32.5433803783
14.9919011146
45.5469962618
57.8125324063
32.8820488303
59.6153219921
6.39747118949
1.03278359212
2.06413414702
20.3498261338
0.143183134496
9.18905762582
27.4932020902
69.6505024046
52.4810899123
3.27658814191
23.3213528115
44.1623056735
21.927105356
96.8785698173
82.034026891
28.4250952006
19.6311085923
18.696698036
86.0903909671
77.9641956667
20.1795522775
32.8960776804
13.2554451451
30.0226383749
64.4888593106
37.2862621843
1.63266695291
5.48524904251
10.6077753771
22.6197441872
46.3779412174
47.5682752454
53.5024500782
18.3862087224
42.3906126022
40.296965232
44.9095088503
27.8834216258
30.7660468742
65.4715673794
6.83328370332
3.07617797424
38.6379481154
47.5640816688
48.3971165316
70.0885460023
17.8023403063
29.305338487
73.28682651
39.3327372763
146.889014815
2.01745460741
19.0189271048
42.0223228858
63.3223572895
18.2681833492
23.8106994554
45.9034331405
8.73175258934
109.193351883
51.2436419261
86.4184533096
122.456991685
19.7449944913
13.3425073028
25.0497155479
20.6760584358
36.4873776343
21.7993693426
24.6367630082
55.1336295941
28.890672558
62.1383840964
66.5873611718
94.2028876841
49.350367667
20.3015858783
31.0909966752
18.8281835206
35.0599426834
45.1151291338
100.65513216
14.5582007538
86.4443370401
86.8327687829
28.310538277
4.73144458608
2.09680974484
4.32938170339
2.79021266196
34.9400918484
106.034255806
39.7084536552
60.0586929862
19.8416844914
53.1219059314
48.5933077354
28.8515268406
4.185696546
11.1084393896
24.5956042918
9.09639979339
27.4236105792
13.9968093485
54.3239563332
87.4149945583
27.909966275
29.2623599098
42.4593182244
28.0497522578
20.5396058802
10.9266468552
13.4978225199
16.9466345385
21.0245105442
54.4131326638
18.1743620597
71.022705445
50.9432703461
40.7543119937
29.6807531902
85.5546935779
61.1924282592
45.2211370469
6.80939008668
29.41841349
47.8922470138
116.303600237
32.8829873018
76.4026732296
82.7504065075
40.6272777859
73.3009009994
27.8556512856
3.85482373042
3.39675593376
14.9821302644
69.4801883266
11.2214484774
56.6284285001
11.9128852151
38.9650848806
22.1163097322
45.0690638534
60.3432170748
86.0460935309
42.5289177708
16.4659902155
3.67966071144
2.66696718336
26.1268155276
56.679831611
37.9869739898
68.5752770081
41.362099506
81.6964975298
19.697263509
8.75340905786
34.6979924441
19.5498232842
9.33505797386
5.0630818829
35.0855168794
23.1900400557
69.2755689583
10.4363301024
58.1963567734
3.39548281207
26.9249832182
12.9806899801
1.9170615077
20.1291141836
11.3612780571
22.0366300419
3.60734780878
36.4626702732
38.6493524909
30.3695986903
5.93961091339
6.04419475793
5.38999999999
198.67
0.0
3.07000000001
0
0
0
0
0
0
0
0
0
0
