0
0
6.8838969469
13.6194698336
13.7499504089
38.6304854165
48.6348576005
8.23319522292
2.49886602535
35.5103082955
83.4162406325
43.8219764381
25.398677051
17.596470058
5.68880903722
7.96206012367
20.8519232869
8.04537103464
44.6998208575
80.1037119684
25.2146026344
61.8825233393
6.85113346764
2.50716716052
1.26066841185
23.4237388372
0.0
3.87940491737
15.0667269006
63.6032558978
25.5291906372
1.48136776686
31.3110757471
25.9244903438
32.2768093637
69.7727113925
37.36849764
35.6692419984
20.7280149981
14.2054826198
96.702328817
42.2306351736
14.9783053868
29.3079296239
18.711312714
23.5520441495
56.346489871
33.5035158432
0.261281372978
17.264170222
32.4116491951
14.2082975507
52.388983626
27.0825350359
58.5129270739
13.3127633706
25.2613589914
20.2155393753
63.0669630662
68.6302701943
38.978065297
58.224720005
8.05321271717
6.15979634597
37.8907706794
32.0139319618
33.1879340779
48.0723215417
18.7935204059
22.7681502784
37.3411500156
38.1629704171
93.4393305257
8.09101840853
15.3400186356
31.5844831913
40.4651382566
15.0567544615
15.5096891597
30.7974489926
5.7450561421
99.521099165
40.2432782539
60.9563663006
57.383033473
81.1310406346
23.0070814267
12.6370578501
16.8815259878
41.2748281918
26.4639501852
16.55811188
42.0629520715
35.0666512997
66.5810448826
37.3813124746
55.8181866444
36.0421458631
23.2080462864
21.9198350385
11.0520506613
35.7572774738
45.3994925959
96.3801454716
17.3131104223
55.541500356
71.6261762659
26.5996866581
71.2555013002
2.50894138589
1.18861444574
3.29267453402
31.0899416506
63.2477583288
34.4501924906
63.9129202478
29.3115546182
50.5863598678
54.5888309107
32.5195524367
11.750350493
11.2290063668
12.9819147438
12.1821854948
26.3954204599
15.950407818
40.9040400228
63.9266478466
31.5352392979
22.2366130427
55.3557511234
11.5564462692
63.1448147669
6.55276573123
16.365163154
16.4157448411
29.3529559783
34.5039025862
12.5561903603
53.1600071489
38.7736007609
49.9474435375
29.6891039014
72.8899177351
59.51037924
33.9844401413
7.7937296983
25.4285808554
37.1628739591
106.906025771
27.6179780234
77.8397530973
68.213334661
30.3573676498
68.0104219279
25.7924470493
10.4944463395
5.91782909633
29.3558497968
70.6247195006
5.81966721454
40.0306203067
11.7696861571
34.3107405017
16.9027416855
37.302574709
69.1367999465
52.3221241068
47.3122470974
33.936172843
0.75315901637
12.8544580713
8.22201550752
47.6829367205
72.632305339
87.4857465914
61.2667184472
78.2415105701
3.78201588617
1.74591296911
39.521865785
2.77917344124
2.99839577078
4.27763003112
32.136624366
20.4843306541
46.8345853687
6.81935663057
50.8671572506
1.76123902202
28.7751553058
2.67719185351
6.93849912286
11.1883755773
6.28388522566
23.9101308882
0.251566149295
33.1502015088
22.2350154631
21.5171135254
4.93012757599
16.2836832181
57.0
531.610000001
0.99
0.730000000001
0
0
0
0
0
0
0
0
0
0
