0
0
0.0
0.40275732358
1.08917479217
2.13132256223
2.05492136627
0.33294523193
0.529592894018
3.42856557574
6.41814712249
2.58449766971
0.48031541612
0.621763121337
0.469154693186
1.15168447047
1.55335017352
0.772974148858
1.6656987844
2.28802113899
1.65272934013
1.91930614045
0.285187732428
0.186999622034
0.267727968283
0.946009956067
0.0
0.418399533606
1.29729124904
3.30123237101
2.58953793021
0.164155349135
0.869723882293
1.83389119944
1.03813686874
4.60807306622
2.52881415561
0.623036928009
0.971290963702
0.883156709897
3.88650135952
3.2504549413
0.893718827283
1.63084963436
0.588585546531
1.87227438949
2.00249039498
1.19768125517
0.236051821732
0.175586150959
0.647148818709
1.08186657506
1.63638029341
1.68513947271
2.20799809112
0.891856923001
1.81301077083
1.06395349791
2.09455071855
1.43379018002
1.46190486348
1.02107161027
0.204210457392
0.298519492149
1.27069385583
1.96173017845
2.43390618404
2.85927389015
0.90191376349
2.18512657098
3.08549137507
1.93641188368
3.52328461315
0.306070247199
0.201932551106
1.77511580964
3.05389895767
0.676843070658
0.978296130663
2.60079234093
0.457441074308
4.47053963621
2.00454693567
3.24789426289
4.17057909805
4.74188331899
0.487552162725
0.8836101786
0.985738038551
1.43327975902
0.962578915991
0.972810614854
2.22546157427
1.17187302746
3.11401978508
3.70323362108
3.78817427054
1.64899451658
0.965048953891
2.01370933838
0.78637817828
1.7414182449
2.27311538765
3.79139767529
0.559998476412
3.36946767988
2.59517814894
1.29153075133
0.666275799274
0.0595961585641
0.34273956652
0.0589494835585
1.15315936692
5.13583893841
1.97928912088
2.43755022663
0.688829500577
2.26703600306
2.09639689815
1.0106502634
0.189554275945
0.490395189845
0.856569319847
0.665712094866
1.3808644833
0.707819748903
2.64879716909
3.36847294681
1.24347760715
1.39761433471
2.16201558127
1.77693875693
1.02592985006
0.472411805415
1.1056881221
0.872477561701
1.07975775131
2.42557327647
0.870585577795
2.97371604037
2.15504757967
1.76899154787
1.06696898118
3.18211050192
1.51369100576
1.74141160713
0.214474260807
1.08390564111
2.24863866251
4.92950524017
1.49130997015
3.47198969871
3.63361607119
2.23376123607
2.35927306628
1.4733223198
0.232284124009
0.0134604098275
0.71738653793
3.23097958067
0.364178552991
2.44728446333
0.502223707503
1.51563545817
0.767238856992
1.74542221124
2.78456537053
3.35639096634
1.93270672369
0.751182770357
0.942239914089
0.498178697191
0.972387549235
1.79878698336
0.855301375588
2.82507353835
1.75780867133
3.45982518396
1.2857762191
0.185633026063
1.3223271817
0.175434324658
0.517480269074
0.692605830729
1.95974819316
1.49914410384
3.62805699836
0.380052380962
2.26113355299
0.0382359679788
1.28243988752
0.377976745367
0.2308068946
1.13718484563
0.0132304729777
0.657301592175
0.348372456618
1.09839323186
2.12226745603
1.56620416325
0.258723606821
0.436066347174
0
0
