0.0
0.0
13.06495893
2.96427878738
8.52228919788
22.3838245561
56.9296625107
4.52270355262
7.01867191493
28.8105408847
64.6965827309
49.1738295593
42.7065482474
19.1920206696
4.7073328793
6.93655765056
34.4169788362
16.1322741257
12.4248802587
60.3350746706
29.8111571743
50.1402090043
3.13574012741
4.18903183937
1.54938006029
7.15232330561
6.72848017747
0.887262314558
11.1989568919
49.6904845666
30.7933589928
0.0
31.5529301762
22.3061603084
29.1806070842
68.6657486614
38.2848836957
39.099299915
16.2441964746
9.31041570379
65.1182136588
28.4322368837
14.4474268779
43.2294415618
23.5523591246
14.2690314464
49.2716115677
33.5931277507
0.52597134048
17.3578754375
33.3729312708
14.063633679
16.7881928142
20.7882467564
30.3655031026
22.0561889894
10.0128503814
13.4900161028
78.3549232296
24.608087819
15.4313801508
43.305866897
3.90886759757
7.41752502322
34.1225160732
24.173696369
13.6719456352
45.1852032578
14.450940337
8.85129237547
38.1567361056
36.9141180888
83.2644718253
1.39943736792
27.5058487925
15.8844028003
40.5485783314
18.8010793291
11.3877689252
17.341875013
0.413752578199
101.155892003
22.3693718724
30.8989796786
47.0637393062
109.698771109
13.1107396726
4.50054886378
17.420237951
22.117095083
29.5590600482
11.0287398733
43.3057057298
31.2044083738
53.624432981
25.3453850784
32.5365602359
43.019220991
7.23587179183
22.6870077252
6.68750989438
32.9205237888
35.087494187
89.3126355847
20.8565530856
56.6121757999
33.738625193
29.3642657083
21.8199673696
5.10352463275
7.54650143952
1.84713382367
21.5717829019
38.3619236647
21.3998389039
48.4291964863
18.4145663548
38.7594178654
65.8434501662
29.4452371282
18.2972422158
13.8359321798
8.7228657282
24.8455570586
22.0982399108
5.3843037486
25.3005783857
49.0131809525
18.7329983711
19.2002224792
43.628672015
9.38065142556
23.8758408241
5.76392511091
9.09504720847
17.0366590549
18.7830719598
23.8430390633
7.06271927431
37.9457197817
23.6771983132
37.4269914329
19.8709123023
49.5516190454
83.426392056
53.9724587621
5.60675230622
16.6664611548
18.2539228694
77.5364683997
31.2594307625
91.1276263745
61.6910131351
25.9711724258
43.9665665477
22.2362420093
5.13215182164
3.68272253544
17.0819143206
39.7179607522
9.33943207562
31.5069803568
10.5417059027
23.225115356
13.3332129121
31.9988191946
59.9795184005
34.011644695
40.8516069576
20.5361813866
10.1999995709
19.6980144382
9.95232743026
46.5750906096
49.391605273
72.8974374029
25.1747774184
138.012759268
12.858490169
2.39283192158
51.9134428651
3.00844824314
2.32610126585
5.3926188983
18.4111831449
8.32707327605
33.1641408204
5.4943178147
37.211443224
0.0
17.3070634548
0.0
11.9593888633
2.91516994591
3.2781657991
31.8229929506
3.73585510253
12.1813273542
16.2339852154
25.490673937
1.58299148083
7.57653046399
65.94
368.73
3.91000000001
3.64999999999
0
0
0
0
0
0
0
0
0
0
