0
0
0.0
13.6219478678
27.0931817292
54.2130020578
41.9419471649
7.38538945466
12.0904257595
87.8718771077
155.095659703
58.8705284669
15.7990066577
26.0507585407
9.51296836138
34.1278954447
52.5640099709
18.9074887186
33.9906618466
61.0486744008
38.187830681
51.1063582207
5.65528410672
3.56656511129
8.29906469957
20.893065691
7.08182112874
9.99426292442
37.0692711175
95.0538488254
69.5389579106
3.69960165024
11.2215276151
37.7970937193
30.175467493
82.6970923954
58.533176735
16.0137068778
24.4475537316
41.0573957856
88.1449109594
80.4171694145
20.0674594436
51.3657745603
16.9903448294
51.971586641
34.94097762
38.4252763241
3.93489751546
9.38068277669
16.8044451904
29.567366615
36.9784113542
47.2833083532
46.8216735065
33.3220285793
57.5855540448
29.3487792871
46.9687515144
32.3075236493
31.8649690999
14.6346789552
2.09575174749
7.10676759482
33.1046362034
46.4820262493
72.1805124319
73.8741235435
22.2592139393
68.5498985722
70.8652701694
47.1137473303
43.7538602258
2.09512893995
10.8231356554
33.9074864249
70.455068238
17.6752232644
21.3092544994
61.5804357379
12.9163184669
100.327475321
73.1826797873
92.9497896732
133.008966641
25.4997663797
25.9080723804
20.1432421356
25.3903589299
35.0293231505
23.208938498
23.7388745248
72.7688037437
25.6090415976
104.938802183
101.30579853
77.0642828755
37.8183015492
34.2997006466
56.4608564638
15.9035574272
40.7730391826
58.4518963709
96.5600250838
10.8065122627
90.8548360838
79.3649013341
23.9653787585
19.906303525
2.76382369548
141.658175434
1.64953731
29.2785752491
137.369948949
63.8272794766
60.4191174154
28.8669860666
67.0544784442
57.4452687631
27.4234293262
5.61824705544
10.239211332
25.7183947898
36.1184843453
30.0442924351
28.9628849477
68.1134370379
74.0164606423
32.9569164281
31.2076048682
57.5374306272
55.7573769094
22.3472958393
6.90430621058
49.6391273438
14.1231045798
28.3703050241
56.3712629321
25.974261864
65.3685969686
55.6144079995
41.2439589389
19.7629957795
110.832546763
42.1296109334
55.9598540069
4.72736746073
24.6843545911
53.3314375207
105.846698105
36.1570973954
87.8223838807
79.2116998219
78.7333491874
62.091806017
39.6912024132
6.08338519558
0.0
22.9484599703
68.2455667109
12.222718399
69.901508063
11.0921191676
33.7094127742
19.3243353534
46.9664413781
62.4340360613
61.6637116224
45.3855693341
23.2961282283
15.5783160925
2.90510335565
11.5392250456
60.1331489458
21.0156913893
69.247444477
40.2908688785
71.5512667894
16.9204668067
2.10003000498
3.11231446267
1.2183665419
9.36461734771
28.3281115294
38.7216061726
23.3460166245
84.418339625
15.0139089804
55.4513392524
1.64590356499
8.49228353239
6.68573758006
0.0
21.3420529095
4.02722354047
13.6791383028
13.4690085221
33.3064110876
60.1805948316
32.9300834388
3.08303621784
4.727048859
0
0
