0
0
0.500091820955
0.263925521867
0.44662289694
1.16582836566
2.38536896044
0.412362385658
0.226953095058
1.35737273563
3.3617197983
1.85189731885
1.5406216979
0.789318025112
0.237033709884
0.237918606028
1.06309309974
0.710112040164
1.29265942238
3.02700617071
1.23878620565
2.33321280533
0.208380066557
0.232380218804
0.0414774134988
0.843217078596
0.191537434934
0.0681325215846
0.350565779954
2.08153095376
1.2003604651
0.137949079275
1.39565622993
1.08377041155
1.27889916045
3.02234541811
1.38950370933
1.6088000834
0.751554403454
0.384427422192
3.36101286369
1.14987847744
0.673928270116
1.43312907452
0.994727341691
0.876944651012
1.88420735195
1.33650029259
0.0227840769803
0.384919685195
1.4015090054
0.674883525644
1.52264453471
1.01146428788
1.64549368061
0.717776123318
0.70158379944
0.704793129116
4.15192791051
2.99376187834
0.759727940429
1.66871695546
0.596773202822
0.350057631265
1.22375579644
1.1691929223
1.19865009328
1.79134087218
0.82961345464
0.640370699577
0.903125148267
1.29032796295
2.88818615745
0.251186490641
0.771620001527
1.10744996928
1.74429562688
0.718530599959
0.766205428517
0.903653580695
0.158524612198
4.18340549828
1.14102805266
1.73048876505
2.616413082
4.28375167074
0.387528241845
0.316862641368
0.881763352081
1.60879764613
1.2173971585
0.662482456304
1.74965032004
0.935091260821
2.73208294064
1.56738688797
2.07247599831
1.22455946018
0.464815196814
0.869137555361
0.326494667213
1.56276255613
1.8290467253
4.29423243226
0.630274206516
2.32089797524
2.29886616929
1.27409829851
2.67019198334
0.13193578925
0.225427618599
0.146702027414
1.35630585998
2.45603333414
1.20470943896
2.40957039082
0.95986469835
2.03196386935
2.38763542101
1.13969225297
1.43103115074
0.195158381714
0.92240542121
0.943603285064
0.664437069674
0.215537560172
1.31678300258
2.15097145713
1.03060728358
0.759451025864
2.43430958735
0.494569230359
1.27024508594
0.46825939673
0.826084333938
0.714140374213
1.24956933444
1.22709507716
0.489952351898
1.9444851731
1.44431059109
1.61204441776
1.10909175873
3.01561378292
2.00383244455
2.04241803102
0.278695881367
0.705842144729
0.941847335547
3.71143795596
1.35944793187
3.64639852382
2.90352275921
1.43709373381
2.44331453694
1.3023486099
0.253136447165
0.211281679221
0.774714767933
2.53199525923
0.362307878677
1.4281660202
0.383261253592
1.09190058382
0.684282879345
1.4100710908
2.28163879295
2.01821805956
1.99699957017
1.24845995894
0.0
0.821784541011
0.190341316164
1.66861516424
2.87855888531
3.32934898615
3.33407384157
2.24544880539
0.607305402867
0.123912066221
2.16415020684
0.458209953271
0.0269731022418
0.376849352382
1.09938942175
0.391432876
2.09198986087
0.2184277419
1.79203451984
0.0255331359804
0.589175770059
0.0
0.311183745041
0.247553612106
0.157509025186
0.352242354304
0.0
1.16298269539
0.615794839803
1.12304558326
0.158699512482
0.618860308081
0
0
