0
0
0.221776098013
0.496127224178
0.623250006698
1.72698747087
1.92384713236
0.327437873464
0.102703365032
1.48475835286
3.77794677764
1.78922821954
0.625631071627
0.741598235909
0.196812771261
0.263186912984
1.02311680093
0.212745511439
1.93564448191
3.39446425741
1.2181323808
2.72787399241
0.255499221385
0.0827469080687
0.290506720776
1.10102805495
0.00569393206388
0.271668555215
0.861499300227
2.56190103386
1.05611465639
0.107141144574
1.16685590148
1.33358503785
1.29253780795
3.11446237797
1.36842011451
1.06384515949
1.01097508054
0.495017535752
3.98694006458
2.58396533551
0.603540863143
1.27900601417
0.773113405798
1.04074730095
2.68728346704
1.7762955348
0.0102989035659
1.38438341394
0.979713354958
0.5269095283
2.04367674841
1.5924640153
2.36271149851
0.562161122973
1.14946626127
0.910393343656
2.54874986084
1.85221217154
1.45818568324
1.89510328695
0.226917419059
0.253318406641
1.37782477197
1.43580060219
1.68628042017
2.13829823956
0.850006338209
1.36584312958
1.9742319677
1.5362038411
5.89469613414
0.543980843388
0.401548664318
1.43813761359
2.1169355741
0.682955931872
0.656366441399
1.33346757106
0.299227269366
4.00947913062
2.09279832011
2.81547098747
2.21739708632
4.32104750909
0.601933117956
0.725852360949
0.811938259751
1.71070939754
0.929903365788
0.728201725986
1.86893055495
1.49517409038
2.80031533726
1.79010556312
2.98539277306
2.07310542092
1.33083818271
0.940095638856
0.639375318366
1.35685000196
2.18748457718
4.21391457692
0.707502893638
2.79569804575
3.09738533176
0.981240840978
0.491833771113
0.112903065048
0.0573817221448
0.11029338243
1.24729559035
3.06307085417
1.46855808992
2.8408339899
1.44538896019
2.18244055077
2.39442739054
1.25902850577
0.154449331108
0.451913124765
0.504936282057
0.290197055554
1.21106807783
0.592983278446
1.42349856999
2.93129409186
1.21214017877
1.20195089653
2.29620317509
0.728396647144
0.992242267821
0.439614781993
0.643683236325
0.630250507966
1.04822970997
1.66631652112
0.503121375106
2.201780873
1.78266612574
1.4607054689
1.19626830518
3.34530329192
1.97291056532
1.40190515824
0.522678379202
0.896345710382
1.60173100606
4.52398901805
1.17306919233
3.02041057823
3.10058357427
0.924733694643
3.44330431335
1.41929484205
0.405608325324
0.14074194571
0.883944404311
2.89555977867
0.271253079292
1.89944864623
0.534451968211
1.46598701505
0.745841637254
1.80651480146
3.10998174734
2.59660735726
1.95476187021
1.54420737177
0.0
0.0792559599504
0.345612565055
2.74182152725
2.95720899664
3.88347746595
1.83837871486
2.90840023756
0.354439800605
0.0
1.41733041033
0.168028204702
0.152317607775
0.0904011391103
1.51707625948
1.00312701729
1.641373583
0.327437111584
2.22171000671
0.149175919592
1.34175550751
0.105219572783
0.403732884675
1.5496622175
0.0691634536488
1.23288098071
0.11068594642
1.71668881667
1.00198715646
0.889823577367
0.21615390759
0.777565197553
0
0
