0.0
0.0
0.0
9.87748384661
25.0247491301
48.2793877226
64.1792176058
4.77111664229
8.4991954565
66.3231582977
137.629114777
60.5376465506
9.48740310967
23.5607617646
8.34404611586
18.131043613
31.4501584063
17.639171496
41.374824305
59.3078698889
37.2845907266
48.5905232393
7.89170068502
4.32918670402
4.2208432518
28.091088355
0.103091664612
11.2154382393
30.3953091502
73.4890169798
60.662867166
1.84336246177
22.3224820308
47.4872613754
31.5736816675
107.226716922
62.3858729304
20.9117621183
23.8446283489
14.9593556905
96.4212810919
81.5857793167
21.0040758904
34.7645506867
15.0333143771
39.1913879626
65.5794425542
31.2260612882
3.5627244059
7.28335641324
15.4037097562
23.9754969086
41.4292270531
51.1430917481
55.736180825
18.7510157917
44.8040652797
37.1067361906
55.4458277822
16.407971777
23.8874646127
43.2058133035
5.3796596825
2.67495625745
35.2066257466
45.6775409282
51.1958886562
72.1029049241
16.4651294947
36.3973550386
72.6158316024
41.3981901706
95.5797219816
0.473791424184
12.9308503792
38.8812273871
69.5850337855
17.334599901
25.9680521786
50.4996517673
12.6811130606
108.184573162
48.6156480218
77.799066469
105.47230607
109.138592673
15.8568911813
24.6739762346
25.2149057575
38.2631781902
24.184029959
22.6659959815
48.5415034109
32.1253671348
56.062403731
71.7703554331
93.1580708558
35.9989266833
25.5388157455
41.2557474374
19.1274361108
35.699309472
50.4954495924
94.1545771853
15.0932827382
82.8825696576
73.0638751164
32.5492701643
14.0338969901
1.80433648825
5.17984692101
1.33248041477
27.3679963834
109.345875978
44.8806349738
60.3184682681
15.4310037503
48.0682237409
46.7910222653
28.2962772288
4.57974024118
11.7494946867
26.3370392249
12.3139249384
30.4246649443
14.0678958781
55.8389218637
91.6159178093
28.6498963181
28.7963148058
37.0415359922
35.5901041478
25.4613827225
11.5927554849
15.583222297
18.6944836378
27.7423791974
58.3676348626
19.9440609589
71.4157179874
54.0974010538
42.0074689238
30.0816818028
87.495432414
41.7741373313
49.376130191
5.73827880622
23.6903524948
50.0273313895
124.154589658
37.8153169882
75.1768140905
84.3669755234
48.7599207312
64.4009787497
34.4278307856
3.3678775644
0.0
12.7933513429
61.9126660769
11.0355994441
53.6459518634
12.1199714821
40.7317681025
16.385622751
43.8278131709
59.827286683
91.4559287076
46.1582276021
9.3635327965
5.74033749103
5.53524914011
22.4178199768
51.8104156236
28.7980188578
77.2894283076
45.4369938523
80.0095427892
42.1383086834
1.92444705963
