0.0
0.0
6.75446355343
9.57098245526
12.34278097
25.7367659938
48.9152857102
13.9209556952
3.17808351852
36.2393433451
82.9156510457
41.768244043
25.6596016399
19.6209414303
1.60203713179
8.75213974714
18.229635492
8.94045124949
39.5843791589
74.8556542788
27.37243554
51.0817444994
8.65026073716
4.11611375213
1.2583505474
24.3285600542
2.74854696658
4.11476911606
8.43168255686
62.0154848657
26.7293828911
0.845413506031
30.594498396
24.5664722174
31.7154965066
59.0337991342
20.9647604227
32.9138199761
19.2208243869
12.6448538248
87.3453031015
33.4378175796
13.5972434543
30.958670497
21.2583422083
26.1588246523
52.5373281967
26.2506926916
0.213396538049
16.2410089695
31.8876789206
15.7037675672
44.9214763865
26.04640467
57.7240645951
14.8296189937
23.3362918943
20.6843990386
77.4363676553
56.2661995702
24.3789867322
35.8962113794
7.78621789255
7.29844533653
31.8860081378
31.0187959224
32.5030626487
43.3039160594
18.6306534112
21.2591478126
28.3832721523
29.8939689583
70.4585502763
7.72875371575
9.48802796938
26.5338514745
41.3711067886
16.7583711706
20.2304017469
26.7631554679
4.31562087312
104.435961753
35.8926938921
56.23478508
51.5739008971
66.3659076187
15.0348990429
12.0257465243
15.8784878058
38.1643509864
29.267482968
16.8374107405
38.8526551164
23.100083828
63.7369251252
40.0112328082
49.9262053817
49.0431449263
22.3676511571
21.6833549738
9.70436024666
32.9121503652
45.4650310726
98.0121726672
17.4250993137
56.5293994882
72.9775758238
30.2616779138
88.2284438052
2.82671540604
1.75836732332
3.37450044974
35.4356177599
59.2869129406
38.5051727899
60.3246408216
25.8695791774
49.1089276337
50.6605932043
33.496638053
6.78566890956
6.6227350915
11.3264259696
20.5273979986
18.2481806762
8.54837021604
37.0043704994
59.0228207018
34.3991732878
19.7117603067
61.4022789002
10.1864647865
34.209887892
8.2988205431
19.1512150504
17.2249370813
31.3829463338
29.5016292706
12.3239721414
57.437471509
32.7343708781
47.4958406054
27.6401787401
63.6166541801
61.3470419683
39.3800556958
5.77974522113
19.4225060851
25.4298245386
91.9072453903
29.7164513803
84.1427678616
78.0282019022
37.464416759
63.7402532995
25.9117113082
8.05586353318
1.84119646624
20.388650394
62.1644480057
5.3786679078
38.6215119912
12.3832981288
30.0000665774
16.4706380144
38.4125068634
64.658191301
49.4664539527
47.1222585439
30.9527319074
0.895547837018
17.9063757621
3.77265519463
43.5957328846
75.929900989
93.7242981614
93.203798633
59.9127858281
7.6405736357
0.0
45.2098869682
1.23223348428
1.18237835169
7.40546000004
32.9273122474
18.3403973132
49.8019868062
5.90196322649
47.8039767722
1.14946684241
16.4174269494
0.0
11.080437094
7.4648161009
2.93292760848
13.9637631252
1.6865767166
28.8404446094
23.1171225943
23.2197915316
4.49978072942
15.6865924448
69.3
494.089999999
1.98
0.93
0
0
0
0
0
0
0
0
0
0
