0
0
0.0
0.534417521209
1.09431813657
2.48262621881
1.61233782873
0.350557984959
0.412845820189
4.23980865348
6.04850843176
2.03103242442
0.964618603
1.36157047562
0.410437144339
1.29084927589
2.34317621269
0.853522792459
1.39521341422
2.58455758088
1.42116102343
2.29903701413
0.247298263013
0.145019368269
0.421110631432
0.678267136216
0.304663235322
0.439478425949
1.62759258598
4.16362500191
3.28209134215
0.223163306713
0.397335568909
1.94809855008
1.41884395434
3.21443649568
2.49559340673
0.79099158477
1.22534055053
1.7624839975
3.96419186448
3.68918177206
0.981462609023
2.4197530346
0.85621198325
2.37133360072
0.900985241169
1.62186130509
0.102121524687
0.424801316229
0.7513610936
1.28999950993
1.57848610968
2.21694726986
1.99684983492
1.88399793103
2.42430644436
1.28782841493
2.05330990674
1.09423296386
1.08545071841
0.459798464552
0.0456272607553
0.323365610093
1.57633404108
2.10761464993
3.02985025337
3.47645047493
0.875590044074
2.84656381886
2.77749028895
1.87615686469
3.53101390786
0.187578534533
0.673718987498
1.57227257406
2.83746398432
0.725745694304
0.89681786322
2.85245600343
0.560690167826
3.897160789
3.41750496428
3.56104850024
3.85984860809
3.630780912
0.934760336182
0.790317228704
1.15361092967
1.49483909289
1.02446402574
1.0592230265
2.95983047783
1.29782432818
4.09296643361
4.6303595053
2.95360622858
1.35903128213
1.7085063064
2.44127339078
0.620527877647
1.7366771521
2.58600082691
4.05937448249
0.481238677457
3.56402869127
3.1995220976
1.06360909634
0.845208665298
0.105692713987
5.19736702554
0.0815217457712
1.48327887384
5.32531781745
2.62314583088
2.71511685615
1.53836692934
3.02436953597
2.92936250009
1.10693624802
0.267043909407
0.546453188756
1.0936838949
1.58774630504
1.10865747323
1.35805910453
2.92532462999
2.52029322623
1.34656192665
1.28954858589
2.98950261506
2.25942168757
1.10872954188
0.273842452822
2.14973800536
0.594404456206
1.28103598021
2.24749885872
1.03450894007
2.85935437982
2.3069392778
1.97870064294
0.874794945121
3.39804063644
1.75367817469
2.07228800841
0.115417646244
1.00648648216
2.56162410136
4.40639454033
1.68290761451
3.51225592114
3.17344656057
3.29254352162
2.8769329628
1.24978192116
0.233540358255
0.208485975862
1.43455706007
2.86144878902
0.521310927754
2.90144873131
0.618488139589
1.27257232403
0.944860594813
1.81396308495
2.6257665595
2.17803245643
1.93167852703
1.05111612577
0.299887124449
0.10132583126
0.387734909542
1.9249316426
0.903987294005
2.49300081696
1.83097159024
2.22196016647
0.904712216929
0.323081344366
1.15368688107
0.0260933531681
0.141282649711
1.4994573337
1.48093628231
1.37499138713
3.70903568948
0.332234692993
2.58358189836
0.147754563484
0.842401698232
0.182280434296
0.0724838003516
3.94535609707
0.323229041533
1.04557457194
0.839248489821
1.3096483238
1.85383217642
1.44902429963
0.395627112594
0.298642668407
0
0
