0.0
0.0
9.02336794138
2.8414043868
9.48418626934
18.8154118583
54.6680733674
5.17293173074
9.35062863305
26.9441786148
56.9262505174
39.7951944396
33.8131349086
15.8228717297
8.29656314849
5.1405160795
33.002488038
16.4554090267
12.7211174704
53.4066210353
29.0383400638
39.1284470837
1.79637968168
3.81948959827
1.2395593822
4.14844062924
7.4305279255
0.794335663318
11.5288725905
46.3351623751
28.3143558792
0.0
31.9102850129
18.0889079645
27.2218336723
60.3104892019
23.1944378782
41.7461724132
17.5218341723
12.6206924692
56.4355977382
24.8798141554
13.9765838105
35.0317071312
18.8281202428
13.1429268122
44.8465743586
23.5519409487
0.185650629457
17.1654915735
29.4837944345
14.2449582964
11.8831199706
22.2455922291
27.7655668817
22.9777760357
8.75269937887
10.6663574986
55.5451911986
33.9232925064
5.88573281095
39.7945117838
3.23000905663
5.50086790322
27.1218008772
23.5326956883
15.6451380607
52.6879962422
15.1797103174
10.1685088277
31.4875113442
28.8111357372
80.235718578
0.807991423644
25.4245424532
11.8515803218
35.8094477189
12.9022958614
13.6426397357
11.7908822894
2.35126325861
87.1159931124
25.9646898509
34.2256152593
34.3300822824
196.954545566
12.5128598213
4.79736468941
15.0375666507
21.6759039983
33.0342671201
12.9465755727
40.8615956995
31.3667773716
45.7077971174
18.9679768011
33.109167695
36.8367507756
3.06527665258
17.7307838649
6.16300745309
31.705227077
25.6357163395
90.2034960269
17.6132455571
50.1574160736
31.0707886457
26.8455365393
23.9330417421
6.40002027154
5.7719463834
2.21050022962
20.4790986478
27.6345500909
17.4012038363
41.5802138791
18.9036709964
39.97955307
52.9552359413
27.2020048051
19.3664280027
12.7319280943
11.6289317887
19.315133207
19.6839036774
4.65749323368
25.189242035
46.0838494152
14.6768126674
17.2751384452
27.8904203753
6.62553291768
20.6930705812
5.69487127104
9.03040210997
10.5437612012
16.4246330448
26.7058362365
9.22426876613
35.5444850014
17.9931848422
29.7701980322
17.8984197378
53.5863790289
46.7196733766
76.3959130164
6.39791134001
21.9555024393
14.1248184443
75.5577648365
30.6594157274
79.5913786702
55.9805703442
35.9359702728
45.1458689422
14.4530724306
4.31232281774
4.67585022746
6.34645874798
30.7050124524
7.8405956179
34.4532819317
10.5019358285
19.1313240845
17.9330477715
26.3639552928
49.4172043428
30.3667558282
37.2850361076
19.4472181946
11.6910939217
25.6795709431
11.5985569954
16.6438253867
55.8580728583
72.5192701054
30.681737557
67.2548888326
12.5973953605
0.0
