0
0
0.0
0.532687679864
0.969374217093
1.52866073838
1.97308053495
0.333394303452
0.149738043547
2.37450334243
4.75919656828
1.82937487029
0.793071903056
0.80527343601
0.192428953946
0.353701196145
1.21047600056
0.488352366723
2.27105749026
2.25843947846
1.33485832461
2.748177103
0.55661682412
0.0134079800919
0.319904490374
1.03730800003
0.0
0.386035261676
1.30253739096
2.91643248888
1.90629523154
0.123428121209
0.834811031586
1.53098550299
1.07776505547
2.78206532076
2.92010082304
1.41656440124
0.780459993985
0.784073176561
3.99691684754
3.17272744002
1.10916264053
1.15286840277
0.516867141472
1.12973009609
2.37272502342
1.50284142606
0.0347071548458
0.317964035552
0.693732918473
0.845016414998
2.19277900178
1.9701624841
2.27775542904
0.62478440837
1.71700522397
1.49976291927
2.21434370056
1.33870655764
1.32226840267
2.93760856905
0.348359121941
0.264027761295
1.23090239044
1.89297827613
1.91147182533
2.71534554986
0.716877862811
1.1810529608
3.08991386509
1.49454593821
7.66945581138
0.0406761467457
1.19658218883
1.82517768396
2.74998802785
0.667726077838
1.03111465462
1.84513190389
0.354586818255
4.42075595073
2.60763604566
3.39551407192
4.8341046304
2.51682032691
0.825615618378
0.917439642362
0.864303376991
1.62532547116
0.727654446848
0.914586322382
2.29198676214
1.08174506482
2.85969243944
2.30469685048
4.42709234706
1.52049543767
0.826538762019
1.24333502539
0.727317923622
1.40806877345
2.00002645707
4.20602877345
0.68156026036
3.07570436783
3.3390267333
0.895420757122
0.309384368826
0.024411985185
0.465257871896
0.146114355535
1.21005511703
3.78162836097
1.62786954013
2.48129515536
0.795545838773
2.1521471364
2.75510968687
1.18251225678
0.109269756475
0.529514834983
0.601384537993
0.431785689434
1.21968481771
0.713829029351
1.87540176208
3.52443256276
1.24621597864
1.17942109052
1.54022039194
0.882190063596
0.628022917314
0.312077447947
0.858297803032
0.704273928888
0.75470152346
2.21207951847
0.663088178961
2.96197159527
2.1732958206
1.66073479177
1.21507532848
3.39837807277
2.31704122375
1.69243961759
0.315088929026
1.29517039564
2.16125399247
5.17334043444
1.12248481449
3.19545232761
3.4371970424
1.63518926752
3.51602978259
1.08621386113
0.132424183656
0.00452449126169
0.86708967248
2.94678236125
0.38846100634
2.14588391827
0.426735460176
1.68130219029
0.781714735902
1.95755939372
2.89585186541
3.12441252917
1.70151065197
0.5858390145
0.177142152563
0.0493492307141
0.990319821984
2.10605037094
1.78432095051
2.65737944504
1.80310851894
3.22145292349
1.01657724008
0.114380374551
1.67335994542
2.96334014833
0.231255583465
0.217489311472
1.49800613895
1.17509762023
2.5781167394
0.34629563801
2.69088884909
0.0697009849828
1.2037330335
0.667329983786
0.113270040601
0.820873336401
0.477928363718
0.907612125389
0.163569913246
1.54773216718
1.67483710311
0.785990149947
0.0904216598719
0.266634040978
0
0
