0
0
0.0
0.617820555693
0.679127679672
1.34103717725
1.7518496532
0.362930450588
0.0647496189922
1.67277279869
4.12583340984
1.87430941127
0.755510769784
0.653628079221
0.139952018857
0.208712935448
1.10375279211
0.233208755963
2.34219080373
3.30791230639
1.34804224456
2.77923072001
0.269972179085
0.0267306789756
0.320838261396
0.956802025437
0.00350976316258
0.335121482611
1.20334147476
3.15835496504
1.2674607092
0.101188860834
1.10383079201
1.3094914332
0.908178834245
2.41963794688
1.40160433017
0.926439268515
0.910449983552
0.553914781194
3.93413239566
2.64527854888
0.72691745474
1.26939405827
0.807877754327
1.07434649603
2.5302157253
1.3932725871
0.00848441827111
1.34497310221
1.03021841845
0.64412189438
2.52407362405
1.65166060219
2.45831248158
0.567430915777
1.35871876823
0.965371686732
2.34407047322
1.45419548103
1.56057706755
2.14909672108
0.731165817007
0.344175714999
1.32818226743
1.38660877361
1.70918433089
2.34335189313
0.730529015884
1.07285987341
2.04758917913
1.53378181951
8.55679585179
0.611089144833
0.638761755545
1.72641202947
2.1298398003
0.620349946024
0.829511464108
1.60202463437
0.42358072754
4.2076619498
2.5869657658
3.34396698652
2.95410395227
2.98779065069
0.718923872337
0.904653148027
0.711254410213
1.77203530876
0.821830259636
0.850296596764
1.98457993683
1.60517385881
2.56613596901
1.5657352116
3.59394920897
2.02282796381
1.06504024559
1.04904204793
0.707485120511
1.08305993048
2.17215150723
4.53321127221
0.888515597268
3.02770309709
3.69283487799
1.12009953836
0.39239530894
0.194324526936
0.141080109403
0.146486819605
1.11115195905
3.32229857333
1.48143876158
2.72410711856
1.42423431505
2.72335652332
2.21199456486
1.31580903428
0.163128271699
0.381228219019
0.517759039707
0.319220001227
1.26658251084
0.781634151936
1.52370180096
3.30945335224
1.37216348574
1.25029341737
2.31099018827
0.796445814427
1.41082876525
0.395399015746
1.1534768882
0.669400312006
1.04585550993
1.91298203659
0.461528690474
2.47541753855
1.78030087554
1.73958489625
1.22451522201
2.70662600407
1.71340463514
1.64403530268
0.475320205092
0.884038191114
2.01362816384
4.81725227181
1.1570062642
2.81973873265
3.14979849418
1.11555634625
3.51382911392
1.35864317883
0.489244710479
0.0871467562392
0.689180513204
3.06212455034
0.257851724513
2.00726094283
0.412781241524
1.83516634931
0.646472827066
1.8168026912
3.24073424935
2.46379407099
1.87145541981
1.33049065992
0.0054492126219
0.0672790780663
0.291776167927
2.43510785897
2.31133404002
2.82421489828
2.12614348182
2.25327791274
0.575308028609
0.085458278656
1.08239534497
1.52197286487
0.0961071671918
0.0897809965536
1.40946891904
0.842495042831
1.50683006586
0.396364908374
2.50530370697
0.0639287149534
1.65209434181
0.313150789589
0.308105815202
1.71241167886
0.205985483888
1.24267589208
0.195341160521
2.04050927446
1.07281509135
0.632714199834
0.238770622294
0.618938123807
0
0
