0
0
0.322935253382
0.144863357418
0.393116927706
1.54997711827
2.11657591816
0.197741024196
0.376444566296
0.973064586404
1.94669516571
2.01494902419
1.19154948741
0.704163450748
0.406736791134
0.219362307107
1.31326505542
0.540261165821
0.582328611985
1.99913896993
0.880250904709
1.91601528646
0.0676327478141
0.187220714986
0.0536896963604
0.174138531089
0.330846063793
0.0301370844245
0.457887597382
1.86750511429
1.26072753349
0.0
1.27065542224
0.82471811655
1.17976547778
2.01584889204
1.22557990439
2.04145098093
0.561816474423
0.359576706775
2.25412342325
0.813329958357
0.557433148264
1.60315236403
0.480933042476
0.472595399478
1.80928473873
1.5329469142
0.0197627444286
0.686900535598
1.36131636694
0.604420246556
0.452350105159
0.809726855718
0.571951163933
0.837767885532
0.321360246511
0.476143919863
2.05775188655
1.77391791251
0.0742568470305
1.77816730528
0.333248496056
0.237857285887
1.19295407843
0.729759028181
0.690206672531
1.94440265652
0.501409880817
0.42117243004
0.990822451655
1.51380659221
3.27209838899
0.182120570738
0.572563003574
0.252090096474
1.12823686516
0.463035887573
0.697350404225
0.448054332286
0.147898171097
3.17560065421
0.955184219405
1.22206654027
1.11177382059
3.56582397735
0.369515359052
0.14930376038
0.487565130461
0.749530899804
1.3385467031
0.651829788461
1.53114983253
0.992558563128
1.56852928549
0.957363788038
1.28394025378
1.37087331479
0.0981780127622
0.734415354207
0.18446662894
1.49951673427
0.981404996593
4.00864057755
0.743147143163
1.75573165948
0.92426797963
0.997465345543
0.477295034681
0.20298467949
0.17819767067
0.0557010611519
0.797558207996
0.83883228898
0.702072785527
1.56502797734
0.949262070702
1.72258182196
1.81215726933
1.1221323947
0.739300983027
0.0889703212306
0.310393057065
0.801867021713
0.6081691375
0.0507753160782
0.87185737351
1.87656956306
0.870537000243
0.782045264728
1.07584092137
0.468787318561
0.820853039972
0.338642822811
0.333897045231
0.364382505417
0.727511853416
0.889870075509
0.354303491535
1.39771456405
0.625576921739
1.08445880748
0.684882459231
2.2472736761
1.50037081586
3.18435337534
0.264709590003
1.01339054853
0.481011089869
3.04835375829
1.10507658916
2.45855398616
2.01168497995
1.51539931865
1.58115299046
0.399938157643
0.151350228116
0.175291887135
0.24633137288
0.938480001292
0.288544516079
1.65931052039
0.42610909231
0.82144051278
0.764453195501
0.979621189646
2.09346419945
0.958495093277
1.27963189362
0.849050231278
0.513036508113
2.51999998093
0.398075855803
2.03040848614
25.3721089745
2.78580297058
1.12332071457
2.81401257217
0.290154907387
0.0
1.89912705729
0.00254487083293
0.215103282593
0.0766481608152
0.827641166747
0.326494050212
1.29629780492
0.118382639252
1.76015062793
0.0
1.00098491926
0.539785996079
0.464849987533
0.0476073791506
0.0
1.82273907959
0.0804542452097
0.530187219381
0.445582344779
1.29290034622
0.0
0.376295819879
0
0
