0.0
0.0
0.0
9.62903814017
24.2668136359
45.1694434639
43.8107730578
8.0611744104
13.3619195223
89.7832631059
152.1319208
74.7860991283
20.7497900203
19.8982137591
11.1975429654
36.0527322293
44.5554065611
20.5471547395
36.1160882302
60.9842814468
38.2514119874
52.6429146062
6.0874593258
1.35473654978
6.93668100425
20.4507904434
6.98768019677
10.4763518125
34.8777854741
98.7742643282
66.8809890245
3.97378371655
10.6974019725
40.6693869979
27.7607220019
80.9721109159
50.0828609839
24.2047949062
26.3603316425
27.2176960954
86.1510972838
80.1949765272
21.1587453727
48.4190409528
14.609465105
47.3417608291
37.1329847294
31.0832921275
7.02841708296
7.87289816933
14.3430639077
28.7200717082
34.359472487
44.3633407961
46.2791752853
29.5468910112
47.5921078642
24.4295450839
41.5100423098
24.0660346337
26.8246429037
17.3284169175
4.30939590185
7.8576604128
27.9721923564
46.2211795003
69.5324319732
69.4083826618
20.6733284891
43.0596414506
67.6528702675
42.2331051026
35.302559305
5.70553045346
3.93064107746
37.7034482472
70.5538368636
16.6605378147
24.4637010377
64.3921049237
8.83531737886
94.2327109874
59.0572322978
94.0928608776
129.019911535
70.0988760665
30.3836428822
19.7354404405
25.3692781042
33.4803704918
21.3910811171
22.4714336581
62.8293894679
32.8950222283
97.1336950958
102.187910657
85.1017201104
42.473189095
38.4131620015
56.1739134864
18.5829685377
43.5201838212
58.6114788218
89.4841825738
12.959474911
73.5602695606
80.2321466803
29.2597330212
12.2021159772
1.48437220976
20.1097531677
1.96739429981
27.7682874576
126.194427578
59.3454538649
60.3222069014
29.2376704579
70.8043179139
52.4678691588
33.6829232023
3.17088662088
11.0433492288
24.8206727988
23.9919095384
28.7226783782
25.2646099656
67.4187422489
79.8848829566
32.5669056494
27.8168981038
62.9240268991
37.8090235591
25.5492768511
6.98709110544
32.2429839377
19.3663969561
27.618780919
57.4309733938
19.5830773171
65.3870747304
50.0908510778
33.6337120178
22.4772613049
104.5195552
41.0348183959
50.5083094154
3.6939471066
29.4405890107
55.3009905516
111.233189103
37.2294835942
85.7724632844
78.3198670582
78.5992058292
58.2991193758
37.359677095
6.38077978603
0.210901737213
15.2638387308
77.3742007613
10.2956032679
72.1898733974
11.0861867834
36.5771019739
21.3669686224
43.919887662
53.8078102469
73.1026513874
48.3629150837
18.5271890312
49.9965336173
4.51348713041
20.6514181271
52.178407453
20.1955735981
59.7512617483
38.6191700846
56.3713036178
12.4796794485
1.40968183056
13.3438880146
2.77188729029
6.6364016533
18.5616286397
39.7389490754
16.0451303869
83.831520427
5.69331996516
56.7277410329
0.817976653577
10.3764874041
6.71446184813
0.791750192642
27.928985639
3.37122899294
20.6335152537
12.1231631488
24.2306575589
58.5388532225
39.1861079222
6.05233173072
8.56571895629
3.04999999999
115.87
0.36
0.349999999999
0
0
0
0
0
0
0
0
0
0
