0.0
0.0
0.0
15.6040827669
18.6021591425
35.501684418
44.7228630334
7.39375059307
3.94967931322
48.6281321906
99.0541976095
47.5210807286
10.8257695287
16.2118816674
4.82543367146
8.35113202034
30.7539325961
8.80568137764
58.7932886983
64.7849079799
31.5892962924
70.4299234646
7.72080087662
0.300361186265
6.75142268278
24.8902374209
0.0802781805396
7.76526255905
29.7378123701
68.1173448713
36.8574133013
2.42853266002
21.1532263085
30.7207914144
10.1584296227
60.3202855567
33.7731395959
13.383874543
19.7523029298
22.3074526638
99.3153811656
70.364117436
24.4034238718
28.501164847
19.0136984009
26.5579247364
60.7178893313
28.9337743298
0.134422676638
8.8491780907
20.4138963092
13.6971200276
60.509799126
37.6184661286
52.1111839918
14.3369364515
37.9100155848
24.6047675741
81.8766433596
35.4464622773
28.7784707398
68.3657834614
14.3419361129
7.32512575015
32.2579751714
40.9058754108
42.772367958
60.0552314892
17.2763744295
38.0153845819
56.9135415852
34.0264102668
200.732324827
0.915679246188
33.0861818119
43.3652884214
61.0620792518
16.0786190531
21.3214680254
37.46685078
8.78479197622
114.156645365
59.4521209673
86.0236988515
113.389518918
94.0643648654
17.6139560267
23.5948447678
18.9363098145
42.1039468577
13.5100280419
23.9214786664
53.9949359503
30.7219090517
66.6110317111
49.0039890557
96.5970402806
34.2044294318
23.325205531
28.6891230941
18.8817991172
27.9743511617
50.3172320458
109.201933391
18.7357502868
86.0034992695
85.1856339751
27.0150337258
7.07717362046
0.629458229988
8.32762804627
3.62490265445
25.753497647
92.1957812011
40.3094188598
58.8127238815
25.6363791749
60.084371958
62.4340940695
31.7075053454
6.69555075187
9.08182964846
20.8279811698
12.2384684365
31.1833932089
19.2889064848
39.8407180476
80.6024542591
27.3236817614
31.0213288217
57.1768247186
17.7817414105
19.0429915627
11.5895955842
25.5473557469
17.9378137775
22.6376011069
47.1266368786
14.5628750771
64.3933831752
47.6260033138
37.626727715
28.065696001
59.2590806354
40.1061465881
30.176196917
11.029599309
22.2190361219
49.0617063269
114.318321051
24.3601749502
75.4227599362
75.2099394696
26.1181662082
83.9250500052
36.2467217782
13.6158900931
1.40806852654
23.69192487
68.0404261462
8.0220241584
47.1082955338
10.2225323198
36.033041317
15.3429524973
44.4038765431
71.7966819629
66.0829413571
36.8581917062
14.8970192671
5.71805568785
1.18475914746
13.9717077389
53.463545166
46.2323141321
67.2158869822
41.687203559
70.4731945394
21.3246190846
0.0
