0.0
0.0
17.2822115421
6.33904311341
12.5850577801
24.2215509082
59.6949352474
6.6629359033
6.39172142743
24.9270086846
67.1675469931
38.8975205273
34.420340538
19.0947734713
1.6020373106
4.26248055696
39.610558033
20.5981727662
23.3944487683
68.2952877581
32.4214499741
50.4896996095
3.02494486236
5.16557072102
1.88108597696
10.8855321407
4.5563613167
1.61151610315
8.17654851079
47.2133636287
30.4158003665
2.91423904896
37.7155262455
23.6479168385
27.3026018645
65.696227122
46.0371175474
43.2463876382
19.3006900326
8.81619603931
68.5095164179
31.1298170575
13.4757198366
45.5714422949
27.8300772998
15.0552069526
43.437435072
23.518972937
0.306313337758
16.718947202
33.6493323511
17.3564710342
25.7091120557
21.2632783335
33.3012133018
21.1207394712
12.8122383803
14.4168933258
94.8468502277
50.3120914231
20.0273411963
51.544835737
8.19455563697
7.58584696474
32.3181733937
29.672951147
22.8592369482
44.5499738976
12.1751094572
3.93475475906
18.1521055754
32.3913027552
102.934637222
5.17176029273
28.4816459006
26.4067335427
44.3024289439
21.2833201513
13.6793666789
19.4395081624
0.168949350715
102.064695591
24.6263994612
35.483385427
51.8392617562
145.077681396
6.96007204056
7.1673375545
20.5373850949
31.0692470782
28.2386763878
13.2429768574
43.0241116918
25.2807901205
58.3576758653
27.5337502229
45.2323711886
45.2747728046
5.42866779864
14.5453090444
7.18840064854
29.1214278833
38.8140828833
95.8995944671
19.400508441
56.8787376881
47.0200460628
30.0366844889
20.7428189535
5.11474017799
6.5980472099
1.61059428379
26.8912160398
59.7323872447
26.0745934406
52.8808030375
17.9720366131
42.3949900399
57.6558307008
26.9743515048
17.6653507333
5.61271911206
11.2710560211
27.6693506352
19.1025266368
5.13150777295
29.3755512425
45.8852453885
24.5497286059
18.6150164343
49.1184885353
10.3519241363
26.5402483642
8.04633962364
15.7814109083
17.6672585439
25.3582033356
29.0155485893
8.07264385745
44.3360640504
28.24650798
44.1265024246
21.3082108498
62.2821367699
59.5213554204
41.8563093691
7.11749500037
17.0711393883
20.9711944806
75.3062238497
35.1218993069
95.5014668069
70.0097128003
33.7945841254
53.137626713
40.6178273856
6.86357807369
5.51760490426
24.1052390189
54.2468160912
7.46755544095
35.1167505607
10.0373913869
26.4482334014
16.7211550735
31.4240811245
58.0030055232
44.4741601757
44.1196071358
41.1571307256
10.8799996376
20.3782693148
4.57484541089
39.7720873318
47.3124540746
86.4205908122
29.2543825954
123.666703328
13.0837550685
0.0
