0.0
0.0
8.26986265183
2.66125324274
5.96856737136
36.6372092078
49.6317058728
22.7439534813
9.33638366126
12.9810924986
33.4785117545
39.6068794476
20.3395832051
15.6007242054
10.7095806599
3.42887382768
14.5833760165
7.97059228783
5.69832959957
50.1300482378
14.9888602495
30.3492426014
4.92363963648
3.63382467626
0.986805215477
4.19169580937
3.07233488561
0.0
7.44748668372
31.4108619941
23.8249811539
0.0
16.2293393612
18.3627138007
24.0076968
56.052192863
16.1328712832
38.1343552368
20.9322400242
8.25783319027
47.8427717239
18.5525550479
14.4470032733
21.5460183732
10.0987864444
7.60153330118
24.0816798247
57.4053151644
0.579974235502
19.2473642207
25.8060194626
15.864397293
4.31020617485
14.4200014654
2.37130847946
18.3175054193
11.1302209161
15.5849020109
34.7540853694
49.6875274087
14.4045681255
34.0662515537
2.74960939865
4.52718579768
22.8995790817
5.1112612523
20.8722978271
31.1301301606
8.80399596691
6.86394926906
18.2613180242
31.3445020282
41.8035653047
18.5465406273
15.0518733524
1.14925398678
42.3561130296
16.4954199605
12.6282426836
9.10920334608
4.55211482942
63.2277202606
19.0054829121
20.5566131137
19.5522143282
32.0905131026
10.4289514962
3.56181963814
13.9946698844
19.786519602
25.8003881314
16.9064211342
34.7897168844
24.3602376358
25.3149775118
14.5930360258
25.6754517686
28.8420824669
2.36041966081
30.3534508757
1.83232880384
30.59730345
25.8084084658
87.9243485369
23.8728976753
27.1730812714
27.9980294107
30.3376093373
10.8222739203
1.82731124573
4.24839860201
0.904614804312
20.3701410592
19.2016185969
28.492739629
34.7607206405
20.5118625462
33.4007884339
40.8326613084
29.3670378439
3.01156443358
5.08972381522
3.23333534923
6.07148337365
16.1328866333
13.8350649392
10.6706830971
35.8847651705
18.1376270223
17.9433690906
29.2286578865
10.3907862827
25.3814644958
14.5207106452
24.5462642018
10.1176093854
13.2624217886
20.4146308685
12.0097423587
23.6265323823
11.5579620414
22.2465837523
9.71493402869
32.3756149783
16.6773658209
42.963810653
1.76954984665
30.6627064346
12.3269656599
59.355004711
17.9842606326
51.7410605717
48.1232978851
34.8163394294
25.1516869404
11.1626034491
6.34934310614
2.39508417249
8.01061704756
29.8382088924
4.12339617312
26.0512050391
12.8863904514
18.0057633072
23.483071994
22.6979207396
52.7566598654
11.6237587184
28.3500353246
9.41402301192
18.9586052298
21.5999994278
0.914590448141
12.5065652886
486.249950237
52.3441629494
21.1617497206
32.2902360857
26.0639051198
0.0
39.4883151055
2.69971516728
5.9925223589
1.56460958719
24.8411268218
9.49086105823
30.3099772968
1.01495260745
32.5897607803
0.0
20.9645142239
17.3698833883
12.6030371636
0.288012642413
0.169666204602
4.89565269648
4.18309593202
16.4210142922
9.68351668027
23.6971756071
0.161901690066
9.75987551362
54.0
329.539999999
10.88
6.40999999999
0
0
0
0
0
0
0
0
0
0
