0
0
0.0
19.3244946515
23.081498838
67.2288205745
110.281581871
7.14164163173
5.18868524954
158.691169504
148.666610777
33.3953881747
45.0122832852
15.2684394987
26.1901799887
7.79487551563
38.5195210212
48.1919984333
25.9379593133
59.6735632774
63.211509097
60.4733069837
12.40152812
4.07860431074
22.3891793392
17.6508581489
6.93867073954
24.9889208232
55.7141697547
88.050290369
70.4856612235
5.7494687587
1.57569926977
61.6893457147
57.0180897564
55.8682766297
60.2058326417
1.50088463724
29.5340268881
52.2674778252
106.064355528
123.453899399
69.993819354
72.3631071691
22.9736196958
32.1973042879
103.991307853
44.2892336546
4.27424705028
8.85037226045
11.0244786423
12.2249478176
22.7849982083
101.456327425
73.5777063108
44.9156993777
86.369241882
68.6179537699
17.3003069786
13.4670032719
45.8473570291
67.9910920901
22.5482799411
22.0712580755
74.4334027915
72.631470359
46.6643992066
74.1926225702
17.1720290333
62.4778047278
34.0910387858
31.0990694482
23.5363031868
17.1977096675
14.2581399679
100.351624601
91.7125410139
54.1058620958
66.3446849472
71.7679442782
16.1261779759
131.969557051
77.2846407602
58.3454632872
174.509205982
147.505117848
21.9031179696
38.1383477748
63.2461716514
58.9926206657
61.6645645202
29.9538384118
65.3948833001
16.5229096748
101.980464868
83.4827722908
92.7336264866
35.527873993
41.0811727793
18.0660450147
19.578530509
32.5602812861
79.1231752596
137.675051115
31.320218917
115.356367369
48.6426375545
19.0531432014
10.1653804332
11.291435902
61.7126407265
22.6731250975
25.373478097
89.9634371158
137.691045597
74.2455467983
39.5809788108
102.497457798
82.5552623738
6.74630697816
8.0200382173
1.43170880154
65.2533132379
36.862714313
64.2960532085
52.9140722417
70.6494291722
60.2175316858
30.5085322838
18.9392296532
146.499956262
10.8148849458
30.0128281562
4.72629452124
38.4861228559
55.6698981821
65.1435316214
86.0326858051
57.9787090234
114.058521414
66.8596294373
102.982099883
32.0078151226
81.2720593102
79.9319132342
10.100829497
12.9816472828
56.8978694758
72.2866592446
96.6399208234
90.4102181086
68.1260464476
89.7100941706
76.6381818317
90.7482107165
38.5967677385
0.257325751706
0.690660461784
31.2869182526
112.325509518
19.4410732132
102.859209951
51.9721770175
37.7357118466
10.7119842768
36.6433563754
75.999781385
88.0045916587
45.7829181254
16.8159397692
1.4617857635
21.0415180992
43.3091331754
61.9681466148
33.7658179073
53.2791927996
29.3030469418
68.1393141523
16.2454469316
0.397921219469
