0
0
12.5647144318
30.2781338654
18.3671999127
73.0604976955
96.3458368555
11.699948933
0.202157484367
135.118781869
162.828924246
45.392056163
34.093266299
30.4976790994
15.8791879043
29.1878172084
26.7489107251
36.438126672
29.0706695561
70.3387213368
34.436771263
82.7120429724
1.12380190194
1.23093880713
9.96433752403
11.9039036035
23.122327745
13.6611875072
64.0661741496
103.376224481
70.839418307
6.02736073639
21.9495653138
59.357029153
34.3321782499
80.3117229492
52.5928177872
14.871222809
14.5317429453
43.7770477272
75.7604810335
98.7491334881
46.1175084756
71.144194085
32.8271992822
54.36924465
66.5282499456
46.244903773
9.77880391291
9.36030669137
19.5567132477
22.3505236069
37.8982600382
87.0372727812
76.1834244914
45.956744249
84.6092829108
39.7875232435
28.981497109
36.4301502854
41.2750541945
6.35553978989
17.3643721738
11.6586867571
71.7119626015
65.7898107245
83.8494725078
104.096622354
11.8003935479
71.9513733276
38.1297298147
50.6761083809
39.4098885655
7.09975746274
20.5940332264
145.851634436
89.8683846072
41.1477464138
33.9196653161
64.8543790764
7.46505182237
97.2669588067
93.2253163308
70.0401781798
109.229778618
134.674102664
15.1297699828
19.5493296515
36.1865430437
52.6491616051
20.0423366893
24.4381087181
63.1970019434
8.09453299642
133.50420006
146.530622564
69.7609891668
27.9631151856
26.234814601
32.9172048346
8.3149701599
32.8093956434
83.8162242806
120.828448665
29.0341462903
96.9256462118
84.2974215746
45.8490212112
24.9519233162
1.8077772148
50.8740534852
7.8447141205
34.1099768803
84.836061325
110.91053978
82.282485528
32.6736759302
64.6967204009
84.2919532097
34.73708376
5.23062017933
2.7749619931
35.6381057887
29.1626853737
47.0475394706
43.9366927241
60.5903915316
44.6306616989
26.0044082477
32.8869567811
114.117434889
61.4368975462
47.4430350178
12.8262777552
75.3466208762
26.6921594069
39.0138147091
45.6286154268
57.6560401954
91.9533095508
75.157510914
65.4749183357
23.6014296413
16.4806835577
66.9952998833
56.5598116397
7.9106707871
34.5249579101
45.3117694706
107.905126414
80.7264210005
92.4069903307
79.1799482815
80.9180363808
59.9984388706
39.1789240894
0.527738515289
9.96265643834
20.8963721953
69.3090345046
19.163047906
59.5522197223
34.5679840519
35.6946625322
20.4156503901
45.234106265
58.9143356568
51.1186541654
41.8144442105
17.8978925273
0.547183524818
16.0643379539
11.4555894204
56.3808634356
35.5168526647
57.7981459718
26.4663976954
47.7134567052
0.717082165181
0.0
7.7338371277
36.1576367318
0.0
1.37361925095
46.9306625035
34.7601022906
125.225391414
23.0590248406
78.9563099518
0.245872981846
32.5992221832
0.0
4.05564913898
89.2415984273
55.2334265671
11.1732459739
22.6189866364
11.8754662313
37.0867436081
71.8646759837
10.4156497121
2.21775823831
0
0
