0.0
0.0
1.45074024797
21.6945844665
29.5111422055
84.3492433111
110.982204532
7.351294443
4.82889018953
157.020994881
164.029351786
45.0315908342
27.114640463
0.0187302874401
17.5808561482
15.2270075739
42.5766216348
50.9379508886
37.4222398577
57.3231043798
48.6020434051
70.3279578835
0.26179768145
0.0
8.72761993111
13.1945153475
12.3833574504
19.8184749037
60.282990396
77.8037583566
57.8545075582
3.36116829514
5.57125342637
35.6133617945
46.254666455
65.6643242688
43.3676142319
21.9210233688
25.4149149739
31.8886297793
93.7306560091
115.850236053
62.3520671837
54.1132840867
29.4778110142
33.630532667
116.409400821
53.5544318407
5.47039353847
9.98549058941
15.7514269408
21.062669903
38.8696093402
82.6891299658
90.4125185273
61.6093286275
71.703544993
47.1480564744
42.4860597475
29.7661758362
65.6882691002
0.0969360396266
21.3021584451
28.1580739618
76.9945769347
71.3027610533
49.3264973522
81.1723230331
17.6257332489
73.4147286862
32.4410620546
46.4712200273
16.6003193892
27.4987750075
11.441219598
81.6767261623
98.445794195
46.6787100434
41.9974364563
82.6866308302
8.68032377959
121.684437554
53.3028893062
42.2250808104
178.639582481
75.0973685738
28.3991823485
20.4254610054
72.8040279151
55.5559861286
52.1817248314
34.4369840362
64.5699815489
30.0722946972
53.5902830287
102.555757195
69.5908852034
39.5780732633
8.46194847348
38.7737930388
14.3934704075
28.630874856
66.0320204738
138.557047287
38.3018689855
152.206266032
89.524868167
33.2338863797
5.34868723154
2.71940020378
38.4512342568
37.7096574115
37.1884939056
76.1534122447
123.15680413
78.7483167072
39.4904425889
69.911572435
81.2219484178
19.4823440658
9.30063615739
1.60764899198
39.5592639595
34.3176769037
63.5239470732
46.3294150104
94.9804332218
57.4824776378
30.0044310372
36.1557558245
80.7460695504
2.65139521658
37.1960279652
3.75384066905
24.5870385439
36.035887219
42.2007389114
57.0081092609
64.3483404816
110.670905393
78.9597981982
70.4919510931
27.415850401
41.8427251874
74.0003801734
15.3860004321
10.9909197986
48.3854587375
44.408006413
92.7874126061
74.7743685348
72.9624348542
104.327244591
100.300713245
67.8493423126
48.9199038636
2.79371210933
3.06118442863
10.9069329724
101.195204928
21.6014735475
70.0893482566
63.3059480599
36.2653452773
9.77826828696
50.8691511602
60.5197684541
60.0982911139
37.6951545775
2.06504676305
3.61795163155
16.2706503896
32.5612070688
59.8194868862
57.3519247546
48.1648693114
38.6165077687
63.4784930347
16.3170341849
0.0
0.474418893456
2.49119460583
6.49791455268
3.39786797762
86.7802372054
55.8040784486
115.054187872
41.6302823424
74.3652314654
0.437656894327
37.0962003562
1.18375736475
10.364956554
5.4967854023
15.2482276484
33.5700805709
30.3413002118
8.74932094663
48.6918540559
64.1244621499
9.930660747
3.36473473906
8.50999999999
226.56
0.0
5.11999999999
0
0
0
0
0
0
0
0
0
0
