0
0
1.36006888747
26.0513507304
24.5732781998
75.443603011
121.766927238
7.49720444251
6.99038878082
155.247516822
169.606441095
48.7377523296
19.1653441759
0.0239352062345
19.4439018276
13.1247463748
35.3129285126
57.1159806233
39.0906604248
52.1257165186
43.0242404254
65.7661503218
2.07079535723
0.0
10.4466852844
12.0167996585
9.34820705652
18.4458749439
59.2716853918
81.0920730382
55.862400829
4.46723105014
5.52343246154
33.0106743648
43.5397536569
63.4794517123
49.7496680729
12.7108962536
33.936583735
33.2105175331
95.1142350286
119.177984487
66.854331337
68.0046691428
26.1339664786
32.5491379927
113.87367779
60.803420484
4.97314310074
2.9180396609
16.8442525165
20.1413012522
43.7971071163
86.0253226301
90.2690148576
62.2530930787
71.6801868974
51.7128251642
35.7887778283
8.50550783426
76.6590321065
0.0251955287532
30.7852560002
29.9937917143
72.1148446392
74.1672187205
48.0560355931
79.6177945846
20.3087456524
73.6710116789
33.4596275417
50.9327490516
30.6217565714
24.6432420881
14.8777479082
81.2040765211
97.9033245742
46.0061162486
42.3560968819
85.6159442626
10.6994863451
120.864121355
61.9090748726
43.3229295686
164.435476284
40.4207229372
19.7955067512
30.321599694
74.2608707808
60.4072131542
47.9152114392
31.2609632146
62.5496858494
27.1865623054
60.1275105626
76.7161115594
66.9561208394
43.3884487361
12.089426937
36.3927051583
15.4678183571
34.3218000624
71.5418438035
139.427409461
41.3723697989
143.88464648
66.9798650498
19.5938762929
15.3452794254
3.02011334897
39.4074065388
44.9984668898
32.1860027974
82.0338442774
116.59182921
83.5706367809
41.8796784281
85.3672695667
82.1845769081
24.9120371124
6.96822363977
1.77996241674
41.3043127601
34.0046530925
68.6079355963
50.7778376453
99.4688754379
63.6721658707
30.1850239747
22.9419468418
103.861315772
17.4364757314
39.6477931738
4.15312512965
17.4150427873
43.8102678024
44.4063456101
58.9964117388
71.1271049714
110.879387833
83.2096042392
72.0170423986
30.8440884948
45.3400434406
69.9927239009
16.4215319976
12.419121623
46.5547281168
61.8409409914
94.9031774467
83.4922396922
70.7286502718
92.8136537522
97.5288780034
61.5411147605
45.9593359766
0.874056369067
4.12958760559
11.6903103143
103.2741319
19.8235769235
75.2959207781
69.486806497
32.9276695512
12.6195065975
57.635704603
66.9128021299
67.7239881679
41.8302998767
5.88603528588
6.07381510735
9.08260751004
36.6186563374
50.0093961506
60.2918446085
57.4377957768
33.1987577676
56.4580555334
11.6546856835
0.0
0.783231586217
1.76168686152
9.79158926011
1.68255972862
88.462510435
63.2642325238
136.47444541
50.1762138605
73.8907821514
0.584699705244
39.5675873458
1.29299587011
12.6737658335
16.9380290508
27.7971040159
44.1211736798
36.4694151096
13.7085496187
45.9054724798
59.6643456706
9.14001059532
2.5932189636
0
0
