0
0
0.335980117321
1.13713291613
1.04296977737
3.28592966229
4.60443044454
0.151716522407
0.207656305749
7.21978815366
7.89365555067
2.20928141946
1.12308675866
0.9857172966
0.546075580642
0.946604867931
1.56744761067
1.66168324929
1.71734583937
2.85180103639
1.44108000165
3.21321805194
0.178882030305
0.0
0.309607270756
0.435403235257
0.770224064589
0.992778740823
3.00927047245
3.86682434054
2.65573482576
0.310917580849
0.684818727779
1.75131497288
1.41591945314
2.75359197427
2.97648002766
0.232084365562
0.562921550358
1.16955470538
2.97319587879
4.98090800364
2.79492460913
3.08666936751
1.15607332392
1.81409445871
3.86682909727
1.65830561891
0.236578650773
0.150003852788
0.500347903231
0.928347070527
1.64003361616
3.3498652415
3.54603096959
3.72818999435
3.40209563705
1.20148537436
1.37484145071
1.50526799355
3.2523741764
0.204617146752
1.47022897005
0.439298065612
3.20101517311
2.91361483699
3.29252674989
3.46704076184
0.52802478557
3.56002821773
1.64486135356
1.30717798229
0.0619629965513
1.08336914447
0.651722226292
3.431555029
3.87374288449
2.08685557672
1.92272775696
2.79434814374
0.436893914128
3.90972503182
2.79045554507
2.23785292916
5.51067654043
3.83975992445
1.16381585272
0.983623200562
2.51636947272
1.90517251519
1.14753047726
1.13840712258
2.75767582911
0.429476162419
4.60705115832
5.06116833934
2.85986608732
1.45443093451
0.532848437259
1.4732139589
0.19782550633
1.08595525386
2.94800163258
5.70859136811
1.27807127475
4.0426069228
3.89014355652
1.56438198406
0.522960777627
0.146621378604
1.2751809
0.756785106845
1.346421808
3.2961403206
4.86917363637
3.71830771863
1.48307412397
2.67901039869
3.52015624335
1.3727116771
0.348637017887
0.0962427901686
0.833226214629
1.28587640868
2.44003468752
1.86695027119
2.52306198049
2.08696494321
1.41991816205
1.97298918478
4.43284530891
1.93657693267
1.27178135212
0.502394001
1.6440814808
1.13160660677
1.41110850725
1.56307376176
2.42588085448
4.34290638333
3.43491460686
3.81691240706
1.32763227192
0.722917460836
1.81829166971
1.77455394808
0.339111994952
1.87207882106
1.74815380131
3.22585579427
3.44485214236
3.90964241675
3.21582220099
3.67872051324
2.8765499955
1.68668554723
0.0691983923316
0.145578868687
0.450768941606
3.70408870652
0.846767691779
2.55269759835
1.76241394959
1.50380844204
0.564225250389
1.94521458953
3.12876933813
2.78864928253
2.30104486272
0.529643700458
0.0307128613349
0.716231920233
0.986267127097
2.22229896616
1.2849190436
1.94730368373
1.4900315461
2.35324123502
0.110308047384
0.202467337251
0.0110757361981
0.362939603627
0.0
0.157893255353
2.4433093688
1.17020860314
4.5620751367
1.35189693375
3.48396019824
0.022505376488
1.40448275022
0.0
0.317971602082
1.32792282104
0.966040703934
0.893181579188
1.28098211903
0.228899868962
1.4090258166
2.38485255651
0.386406351812
0.195487274788
0
0
