0.0
0.0
7.30593395232
17.2421551645
30.0384779424
66.3044363112
78.9982021786
11.1487855017
3.15276000089
129.15087153
176.187227279
77.8245431966
22.1833786368
25.1150612086
7.58163173496
29.9360916679
27.5626725331
34.3034643811
40.1880123456
78.1261096056
37.0126650408
74.6987068356
2.63024863601
5.90527564286
12.0625860728
13.1974561214
16.1974699851
16.9125774968
47.5814499557
110.056209862
78.0051905102
8.92437550238
15.1103133224
51.5401708166
30.056170687
50.9324331881
75.8732085674
8.99938926101
20.5566652939
54.6362296538
76.0880431272
98.4496527202
41.0642353334
78.3264636062
27.8083767314
53.4311384038
51.9002257829
27.0233478696
8.68301582338
2.25170141459
7.00869704503
26.215731497
40.7083132783
79.0078408805
61.0830050782
49.7175091385
75.4770463574
42.2041988074
36.4878656957
21.0557692498
44.5596833042
10.9876871291
14.0652159713
16.1346117253
61.7398280203
72.130133376
85.8525124267
100.688341532
15.3711999413
51.0766166076
36.5867783054
44.5552033558
18.7002811879
12.3232060075
28.2598568873
62.6941595861
86.5607090928
36.9983397996
20.6704967413
62.4262267872
2.92703217454
82.6279246006
105.850724839
68.2870910167
112.574143368
89.4496749938
15.8616601518
37.1759827752
27.9615237134
46.8694184796
17.3709167316
27.2387662454
55.3861543649
22.6209075227
79.9242981523
143.640551001
69.3409959151
33.5544161434
28.0967285587
37.8288844229
11.9459889117
37.070442012
71.1735824011
103.064478882
24.4144692029
109.339487197
85.4357219786
36.3763537555
26.5461270847
2.66711050272
132.311376964
7.45602216852
41.6061147564
98.4697206504
107.022790904
77.0881919736
33.065680909
53.8478016034
78.8229199927
39.106897764
5.25692473726
2.69852150045
35.7197224543
33.7113071875
37.181876555
43.9233101494
58.0492971317
50.1360541284
27.4235472958
29.114040859
110.311672624
53.6302362084
25.0971798487
4.47442477942
67.93367967
23.0274279434
39.0520281689
47.9560006493
34.2411367934
86.1714062117
67.2133799717
68.6029218434
16.9698154628
47.2196339964
72.0434189652
70.659531355
4.84129188583
27.2612057292
39.1436934247
97.674432138
73.0851423516
102.1679608
68.3642090074
91.6195932794
65.1571585982
39.6668412386
1.31087526027
24.3250374756
18.2193498882
56.2648873999
16.9836597517
70.2039343826
29.8584885271
32.583320573
25.8197203874
40.2699227441
53.9886462091
62.3950783164
34.7391881515
24.1861543078
0.0
0.000970819004578
7.74816397951
51.1708024135
28.5137617997
65.6982845441
36.5354635118
68.7413628101
0.0
0.0
