0
0
1.45074015856
20.7444189847
20.6024920531
77.4890946766
113.772637781
11.6168479901
7.41118794679
165.273502886
149.541607954
40.9565127734
39.326464464
9.85393942147
21.8261896474
10.8235814497
41.25013344
47.6385486089
31.4813578428
52.3799367696
56.00859879
56.8569261209
7.20055792853
3.23405134678
6.68549622595
16.838395536
9.24260133504
21.2881654668
55.7946452201
90.6085815802
58.9595967773
4.92309004068
5.14007538557
38.983233137
40.2662876398
51.2267558388
77.880535327
15.3805968762
32.4575314718
39.6947810669
108.527244151
119.184092099
71.7279947866
66.3225193788
25.788639089
26.5338509186
119.02244997
49.3689370752
5.8000265658
7.1964190621
21.2858175449
16.9286367022
38.9241728057
84.3371390774
89.5238163137
59.6745854784
78.2123550475
63.2263069152
30.3157163189
17.9804007187
89.7717103344
0.0
28.3939128053
29.1099750101
68.8994582446
72.9536907746
47.4577381164
81.2187428623
19.4520979822
75.127155751
36.5649488904
44.4193358765
13.3134849044
25.7384425406
13.5832672566
92.452753175
95.9490965904
53.7574020624
51.575526774
84.2552825398
11.3205355704
139.102618016
62.2956244423
50.0555379466
211.538370296
77.8413326921
18.1973161027
34.1086359768
76.492916353
64.8425040293
53.606487547
27.0089155174
64.3169382442
23.8149809092
55.142508924
93.1427286118
72.5871053506
48.5360437632
31.4025663043
22.5269176606
15.1942796856
36.390828006
83.9122657058
140.557310348
35.661298033
146.252662607
51.4734084607
16.7408919576
12.8299139254
6.61174199916
37.6750722542
37.1766208783
29.7695374769
81.3615934699
120.742461624
92.8607651722
39.5984604209
78.4572637054
84.6958510418
24.9471931402
6.85546777769
1.26377652213
54.2577738761
36.817315897
72.3499686979
53.1382889422
94.5118100345
61.2007009349
28.8201523126
17.3208882222
128.13709401
23.5572051555
30.383568138
8.16890859883
21.5613856511
37.8823100477
48.0521913283
70.7775871306
67.875356555
109.461015589
77.9242435322
82.7714867592
32.9361652584
42.1697798966
79.6750289798
19.3247310184
13.5198799968
47.6191485487
59.3523778114
91.1235860287
90.2200383636
66.8401953355
86.9576445919
91.3030373455
66.7259190382
53.6578343957
0.857942551375
3.82512892037
20.1464645862
109.156654984
19.5620296821
79.9487663023
65.2400098555
31.2976202779
12.0981656089
58.7473145714
79.1425280011
80.7103115023
41.2881887107
15.8257982042
5.31393241882
9.08619850874
28.2079091371
50.2850423232
66.5815695446
46.4467608761
28.130850792
49.0863959045
10.8577560335
0.0
1.74009239674
1.14278286696
12.458331719
13.6758654267
92.698871945
57.5921273623
144.391895458
46.4009179474
68.8710137098
0.54118900001
40.3510300219
1.42742103338
16.7475685263
15.1851596832
28.1371425391
40.7823590837
33.5626495778
14.6544248387
43.0970876254
54.3834736236
7.33617437258
2.72519566118
0
0
