0
0
0.0604475066066
0.835318057449
1.09260691144
3.21660081553
4.99544581678
0.435359861236
0.318477650173
7.10478835809
6.79004441295
1.9287873141
1.21435498644
0.977375192917
0.967080920935
0.414991904399
1.15323055536
1.88931258349
1.20691066468
2.28755690152
2.65175973886
2.88269718736
0.502304509282
0.151730385842
0.308308857027
0.377669895068
0.416668020189
1.07138794148
2.21934524982
3.71171003953
2.60621608794
0.206513569225
0.170894901734
1.59502707783
2.09712330624
2.65330870822
3.15730868699
0.490353032947
1.31299834716
1.55769502645
4.57341324369
5.27498693462
2.98581726896
2.82264381193
1.16854893276
0.959703671047
4.86127456278
1.758735504
0.17271800898
0.359124567825
0.614152016118
0.774099186412
1.3135296962
3.51570505789
3.73773523117
2.36220773868
3.32080789562
2.48147420795
1.24342906941
0.807725470047
6.76975020766
0.0
0.889608273748
1.26269765478
2.88336325251
3.10543091898
2.10804251675
3.31637408468
0.827139727771
3.47770979255
1.67709577084
1.63530397101
0.649688940961
0.521195338108
0.651307322085
4.11142498162
4.11765969358
2.44509015977
2.44205233501
3.3342249128
0.558645967394
4.86006780108
2.74946460431
2.08613240952
8.90937023796
4.29400796967
1.22554039303
1.41338985227
2.70351334868
2.52004392532
2.21276050247
1.1355619072
2.96955332597
0.359625684796
2.99288467877
3.62900881842
3.15445695468
1.90664162487
0.689138042973
0.857737621991
0.678019967861
1.45020651573
3.73280909646
6.21065555792
1.50056673354
6.68735387223
2.45107164979
0.814325606625
0.517669494729
1.00842590234
1.36310839787
1.01783557446
1.26055420609
3.0217891708
5.20151443826
3.24765754608
1.75356091582
3.59336829602
3.65510931809
1.0366626801
0.276921077864
0.0727222325513
2.4653204428
1.46902931109
2.72843116941
2.19295327133
4.04477671138
2.82198911486
1.24332528538
0.765158098075
5.16244826117
0.101689519361
1.81622201297
0.876147298142
0.80127933505
1.74537488353
2.06330570718
3.28686320921
2.66216606274
4.6261414811
2.94426203077
4.08558381256
1.47344384715
1.95101279952
4.5388924256
0.682344506029
0.544362029061
1.68570294091
2.78242053092
4.21432090644
3.71793778497
2.62932412635
3.77372180508
3.39130590786
3.21298259025
1.55003747344
0.0
0.0254761651158
0.486944254488
4.21433232445
0.852192198858
3.80597237451
2.62833097484
1.33344662655
0.503390411381
2.24258860381
3.0019322976
3.60414270684
1.71358323283
0.240981947631
0.154366001487
0.452058665804
1.67953801566
2.19608324312
1.88855302241
2.24596311897
1.45959913731
2.33915956877
0.547439727001
0.0
0.176135106012
0.0325348861516
0.499182956293
0.318286437541
3.62174098543
2.94431103428
5.49370824685
1.59137679497
2.88319732866
0.0627102553844
2.12098842207
0.182280682027
0.636810447788
0.898982062936
0.498778253794
1.81976897322
1.54427641304
0.52151730028
1.58849738515
2.03598263813
0.412008431274
0.131509918254
0
0
