0.0
0.0
0.0
14.9460512102
30.7038004697
58.7534036357
46.6630182043
12.7893379033
14.234805733
102.830801994
151.808250949
58.8394206314
33.0831705686
24.6330068707
11.4148822082
18.9084661603
34.6421596579
28.9856918827
35.7659531628
64.6348190458
32.5446283781
64.2019932679
8.95747554302
5.86690721287
9.09306181222
13.441273123
4.77011312731
12.6980951652
46.0384159685
95.6536091789
76.9099342567
6.20949840545
8.75373753346
47.2216447368
23.4203542024
53.597019665
66.7596888989
43.2901006937
22.1341139674
55.5901698336
81.3021928555
92.5897629038
23.5619946364
67.0390583602
27.3532267296
52.7016648185
27.8244617599
40.1223993972
8.38708287478
11.9966338277
12.5409931541
32.0948288009
36.2412209194
66.2751325294
53.3598632686
39.6629612866
61.7761647818
46.3695552182
39.2179616801
28.9157856144
30.523475443
12.6708832285
1.71521008015
14.9775377023
54.0233023111
58.6661437378
72.73486266
96.4811965562
16.5069932789
74.7053114119
65.4547625016
56.3240273148
44.6740348488
3.03247838839
22.6745006405
35.3727513598
78.9908578992
20.2165024951
20.6838746122
63.9919636846
12.0172941126
101.832393508
72.1996447296
88.4063809253
86.4067163318
93.464518871
43.4115947484
27.2535985486
27.5713700652
43.531853551
20.7350265607
26.2221996958
71.9768424276
25.2062625288
98.7686413565
116.579092855
50.4784270087
40.2461489606
30.4796451581
59.3913238608
23.1129971556
38.9388283762
62.1548808134
95.5064177443
15.8153736088
102.94774054
95.6465965882
28.5824619737
16.2580253854
4.67316848784
95.7073640563
2.71079336107
34.4155722466
117.932789812
69.7088287008
71.3110312968
34.1810895727
61.5359565766
76.946110189
28.7643472162
8.29447756615
12.1485646935
27.0221969112
37.8486213
31.4478461443
36.3737248219
67.9548070169
53.4654508922
26.9725575442
38.5930829309
69.8215352297
56.5909513236
28.9036382642
3.02970237751
52.0926604634
18.0240804479
33.8700087871
51.4530912638
24.4819226722
75.5630624563
58.9392708242
60.549364049
23.86988765
90.1977472678
47.2627362907
47.0880737789
5.37038120906
22.907050224
43.5131992399
110.78614904
51.2937722868
89.5212680585
77.3189907967
77.0402439293
66.0258359314
37.0707550944
4.72352014622
17.6831903458
29.4239607552
64.0247787797
12.1999898711
83.0430892781
19.2516861632
29.3402115307
29.0970367658
46.6064163408
63.6699001193
57.7951801344
41.9819723815
31.8906372338
0.616500109435
0.694034188985
10.590360227
44.9176678901
18.2548571946
58.08469758
47.704020828
60.2586492151
2.43726946414
7.34739017486
2.89288794994
3.25588944554
0.0
6.38066884874
35.7096348031
39.6695179826
88.2193666063
9.63422596826
66.0573792682
5.57009247691
28.4753579198
0.134126041085
2.01444813609
264.791324974
27.5596863626
21.9528604299
15.5129130408
33.6908432544
50.602276476
38.537757475
14.280832015
3.44211993367
75.9400000001
306.84
17.75
7.11
0
0
0
0
0
0
0
0
0
0
