0
0
0.0663127675653
0.687241615728
1.30639904179
2.6812705209
2.22127839644
0.494727960322
0.593822865747
4.76302377414
6.03965368681
2.46328063309
1.14787817071
1.04622909985
0.573970495199
0.78938601102
2.43116298912
1.40440658573
1.595606466
2.7232358132
1.15424695355
2.6699105514
0.304357908666
0.382983119227
0.502155864611
0.52167930454
0.622911698651
0.633451113477
1.89567115717
4.28230119543
2.89341424603
0.308790405281
0.333222734276
1.82032338437
1.45430426858
2.29592114268
2.43801332638
0.726008546073
0.65950773051
1.82898190932
3.23968384671
3.82920445618
1.04216861853
2.82445090124
1.1874729353
2.22369179351
1.11189423653
1.36660051858
0.595470532775
0.131325651892
0.259972233325
1.2669871173
1.66051779222
2.85181070957
2.13908987748
1.71809977363
2.58745126938
1.86656699283
2.16165325325
1.17841768684
1.66030665056
0.491447602632
0.0874992564786
0.550254105823
2.05591149442
2.34390746208
3.22281258053
3.86360026477
0.689725391567
2.19743417483
2.30709434021
2.27614762331
1.90551701258
0.159824823029
1.24769294739
2.29078898102
3.47882390366
0.958011668175
0.827537452453
2.53022074327
0.555683870218
4.2548109924
3.49460559059
2.95194356563
4.34331145277
3.97974738758
1.21029841108
1.43232260563
1.29102887399
1.97990234353
0.743321488728
1.14441690152
2.99917720829
1.07879397366
5.37202939158
4.87610861659
2.68769642152
1.78283966216
1.54217153031
2.74465219025
0.769253859995
1.64226689568
2.35629578808
3.97316672985
0.721962997573
4.44966402743
3.68218507431
1.44711121684
0.696951110614
0.149168336764
2.56484333094
0.11325019598
1.44993243832
4.7317595249
3.22072303906
2.97900534933
1.43692664802
2.25195092265
3.20203138981
1.3542256814
0.270368863363
0.416328898631
0.904962853529
1.67659766576
1.610754186
1.4477553069
2.75989729958
2.45916312409
1.21926924912
1.46065923013
3.98836416006
2.47668888606
0.999259642675
0.214441611897
2.51724334864
0.698312263004
1.46506530093
2.04789545131
1.1999038998
3.18240499054
2.61105688149
2.49826034717
0.882262740284
3.05951714609
2.53487198381
2.18017022917
0.220604694972
1.02247003186
1.70405162685
4.43944843952
2.23538662191
4.04433677834
3.09420661908
3.186931832
2.53624850512
2.31336341985
0.141101134475
0.738413095474
1.20309132547
2.75114887208
0.439749286859
3.5091690009
0.849155039643
1.24947386142
1.04933883995
1.87344558258
2.54073458165
2.67510852963
1.78709478956
0.968384028529
0.11149065569
5.4165678165e-08
0.351120566949
1.5677020275
1.06867859396
2.49691378162
1.89236343792
2.28510305099
1.5503436327
0.190566897392
0.547748357058
0.177233610302
0.0
0.196797147393
1.35715580545
1.82912887633
3.83537534089
0.427579483017
2.72518206434
0.143492300063
1.0858558584
0.00440399814397
0.0919050350785
13.9400427639
0.742769507808
0.944537139498
0.486010305583
1.36795792123
1.54254054464
1.54860239779
0.516887875274
0.0959551045671
0
0
