0
0
8.77912259102
24.206098482
24.1839950234
70.6031548447
82.3239946291
13.4006899623
1.04950076714
130.673854172
181.494075235
78.9218550646
32.0982106934
12.3451949805
10.1621209234
15.6978657916
22.8769785315
39.3595199549
32.5768721486
76.5903309938
37.3157630582
68.4450481831
1.27575731277
2.24150982499
13.680383563
17.1786139011
18.3059491217
15.6227658614
57.0535570476
114.924928531
71.3044595105
6.69669753173
22.627297014
55.0266556889
29.2376650126
48.8193943798
64.8022459354
12.3224261999
19.4816644862
53.5384033174
75.4746890366
93.4703403377
48.5214202982
76.2609465682
26.8536541109
54.3439414613
46.7779494859
32.3203933296
5.48051798345
5.91185769439
3.95288604497
25.5171685013
41.1609734594
76.268878398
74.8287891446
44.1666049361
79.1320335902
39.8808363732
29.8467276691
27.2670477034
45.5448701098
6.58030281588
10.503276363
14.9327355232
56.9023194014
67.5097362734
85.0218024775
107.575176842
14.7087461092
53.8212226778
31.142248135
50.8863476738
19.3015478253
12.7931159288
23.6109269857
56.4504639768
87.6219603382
41.8715615873
22.8547326238
66.3385424203
2.50791232846
89.12025081
90.249916602
64.7029521168
86.2201562897
126.913828678
23.2476965874
34.0654710643
32.1371948482
48.4197830558
15.3123990074
27.2732355036
58.167348018
14.341927439
77.9195345789
123.372799069
75.8107642382
40.0936143101
24.6997808748
36.7603916657
10.6334152375
32.7666120348
75.5151818153
100.717068331
25.6444784849
102.468573773
85.3579873591
38.8513262047
25.3123272098
1.08006764017
113.030756151
12.9007659978
41.1771136354
93.4401805793
116.432552886
75.3727884322
30.6832488533
60.9387994745
81.3304310405
37.8567771948
5.3857569024
5.92442388134
38.2547398517
32.6430310495
33.2504077452
36.0830554375
58.5899302327
41.8085101694
25.08269763
30.6746068094
111.257688861
66.3461497128
36.2093837914
4.15517373384
72.0268681906
24.1131230566
33.211109586
43.3802847302
38.5117146307
88.353133385
70.4208814222
65.9651892185
12.9395029172
51.6294744797
61.4285280202
61.5133907302
8.17347845436
27.7435826362
36.9539647848
96.1925702914
81.0691055659
92.4251705669
73.060871143
87.846195845
63.9215667312
37.380727021
1.3920143866
17.7262716293
23.170265798
55.0279361083
20.4144457765
58.1727748435
33.4355840357
28.5165631366
23.1642837077
38.5376111395
64.0717720092
57.072830759
35.6951644421
24.1094056783
0.0
0.531437024474
8.83537924289
46.5161595214
27.5560476166
69.4905504974
37.4562235774
68.7539151907
0.0
0.0622879397124
21.3488374203
38.3086986245
0.0
4.52063781024
52.0429240913
37.0351434276
119.814779431
17.903477557
72.0030995606
1.2715889588
31.3491991013
0.0
3.25177100302
215.032671064
38.6986711956
32.8422752023
20.0621388406
23.1801223308
37.246514965
60.4953317419
11.0959328972
2.2186955139
0
0
