0
0
0.133170574903
0.8406198062
1.19382441416
3.74932965217
4.56316716014
0.272645154037
0.17122092098
6.92068897747
7.71612750692
1.47239471774
1.80443465651
0.662107884884
0.706029450754
0.898161933641
1.32062732521
1.5854829615
1.56332844356
2.67237189901
1.49549431214
3.1909461664
0.0844890426379
0.0
0.443059409969
0.396881341934
0.588731411844
1.18350216374
3.02427325025
3.79178410955
2.82999183703
0.280395038542
0.689170331578
1.75415840175
1.83647339605
2.51413039304
2.33484015241
0.869300459162
0.227676983573
1.18333271763
3.23656258965
4.84607737768
2.7224270103
3.02769092517
1.18007227755
1.7104535033
3.19716218393
1.56927762739
0.291453327052
0.499955434818
0.391130948439
1.03133985878
1.63304099056
3.73126671987
3.55574379186
3.44970779121
3.23671283154
1.53809646913
1.45781161357
1.19049664924
2.53522869153
0.186699572485
0.596326214261
0.532496860425
3.39033641573
2.89195139799
3.11204082891
3.36138190608
0.515830945922
4.41551895626
1.4799803379
1.29763318039
1.08104378195
1.23154964985
0.390369895846
2.98827163177
4.02379653882
2.16107760096
1.74875625147
2.97842346318
0.428207886871
4.46726719057
3.26696839498
2.06173552293
6.14620653167
2.4254977738
1.32543312758
1.22942376789
2.81837093024
1.91292924434
1.44657948753
1.24006039929
2.65069273324
0.585472027771
3.53742610756
4.95299724641
3.03974893049
1.37738250569
0.764263159828
1.29614019603
0.241743167746
1.14493402594
2.99516449869
5.47756048897
1.45160519751
4.57030535606
3.72901839414
2.47669150715
0.544969014591
0.00139246217441
1.39380432991
0.677581680706
1.5394764673
3.16918908153
4.8067837971
3.48320084589
1.65988685959
3.10024462407
3.55263498845
0.931786697591
0.736874177353
0.0817987842602
0.816537753213
1.10180913238
2.67398704961
1.84506853111
3.22536207596
2.29924650164
1.54096873011
2.07440656726
4.6179712622
2.01669019414
1.34938519658
0.147018742282
1.01403921971
1.03292779066
1.38926251046
1.67176091141
2.26466662367
4.39272667374
3.27652183129
3.88618933409
1.46775858849
0.536966148531
2.47196944058
1.25982974283
0.266597370035
2.2008738881
1.84099513653
3.74487311475
3.38115860824
3.36875678925
3.42891724198
3.74864372297
2.77031922108
1.46910393983
0.00118683592882
0.181970521808
0.342166276532
3.74207470939
0.833093370544
2.61642181082
2.11424870556
1.69238496665
0.500047927722
2.06627965474
2.30103622214
2.99175121321
2.18243745388
0.0718890053686
0.134404227138
0.777801711054
0.993689203635
2.369052222
1.41984476312
1.70488032699
1.72006559372
3.82855410781
0.336593650281
0.209401220083
0.0
0.493542589247
0.103004999459
0.206582084298
2.73965089349
1.50485203695
4.26978493761
1.39164705575
3.22665547207
0.022880166769
1.52431929903
0.0
0.250376835465
0.723702602088
0.264052496059
1.08677484933
1.3235523575
0.262642790913
1.41582755418
2.49605822889
0.346592216752
0.211947970558
0
0
