0
0
0.0
12.9945996255
31.4911511018
64.3339413888
39.3341589449
10.0175162852
13.2030462027
89.6270512642
142.330106467
49.5578077286
18.2671082346
24.5614494235
9.19152089954
28.9238973857
43.882720381
25.7167146206
33.9598230646
62.1295622885
36.4577126707
61.4679314309
5.45736122131
2.75566886366
7.20553125814
14.8472836018
3.9694830263
11.1050120741
37.3496482387
97.7881189138
80.9345183023
6.73495320977
8.30840706266
44.7583393771
39.0632894263
64.4367824011
62.4056305066
48.0390082598
29.6915733888
46.1959150994
95.927234022
93.7893777564
26.3176150526
63.3146328125
24.3915902366
56.1733744015
25.7494152187
38.5193532017
6.62447154521
14.3335283557
18.1604430378
31.7574759427
38.1258791434
58.9473886193
57.00405468
44.1686619725
65.0507857202
45.2771244106
50.7873056083
33.9941902757
30.1510354214
23.3280288549
1.4961851011
11.640984267
43.5887074358
54.5078889058
74.1628965866
84.5986958798
19.2564152107
76.1113726795
59.8322175778
52.7806483135
6.79072389007
1.63975162804
22.6973891482
38.5435942229
74.6547606946
18.5576173989
24.7347160046
68.227974683
12.2868592199
96.0545052811
79.5096135456
93.3582524434
92.0373027139
130.523356944
24.4560528192
17.1322348751
28.9686053366
39.6576282223
22.344521787
26.2973865698
73.1249039714
32.2505932711
99.4140606523
122.818371132
58.8674730566
33.5315919024
27.8410299468
58.2975173928
20.0215141252
41.1622192339
63.480732618
96.4091626354
14.1866326472
85.8204094918
96.6034836845
30.2006946048
24.7009516255
4.43460830302
136.436653051
2.53288449348
41.5037244977
124.27652723
64.217861412
68.4303827808
35.4737149178
72.3884359505
76.2844076436
25.3000079357
6.62622142675
13.6265140269
37.3351541162
36.3455701126
28.3925280533
36.1302475529
67.5218195748
55.5434875934
29.7589055383
31.6357928383
79.0343791656
59.2828565239
26.3690982665
3.09569997014
51.2043153384
14.8676783144
33.3250205666
52.8147235214
21.7337168455
74.5320256459
53.5580661893
52.9458077587
22.1301757693
111.322907925
53.9244171242
43.9443237149
5.09730417235
20.2379068905
52.0738499834
108.11441756
49.5107182721
87.0622621946
77.2326694541
73.3015543157
66.5080006867
34.9535241696
5.39142449316
5.25384664536
28.526090304
64.1797420421
12.5932449689
76.5642662645
15.6557999421
28.8402900641
26.7641879172
43.826766193
64.8731699736
51.5355626866
42.443451047
31.8981381962
3.41852851956
0.0
10.9489926249
55.0183694678
17.1867670678
49.4347843942
45.2210636662
53.7955992893
15.048803106
9.37715506553
28.880993843
1.9065908175
0.227942660451
23.5534399431
31.8347101584
30.7987873255
86.1536651551
11.5957867652
62.8410906996
5.09361941366
33.3555162996
2.80297339709
3.77853477
81.0061246454
24.7449448406
18.6676829606
17.5734270662
32.9342287118
49.5286704562
30.9774567838
14.1872481778
7.06533153355
0
0
