0.0
0.0
12.7302732468
26.0138689075
22.2781934934
81.3963753619
93.041427523
9.62710539065
1.19945311546
142.809880866
167.563550524
39.2072553984
33.8553868867
29.5475820782
11.2214163244
35.4630616838
29.0404602439
37.5721969082
33.8945144964
72.435893177
32.79733872
86.7187446355
9.98610506952
1.01097974181
10.1420507468
3.81312346459
23.0571210533
15.5414758399
68.4417259992
103.72868371
63.1182469279
7.59715446084
22.310546536
52.4270792081
23.9784316309
75.9752649106
44.9134864099
7.87260228396
12.4709091112
32.536418628
73.2411119062
99.6352003253
53.3864596915
73.7111085019
28.6435739714
45.8621881138
80.4618217013
44.1181159392
10.8035113849
11.4156139791
12.5714046657
22.7707885718
38.2840591721
83.0583437438
75.6520039961
64.4654361242
87.9569574259
39.0670180656
37.058327347
29.4041081294
38.8589662718
3.58537017926
26.8612653706
14.1047003176
69.2652440964
65.9610793591
84.7294813692
96.534766931
13.320207607
85.2979559227
44.7148885354
42.4189572874
3.48158115149
5.74565892667
17.1446644664
282.15855408
83.0029206946
44.3321828297
36.0923717246
65.9351006338
10.2274808641
90.1228688657
69.8433469087
58.074880998
108.175333768
80.5102360546
26.5336026046
22.1424728204
45.7664289883
47.8726649434
21.2320247367
22.1985788103
65.7206937494
7.44744960218
150.26434654
139.750038039
80.0781658498
30.7801643686
19.6547873458
35.0972202624
6.60184021387
31.9671789094
76.2523325532
134.950047919
27.4060488298
105.426206309
93.2806000114
50.017491017
19.1858605854
2.24878158979
28.3001037254
12.1551379189
30.9971581176
78.64680963
117.898174914
90.6851501722
38.510095817
60.3571820633
78.8342599087
36.3873101297
5.68418958598
2.49042160716
31.8970251492
27.5869820194
51.2446492253
46.2823170391
57.4719518424
47.8375626197
24.8535171746
44.3242222219
118.793668594
68.532394141
40.5940621476
9.12417078763
63.8839752228
26.6921363846
34.9078394765
44.7522466855
53.8484825184
92.0786922514
75.6032870952
84.3368262146
29.718374189
30.9393443652
39.4805443884
53.2118158126
8.55168628692
35.6116989506
49.0894859434
97.3929208963
84.0006973128
94.4669216573
75.5589151606
79.4690869711
59.8665982447
45.4451116697
1.66520049144
10.749791801
17.1150225084
80.2520359447
17.7549487464
57.3051156029
36.4650111794
38.3322333098
17.5090571456
46.2870182237
71.6119053326
55.0574830771
41.7432417646
16.6818424389
1.00353152677
29.9104615891
18.4652864813
56.5580619984
37.1906030424
54.8755475014
18.7448904253
46.5640082806
0.91242930293
0.08227397874
