0.0
0.0
5.11403524877
18.1751364469
30.0467134416
64.9815941378
66.6999984048
14.6421340741
8.03622908146
137.296746243
179.177619204
84.3057652927
15.2307067104
17.6983425021
13.9058889449
22.0282760142
34.9766361305
28.7313407316
42.6339185004
75.511571819
35.1328172832
85.2533364593
4.64069241286
10.6961621046
13.8030961035
8.48978349566
18.0112051573
16.8085296303
44.3986612111
106.946395889
73.6668423715
10.1066839099
11.4508950189
54.5656214933
27.9899431877
47.765060814
72.2800126075
7.14044456184
22.6389215304
44.5848907102
76.8961496594
93.2835117168
35.721470003
79.5367040969
26.5368776993
54.4925790578
42.8736006562
30.7202290445
7.9975605011
3.19720664621
1.92985962331
26.8859422174
40.5810269359
76.5208032535
57.0255187546
41.8180970033
69.3826911463
41.2240801015
57.3648584393
28.0955408066
40.3560651038
8.49979487993
10.4904141929
12.0958114592
60.4605046157
64.7538441857
74.4734319672
98.9772608131
17.2528205663
47.244060371
35.348025877
47.1706931143
28.5489935875
29.232396707
25.4524056065
62.1444659158
92.8333118465
35.4652287439
21.6608429295
57.9938097372
11.1442578323
98.641997477
99.3128402755
72.1878521069
91.0188932755
76.247527429
18.103840705
35.549156729
28.3550899363
47.7498383028
16.2418779619
26.5097429194
54.6762863808
21.2174970433
111.163855612
134.85404668
73.7457685769
39.1625594376
33.7049495083
47.9056101312
17.8835574877
38.0796987223
58.35976905
99.7976377812
22.4232611395
101.877606768
83.3367580176
43.5011679902
27.7526328732
1.96650785208
114.944636643
4.00414079335
39.5181692374
109.973827545
92.9546905608
74.7530398056
38.0389738138
58.5031898674
75.7528836485
37.9958196413
6.22224757634
10.0868761037
31.4766362441
31.3686394114
37.4635422528
41.8641908561
55.5489510019
51.9577098401
28.7351495995
32.9860594198
110.902760122
63.6017993688
26.0935841621
4.22148187459
55.461081259
21.4385709465
45.0515159256
46.9812180446
33.0564912698
83.0913412404
57.7579156906
63.7794939278
18.1157192588
34.3978805914
51.9760433743
65.0498485594
4.0880466071
26.8227217534
35.199726954
105.397740075
75.3532523587
100.688588105
70.8228443731
77.321665261
58.2933559678
40.3598873914
1.74308552826
30.8661850133
25.2958551274
52.8575390988
12.8966582017
78.3535272907
27.9861395136
29.296615386
26.5110554918
40.9485190642
48.6163852886
65.0857946501
32.4133154112
26.7449135856
0.0
0.728612300009
8.94696878887
36.3862933963
27.6562863146
66.6949173845
34.9462819846
69.7736342846
8.96811747552
0.0
2.06390726566
8.05754511058
0.0
2.45934846998
37.7160403802
30.4651556165
104.514171135
14.0784427822
72.433207512
1.09775400907
21.5840735436
0.0773067567497
3.81415408104
132.526254863
11.4908402553
8.67236282676
19.1899650246
31.2513385824
43.9049278814
65.0580401122
9.77645576746
0.706845771521
30.4000000001
291.049999999
6.52999999999
2.49
0
0
0
0
0
0
0
0
0
0
