0.0
0.0
1.76174658537
15.0519659668
32.23244787
62.1274803202
62.6403251616
13.641049739
11.4937540982
124.415248666
147.192042947
68.4807889759
17.1336428504
17.5302286595
14.7405109405
14.3625661489
49.8464164975
32.0617892006
42.8028938378
66.169189481
32.9747500978
70.2859092782
49.10876289
10.188281849
11.3862426616
11.874858141
9.9766455288
15.6975258216
47.6109185369
98.6753488183
74.8933958962
8.4368717149
7.75995508769
50.3230423294
25.6853778641
54.015506465
59.6767226458
13.2473652363
19.2750059953
42.6639058682
81.6533920224
97.5127805582
31.7544032909
70.5324254093
27.2211894002
59.7686976046
31.4200073993
30.1923652366
12.8168263435
3.68018594383
3.32061043382
27.1950646536
41.1989649552
74.1016383022
51.7920487058
40.7878960334
64.5102133531
48.1247903834
49.1872534733
32.6036230008
42.7370203325
0.233547882177
4.54193054885
15.5760551915
45.6513309739
61.0479986602
79.4342520288
96.2129106336
16.3332980387
63.3640106321
38.3318590522
51.5233915373
68.7682337388
2.97121289558
24.1534253172
57.8804358103
87.3761130749
25.8724310921
19.2185004456
58.4629880414
13.7630233644
110.680973022
75.9052081481
73.8659616708
89.5945188334
59.588814617
24.2980546207
40.6954879426
26.8331323342
45.2630095243
16.7307448508
25.7600817718
57.3566434366
24.9759957622
131.584988572
128.454224456
69.5497987735
36.3568850923
38.5042119809
60.3582354336
15.3235757947
38.8287406973
53.8495264356
95.8090374972
17.3598302733
89.6535224318
94.8688803612
33.9302105494
26.8782901586
2.16738861054
95.4027590551
4.23155940046
32.8190500032
111.507234089
88.7274611201
70.9135771171
35.1185025991
60.2183477004
77.8725280613
20.4708178192
5.23130809889
11.1561081866
32.9627557788
33.3660089671
41.9399545589
37.1932885358
61.0639994954
53.1383119951
28.482350383
35.5566653554
88.2509460636
58.4108515308
21.8972555297
3.4897095859
43.9109074514
16.7184750661
42.7565821186
50.4454154866
35.149644468
76.7630953901
65.5212462991
59.4171797633
18.4703934789
54.0486978739
50.933617847
60.4737630794
4.41221732414
27.2493614628
38.0884650574
96.7727155442
61.2813076778
97.6975110545
72.2341506557
78.0512977279
60.3397676815
50.740709111
1.75700779678
24.8653478623
25.5845696033
56.4679647089
10.847943584
79.8210238853
26.2807799522
26.8602109663
23.5181839094
44.4380966182
56.7756568193
63.3425275013
32.7273879926
23.2739529591
3.14867520331
0.000970819004578
7.68977242894
34.8494600057
20.3336572191
60.7210937986
41.8732837289
55.0428261458
23.4895191193
2.47823631763
