0
0
1.55436444282
16.6195027772
22.6764459293
81.6554685859
119.322101891
9.32160905376
7.84430598468
164.575512473
156.069689423
32.9483466559
45.3124590679
28.0832160002
24.2906003594
8.44339993224
36.8987728622
47.0418334901
26.2353338347
55.2334368
65.8576823669
68.0899328738
13.7365189791
3.3426080905
4.79305866547
16.1476144195
6.19509932398
24.4799906155
49.1210196019
91.214663874
67.7740237265
5.07619895786
4.09029006398
51.8461459865
50.0326782055
50.4118393622
83.7786165475
2.29625880718
25.6403821622
35.7458756714
110.655660767
126.219320493
74.1075842678
66.2992749614
25.9751115739
29.7038078606
116.04623801
41.8212795406
4.10359297692
8.2964123916
13.5111806877
17.5601680689
29.3110362478
85.0454701894
89.2620362062
49.2329871516
82.8900791052
63.6617817878
33.7639506161
22.440340329
59.3617749446
22.7266466171
18.2327211499
27.4305381329
70.1820386947
77.5989803681
45.4951408356
77.870986987
20.2085689455
89.5244178773
39.2005306267
28.2690619238
19.903144598
18.6501314035
11.211617589
99.9695015141
92.6771140248
57.7397866399
64.7909241691
75.8746566866
14.0418011248
120.995445203
69.474978011
56.5873265472
191.012018725
83.4346262813
29.6411690712
33.5351910442
62.8611515947
57.2427924005
55.810254246
26.0572772863
70.2363976558
11.9489380382
85.9128776863
83.908679813
73.8192878086
37.7187106003
30.895906194
21.5429093465
17.3239252567
34.3333546836
83.0431233756
135.433368713
33.964448467
126.252007239
50.6614698173
25.9306479468
16.8095020875
24.6340259774
29.3374846546
23.634505732
27.1694850941
75.3685986958
133.650269475
78.429791417
42.1098577548
92.2873952868
81.7965063415
28.30005645
7.2755339574
2.03686245438
62.5051070227
34.8876185863
66.949228093
48.8593920478
74.5702863362
63.9624212813
31.7997251674
18.3336378588
123.280052733
3.16145373881
30.4603054618
21.8740196787
25.1186205838
46.836369373
57.2986081728
77.3225014397
59.1753477418
114.979982011
67.4726397079
88.694386974
30.7163919211
44.1258854381
80.077787161
14.2350287475
8.36983462795
48.6577817914
66.0757024968
95.4319787006
90.6331866794
66.6746461457
89.5069857314
78.234395111
81.1748677092
43.3331436216
0.0
0.819797359406
22.5097088814
94.575183995
21.1440097466
105.463393927
56.3257953766
37.297964394
10.7249676324
42.1404877157
70.784447724
92.7151771188
47.252477333
12.1742176116
1.36332178116
17.2212604014
61.2362714856
66.9386079144
33.1333524194
62.4599000326
28.0295856
52.1957883463
16.3286890313
0.429561272263
4.02379345894
0.518506675958
8.29326234386
9.34805104138
80.8753593341
72.2410800252
123.13613021
42.8071999066
70.3760710022
3.21805107593
47.0916915535
5.46176165342
21.1662326865
20.1682627201
17.344368875
51.0197886802
36.3181300723
17.0972621553
36.5653102286
41.7783039026
12.8454546332
3.06213927269
0
0
