0.0
0.0
4.59400820731
21.3090924024
27.2331199915
79.9405919966
111.593333532
7.40800961851
1.0269908309
160.151619259
173.820056543
41.2507730462
36.7853651606
0.0162862055004
17.944059955
18.0532476045
33.7992419112
49.7629424035
37.6568735316
56.2548564132
49.6312678234
60.4412482493
0.565662335604
0.0
14.4380673766
3.60428899526
11.5030434877
24.403326407
60.5173130482
72.6873075888
60.6162031582
5.0186329633
11.6364800725
33.8023022976
57.0645841063
58.5142993927
43.0059941412
16.0038462281
20.960410866
32.5989887753
89.2340409905
117.038900625
75.0642513055
57.3498062006
31.1120334326
39.6301323922
110.207787037
48.685784027
7.28354483844
5.42796058954
15.7383319298
27.1684692353
37.871356001
85.1061310339
91.3815111816
67.6624639147
69.4533284772
38.238404436
48.7821357698
41.8473246619
81.4593112003
0.0
28.2337836922
24.9933950902
81.1760178432
74.2587478682
58.9067146238
79.2286206967
17.0144423861
95.1985915512
25.0823114923
47.8517455402
36.0879063607
17.9859229792
8.55320877581
82.2056304439
104.219224468
47.3298794813
38.7997659598
82.6984140091
8.7545070313
105.625765856
63.0488379607
40.2170372306
165.813174158
82.7491790726
22.7445694604
33.9674271662
70.8894985663
57.1077921689
44.5272873043
33.474358175
67.6807663394
19.9894141741
57.1920335424
117.690668117
70.3792112405
40.5439963862
7.04899531322
37.4239708603
11.3060605824
29.2648388827
64.6332526243
132.411583727
33.2856139428
141.765153832
81.1789798738
21.1353927059
6.74245699123
2.97812319221
40.9096151465
26.8311968743
34.8931129771
80.2351946294
127.753204772
80.899765553
38.7827815042
75.9272325485
74.1440425166
16.9450625195
7.03789203799
1.62625780888
32.9513669909
31.1999882105
67.9629909619
46.495429745
79.5233030542
56.5616979898
33.1029928838
31.8767033494
103.574130218
11.1331952512
36.5194288642
2.84243277646
23.6622837363
26.0749333464
42.6835072884
46.2908728123
60.9317467231
113.264872469
79.738206977
72.0837520658
32.7825300694
30.1611709279
65.7707922924
23.4341355152
8.91831958294
45.2067516782
38.0368267894
96.2687202142
71.0462936993
77.6277621276
94.9594426985
97.16290785
61.0254617705
50.8736939002
1.27820137795
3.05842065811
10.500056684
102.051364705
20.5267983321
60.7743798914
53.0522711947
36.8623879162
9.58697205036
53.1342313481
60.8818143905
67.9458818436
45.780026201
2.2499848078
4.34732785822
13.9844899003
29.6244116016
54.1126595736
53.5548290383
53.3817786415
36.9590456486
68.3570044488
15.8854994997
0.0
0.0
5.20724996926
0.0
2.32032215595
77.447049793
41.5903248209
114.186363593
39.661428228
78.3243350498
0.484255347401
31.4527753294
0.0
1.43960008258
0.0
19.8588524312
36.8424983026
31.9110248834
6.29969581961
40.584429318
59.0184971318
9.56867482512
0.77511048317
13.58
265.89
0.0
2.92999999999
0
0
0
0
0
0
0
0
0
0
