0
0
0.536819696426
1.21016146988
1.08214461978
3.24369527504
3.88596730586
0.180737367831
0.0599391297437
6.66053885687
6.66120804008
1.9418024834
1.12307395088
0.935795605183
0.402485643979
0.935269791051
1.55638423655
1.68686342798
1.63661927031
2.84595725208
1.33303557598
3.32588294521
0.147553663701
0.0
0.0288872215897
0.446430064738
0.673867574893
0.871127351187
2.81626854837
3.86027572048
2.65670847113
0.303656928241
0.942302308977
2.10449014604
1.49462239258
2.52482825355
2.98696009163
2.0250587929
0.548009323014
1.08837992512
2.99488888867
4.72042132844
2.37808887893
3.15766337363
0.997322687763
1.63654032303
3.95781521499
1.89010462444
0.371464450844
0.205321076326
0.528771087527
1.00170659833
1.37083597045
3.48204163217
3.29812850791
3.2182907355
3.51170076919
1.16623676254
1.33574015461
1.14324238524
2.72243199532
0.275429255096
1.52856172947
0.493803996535
2.86332098371
2.85326773999
3.50881493371
3.78079209244
0.477759044152
3.47005529702
1.6964318254
1.69344531465
0.0714110136032
1.17936337832
0.54656881839
11.4457943644
3.48599450639
1.94207609008
1.67245619255
2.80158280185
0.397061703727
3.76145627815
3.52522951411
2.44868488051
4.78018342238
3.22405220568
1.18514492922
1.01931508258
2.21000972867
2.16182891856
0.974647301016
1.07273028721
2.63846819848
0.422937279567
5.8189494228
5.330228323
3.11661060643
1.21186928009
0.48942947574
1.51818650053
0.242974421708
1.31408607244
3.01044193911
5.41680424847
1.20232060889
4.04409057065
3.79358482361
0.935669066152
0.68326521432
0.0789032538887
1.1227066284
0.490447205491
1.20375342411
3.33294912032
4.82140342996
3.64985164977
1.54260287818
2.59900283255
3.45658527035
1.91021646524
0.381528069847
0.0859478769707
1.05113704456
1.33745922853
1.96112577128
1.817841724
2.46818035515
1.83307805622
1.39740793034
1.85002073646
4.79804903781
2.19758872874
1.82344826311
0.447886387352
2.29969028942
1.28298881906
1.29875383805
1.69613252662
2.05728591816
4.08789937035
3.29524913826
3.65531843435
1.35499422369
1.56671450613
1.52270689234
2.85565414932
0.392750371248
1.85726974346
2.02914630622
3.77884043287
3.51783450041
3.89977954887
3.42285838863
3.50133558759
2.52244644053
1.61024546809
0.0624944239389
0.159595429897
0.570128050575
3.4243941512
0.755972256418
2.84806427325
1.72952099168
1.51753770746
0.646665981039
1.8348350905
2.91324204672
2.67520181183
1.97116302047
0.59050134127
0.0531866407255
1.23297403072
0.878774663115
2.27814221242
1.45794791024
2.46685595479
1.39683607337
2.05560205691
0.0840597301722
0.00425019720569
0.0
0.760157030076
0.0
0.120960780419
2.44246421044
1.08447409701
4.81088638864
1.25624340214
3.44887958281
0.0218387758359
1.21126113832
0.0
0.599940791726
0.980488874018
0.233243739232
0.855279963464
1.31998662651
0.358194836183
1.33802772686
2.41536942311
0.444034944288
0.156899078749
0
0
