0.0
0.0
11.7273888588
30.3711113446
27.2873978018
79.9877165873
90.2404015661
10.8609969439
0.204514578916
128.448240364
166.011868961
76.6034354582
29.5709844958
22.511031339
14.1609725654
23.4530438986
25.4513137447
43.5660153778
33.9157839362
74.7985316813
42.5326503134
78.9677837045
0.530511707066
2.91978979111
5.84790734947
16.860562563
18.5999693424
16.3672901765
56.9626396615
112.234817259
70.3082222762
5.06832077354
23.4529567771
52.1821172498
31.8570039422
61.1690174191
70.063653767
8.51558987796
13.2795199226
46.0499152802
75.0921424795
92.0895770062
49.3323835229
73.0095958771
30.9595926907
61.7248279006
48.7000219637
36.156313464
4.86712445318
4.79232609271
11.8841853747
27.5759346374
40.9675657265
78.3027445762
78.2412007721
44.8522791098
77.7734307703
36.0114372242
22.6267337501
36.9600118474
42.5510375659
5.44875244795
2.95944468677
13.6767307562
58.0611369065
66.8884889669
88.2311646492
105.037239326
13.8239939287
47.277453499
30.1329270713
48.0035771587
1.97203315794
22.0507977996
22.114360258
65.8312972618
87.6480342708
42.9629286559
30.8121538474
63.1757991425
2.11020322144
87.9117709212
105.543304034
59.4698988943
99.4201149511
89.3210367886
45.0465562781
22.1526630409
35.8240281624
52.8844571338
18.0826720325
27.7582445321
58.7027691566
12.8167352826
110.597944781
132.195836049
71.5276119523
35.6565119549
19.6967460634
34.9082424211
6.48990028399
34.6386112841
82.2373651788
103.36359789
26.6152120939
108.572685532
90.3797933758
44.1636814402
23.3086070214
2.64135673642
49.7512478731
6.23108656704
38.1402878388
98.403911814
116.620876433
75.0609432115
33.5404338298
68.5136086308
84.1913222707
27.291980057
5.25400818698
2.99651965219
37.4849044495
31.3453026926
38.9928986525
39.1688764394
59.2167885638
39.629910755
25.4085567276
29.7010517986
111.238199825
70.5146382451
43.7110647653
5.96622922272
66.6311981006
22.7703133374
36.2638970352
47.8149215011
42.3085117992
88.9432501942
74.1496166582
70.490009129
16.4249782562
26.4050525074
69.2660800462
61.0024987171
7.20459003746
31.1586363763
37.2424116432
93.7019897256
79.5033123158
90.9258911534
73.5234585163
86.7235071211
60.9760167785
31.391530417
0.646453748458
18.1855228096
20.2222051313
57.4545660624
22.984219484
58.0149395652
35.7159807254
32.8678096392
20.9838732853
41.194730447
67.2362077498
50.6535074004
39.8489301502
18.9610641059
0.0
18.7978505627
9.4101961255
43.436331426
29.9304340663
62.2564036762
31.6765797437
60.4464871512
0.188176654279
0.066149007529
