0
0
3.043587327
21.691550374
26.1434209385
90.750814939
104.429687239
6.79484082386
1.10155979544
170.684996534
184.60664748
45.9490485917
42.7202791459
7.54903692334
17.6426743325
15.9924150039
31.7812118513
48.6110769734
37.1010874865
60.3345327079
42.3244041502
63.9684619987
1.43078666925
0.0
12.5277691931
2.90438622235
12.7158791274
25.4056757167
68.6702126563
73.7916270511
63.5963802869
6.13113060036
17.3655231977
41.1221040012
47.4833963849
60.1121979878
58.0399089139
14.0598152876
11.5161761837
30.7560513766
89.3080202938
114.968733505
80.8236674107
56.972263746
27.8150650766
37.6360884905
77.7903924509
39.8159329445
4.14784812926
9.25077517982
9.2713037599
28.5599234105
36.4313898542
89.574126726
86.9389566108
84.5192596615
76.9687833041
37.1824052016
41.7146142571
48.9724443206
78.8059762829
1.98473203182
27.8013762161
16.4395917356
90.3014832326
70.1994355022
68.4781786949
80.2082551606
12.8240618706
94.3871171256
32.9058826435
36.4181602006
26.0374939721
14.5492750425
5.75672382115
86.9099586456
98.4275048153
50.8963625268
39.7500768648
78.5037847404
9.37410657852
113.083313185
62.0559077225
48.1618244647
106.431480288
67.0130136329
25.8200454154
29.9953403561
70.9811672866
48.5805954533
41.6948471366
30.6005740073
62.4076567757
19.2209243383
79.0431033271
110.21898631
76.8354224722
28.4370443467
8.75837511197
34.9307437018
9.91528670489
29.4920838029
71.1271876646
131.129839864
37.2673110379
104.990340768
91.7006392478
34.476962339
10.4625781691
0.58153216727
36.9666157169
21.8155309511
32.711192323
78.7425337723
122.952381648
81.8753281637
37.4948392692
80.6514532865
80.7671380481
18.5975200497
11.1358699948
1.44104967825
22.7612965847
26.7001420687
65.1961140408
44.7025764473
79.0784956812
57.7426853897
32.8208610434
46.2765163778
112.096531592
37.6456694304
49.8600644321
3.43311525509
19.7324688546
19.6433118805
37.733177958
43.5851377202
51.597568944
107.401285652
76.534596786
88.3368691205
32.4545395375
28.759004172
50.6779383794
39.3880407103
8.05429691076
47.7727787952
39.4181165462
100.717725549
75.056029044
82.6628726945
94.2606394886
90.8968950967
68.6058847234
36.8234058022
0.418113115243
3.0467813015
7.47148744483
97.1923005581
19.9218602115
61.8371488116
52.5611308459
38.5258159786
12.2289585806
50.2415550761
58.5859462022
55.5717648269
48.8957917615
1.78788863495
4.17790406942
18.2271177303
28.1594136134
60.3577273226
38.9525209651
52.0859046691
39.8901997805
77.7386422008
15.1488063633
0.0
0.345968462527
6.99848923087
5.97968512774
2.11616617441
83.310061343
38.0935667753
111.37769153
38.1485536694
77.5151457991
0.541297355666
31.9700889588
0.0
10.4930480188
0.450578391552
24.1772447414
31.4774343074
26.4262194113
5.73880202695
29.5265103187
55.5653381311
8.26697333158
3.58365762233
0
0
