0
0
0.0035784819629
2.83104328817
1.63745073893
2.71021493548
3.15962887928
0.258819356328
0.950491215102
6.67221735604
8.65804554382
2.65416509728
2.42160278955
0.00405827863142
1.3373638062
1.58217120264
0.55919391592
2.37532554858
1.61927623767
3.05278022215
2.25233531138
3.84729874087
0.251993628219
0.599389833398
0.299169192091
1.76810954325
0.51083067432
0.897384006239
3.10705057363
3.70495397033
2.6716942694
0.23886847659
0.376856520772
1.90826402162
5.63017322042
3.96783419512
2.18482197169
0.0250656175194
1.91443978192
3.66494872607
4.06563448592
4.56735835969
1.77865775907
2.08858127636
1.88505045441
0.644973040558
3.37050482258
3.80072450428
5.81488137133
0.391703177011
1.7576902525
1.86407720944
0.600316569209
4.72819409426
3.71294585266
5.8904337273
4.59726986592
3.37863415969
2.95619854843
2.45699792716
4.15133662755
0.201044727815
0.430703761056
1.61798498407
2.9732469758
1.77012715786
2.73716170155
3.18346889573
0.89147587819
1.99660743028
1.68382949801
0.91511616658
4.10160036571
0.338407335104
0.688388258219
2.3609657425
3.2873850558
2.69618568313
0.569159962237
2.24489665474
0.807078699581
4.43830991071
6.03796724603
5.1359924227
5.74030275154
4.34037920879
0.610585325281
1.62874246814
2.87705479655
3.00867675338
3.27565711131
1.60247999802
3.71211258788
1.92304119188
4.55017178087
4.69907967187
4.51466552599
4.22798588127
3.57430658862
1.1264665846
1.48051748425
0.885862660944
2.56366755161
3.54325807514
1.47057801951
4.13515713229
2.22235234827
1.59602078306
4.29629886709
0.094011582667
2.57631959097
0.318183848169
2.33183249412
2.84211405832
6.74554152042
3.33763493318
2.22016066127
3.02616426238
5.63343146251
2.38030731434
0.0373001475818
0.420999693219
2.62314352207
1.87056057341
2.58224542299
1.91790661402
3.35607068427
3.91269738693
2.18645539135
2.25555735908
5.63004094199
0.347967010457
1.43296026799
0.379534522071
2.07894898171
1.3106583273
3.02075220644
1.48371513991
2.2631322206
5.48499866202
5.13055660296
4.39405781776
2.1107192093
3.39660406485
3.56646218151
0.721721630543
0.580010120058
3.03631645814
2.7600985337
3.68947963323
4.50063796807
4.7972250618
3.56399075454
5.90814563259
3.55748310674
0.612424582301
0.358206920326
0.071728157578
1.96280650422
5.0165917417
2.12239696714
3.11697377986
1.49019798776
2.2214925671
0.966826379299
3.43906573206
3.75686673215
2.29601758218
1.16254929919
1.05553549901
0.250571383163
2.06873055547
1.76692287484
1.67521002993
1.10877434956
4.41526295617
0.894271746278
2.75286444649
0.930862084031
0.0485541149974
0.0
0.0
0.114927224815
1.01102250814
3.65465179645
2.19273000816
2.44460700173
2.17672134191
4.74323913315
0.134550951421
0.999026495963
1.06114013912
1.90036448836
11.246895209
0.963571535423
1.60207566945
2.33386530913
1.39520153822
2.74997738027
2.15773530863
0.732397422194
0.737979177386
0
0
