0
0
0.0
2.68615980446
2.47694913158
1.87516609457
3.24657787208
0.270514548291
0.81156835705
6.85267056467
7.65531753399
2.61225043028
2.21625999297
0.0
2.01769663871
1.17209081491
0.516348741716
2.93790886435
1.57090068888
3.28653890314
2.44268279476
3.48238946358
0.294163390994
0.440269852057
0.412269554916
1.75276727974
0.765358268924
0.984095293214
2.92510598607
4.07098291864
2.34244747972
0.242475268664
0.730753952637
1.99957674782
4.92906709982
2.01475045225
1.62323296815
0.538461748511
1.25064194947
3.74320090376
4.05440910102
4.46701866761
1.33227876876
1.72758529289
1.61000301992
0.792803331278
4.16573750414
4.80460002972
2.26241652481
0.414601607481
1.55033716478
1.53906093875
0.608974453062
4.49578554963
3.96384406823
5.62604361982
5.12178339157
3.09701165743
1.58540280233
3.00310653774
5.87261619233
0.306618199043
1.5913717337
1.34457119741
2.78266680613
1.89225825161
2.39211027883
2.95523638069
1.00275364053
0.891681615962
1.49646162009
0.729702266399
7.49962693825
0.490400789422
0.740243686363
1.38410101307
4.13547524996
2.55426586187
0.693183045834
2.10957519501
0.910532917827
4.47151030099
5.91568758525
4.42292838311
4.41389254201
5.08698280621
0.735740970587
1.07879065606
3.00544809888
2.98832119163
2.87094741885
1.3668193398
3.70333137829
2.03571725031
4.24461537367
4.79032088327
5.89434911869
3.71396650851
4.62661016226
0.960718767019
1.90159473568
0.729775165441
2.486587808
3.6184093887
1.34166748356
4.14719380112
1.84977546427
0.963190525421
3.81549105211
0.00512822053861
1.66165234614
0.142145083519
2.34465511574
2.70460480073
5.88917196495
3.09385856381
2.28341019456
2.54784320534
4.73960148648
2.68696254928
0.0565510937013
0.368943470065
2.21157188481
1.5277042985
2.62041273993
1.52367745107
2.99902725592
3.4619217196
1.97692259541
1.86316654063
6.54455093667
0.170005116612
1.49810447369
0.621429551451
1.37384222867
1.18945580162
2.40984190907
0.949655054603
1.91211688798
4.86553837894
4.35827950481
4.46052606124
1.41037032078
2.83746065944
2.19420953467
0.804958325811
0.604416361661
2.88490427949
2.03316155495
3.53480909561
4.30363285635
4.01545472536
2.95070035825
5.42960999627
3.63924126676
0.460656996816
0.141092251986
0.02934311633
1.06690241117
3.36956885085
1.61537603976
3.14267573343
1.67513976619
1.76971825026
0.766869843297
3.27214671299
3.74979964783
2.86752832681
1.17148518562
1.3371799087
0.176504540257
0.656918307766
1.03846343487
1.62010723911
0.736430636724
5.04362072446
0.475341573358
0.907644047402
0.515585361049
0.123406656086
0.166170215234
0.0
0.0276649035513
0.504691947252
3.51479995809
1.76838259376
2.80809984356
1.68335213047
3.7444304917
0.0557104386389
1.20319453254
0.49271284393
2.02811235888
0.150924451649
0.612173024565
1.97843205277
1.75610274076
1.40293231979
1.99901110912
1.86320635676
0.496348551475
0.313618296757
0
0
