0.0
0.0
0.0
22.2645526975
31.9761222974
29.8380759818
80.714595912
15.8726404309
13.1231125072
149.920500264
191.977623328
46.6148942112
56.8009931333
0.0157078024931
33.5435954779
14.2871557474
20.8228544891
33.4335431513
28.8039240931
73.8661321699
63.1621686706
59.227327075
19.4494574033
5.11733096837
18.1224359684
36.2919437885
9.73311196267
8.5688390904
44.2398802992
96.8068289683
58.643166875
4.11704250053
7.53109820186
59.3220116124
93.0127372519
42.3213086798
49.0305717588
0.346281163394
40.555009447
53.3277566136
109.986930666
105.854021989
52.0205914882
56.8566639293
49.1448701621
16.5993694961
102.096801784
80.8646209762
59.1678196639
23.758820191
23.4286065465
30.5081361271
44.0616592169
89.7956464793
85.8988882507
67.5109754093
118.649142001
47.1541617214
21.9079968855
35.6364171691
107.183226272
85.0614492427
23.5981861353
32.4740281104
74.9115540461
65.1224275622
56.6613563597
83.9519799146
24.8733846098
69.2069440932
70.9573426824
20.3629442425
109.508553654
17.0955855064
27.7314941436
38.8892501369
100.444060028
53.587956883
39.6623885371
75.6161210909
13.0780088715
173.196193032
113.739980414
95.482215643
232.828338504
120.663306752
30.8195985686
29.7658030315
66.2357060491
59.0753610022
73.9099352359
30.5604547039
92.8675922155
25.4942011982
104.507008463
100.322181734
153.254537713
75.6302324218
90.4184920416
25.7672960129
53.5207970292
21.2643802855
66.7035244927
114.779388338
37.7218446751
88.3159670794
50.9139897823
25.0224829706
82.464412339
0.707650925964
51.7338366454
7.11492479033
68.9425842314
43.0784623884
150.943279613
66.3431937509
39.4047984703
82.6998104676
124.82399859
78.1351574818
1.09804273769
9.54524889775
67.6689277589
34.444134593
76.585084632
36.5298583488
58.1833754741
63.7357252836
42.4293207451
28.980768853
123.468053587
2.4190183729
16.655370296
1.15943710506
47.4936685202
24.7939890773
59.7851027604
31.4774639988
47.1516042353
99.5352741593
88.9870155974
144.410667121
23.4926155172
27.5054645798
93.7991327494
12.6390153375
15.3328134902
50.9167769105
71.0290864414
94.0916147846
84.8897120654
90.3815228851
86.7063415646
95.9064188897
86.2168890043
20.3216430321
2.58025190234
21.2184797027
49.642049119
121.213260882
44.2781897318
82.7167613986
45.0589318759
48.8767812698
15.3338538297
83.2233706879
78.5428148405
111.165118044
36.1660619081
53.306675599
0.329092293977
6.86255317927
21.8326198384
52.1738761961
29.2769605591
111.268755851
14.8413800597
62.227921933
17.8814122528
7.58607530594
