0
0
0.0
28.8328176142
46.5303852372
29.2331696722
74.8063830211
16.5836905763
15.973340638
175.844934653
179.597239248
57.2835033518
59.0664609634
0.0235036276281
42.1907050162
20.9416311854
13.098203022
63.6486988886
24.4430924606
69.0322247184
74.8922112118
75.4775214494
16.5005946457
6.70095980914
19.9736357331
50.6582762004
45.1137134134
14.0774846678
46.8780788575
90.3836086001
50.8081264766
4.8877733387
10.9937905585
52.6949281181
84.7925145106
18.1563111115
36.6682075699
1.71330933273
30.7114772899
67.2353899776
114.725793779
104.57267702
29.1651495024
48.7377962508
41.5472127982
22.933427833
91.3354775011
81.3370125192
68.8738930375
10.7421089374
39.9034698362
36.2004180062
37.1496887952
105.09620896
92.8618501426
90.3582027526
122.591127299
61.8961707233
29.6022057593
47.1221153225
107.094159186
1.28984417114
46.6355561614
27.7185301781
81.8502204158
51.3685676213
56.6694218741
65.3862936125
25.0812059866
60.2494291886
42.46062699
16.1396326795
87.6667595431
12.373762989
15.2100257836
17.7162354738
106.66928445
54.4241848318
23.5046519805
56.5629235133
15.4064632952
121.110212218
127.289285132
76.7849616912
84.9425579309
89.5560044647
25.0008119232
35.9750349737
60.8666610578
66.3554980159
66.8101179377
27.075621005
93.6718022414
43.9940025454
88.8842006474
139.828737678
115.904725654
80.6010671294
76.3266829402
22.4618401341
49.3130852693
20.740214928
66.3867484442
93.9671020433
30.3364629526
94.4039489287
50.7865534862
24.9252871942
51.063533003
0.193899261765
25.9851012965
5.111829618
49.5533265648
42.6723213046
123.582131322
72.9854964343
50.3757695854
68.7226886117
131.45590718
58.677027449
1.3925536098
12.9234895483
44.487220751
31.6070126294
65.3452934158
38.9466517567
69.2024774998
67.8109999783
42.0210084022
32.6743003764
140.050425209
1.02045205236
6.85293306782
5.16903430224
14.66620491
13.175616039
54.5784146414
12.2563916445
46.0870185346
96.8820944969
90.5756461644
116.549475633
29.4653257951
54.0301543102
73.954804033
17.092834482
12.730668107
56.994161964
57.2747306227
83.9402109962
84.071567609
83.1586191338
73.4663119997
115.098077271
84.3419751869
15.730090647
4.00976890606
11.9478454907
16.6954694018
67.5445114375
38.2319983039
74.9882858069
38.169910781
43.1258819551
18.5155625157
73.173422724
86.1675387557
81.4993750435
32.8110421301
69.8096428514
0.693463191391
13.6359199919
23.2488791831
34.8579670898
29.384833999
139.553794272
7.76528077572
13.7022062167
9.61607041956
4.96109798179
0.0211876351386
0.0
2.89887177943
10.8396416455
74.8690629127
48.4514604583
62.6426079646
39.0030043087
84.1993737425
0.0
44.0008153171
12.3919870444
50.595707059
2.68391329051
16.7596906945
45.7989640831
46.050295338
31.8022046239
48.4105805698
42.5962697045
17.5085235312
3.94761094452
0
0
