0.0
0.0
0.0
8.75289829541
36.5276647798
28.9108251216
89.736080803
21.0673533864
15.8512393534
140.777502766
158.988463132
47.1237326023
28.7858412127
0.0
14.3825762272
4.35047128423
14.8818814689
29.3333130329
34.9042282188
60.942790836
62.7578633772
72.2323479653
28.843613226
4.47149967262
20.9987278506
34.838698782
6.73688142468
15.2606191586
37.1747062392
80.213375844
53.7002144311
1.87731480785
5.72398767247
54.0218853029
108.873522855
54.9768377803
95.5250722469
2.90679770707
35.6351929418
68.5593935489
120.387798138
89.882484287
56.3720952384
75.1984496712
31.8761132174
20.8343370315
103.158191686
54.4979327916
32.8156294226
7.83748740144
21.674489446
10.7973363697
32.9746462181
98.2609805614
66.6393249482
53.0532979778
96.4872092083
32.6967070699
30.0403981483
29.7505420615
78.486292069
73.1666187547
61.5194120407
25.0400517137
84.1530896947
83.199013397
51.9727361827
78.7417305595
22.3489710018
56.6962580681
38.2803065842
34.8534636665
55.0088227987
46.7531268108
9.52282445134
69.653114766
83.9102040679
50.8084544911
35.6103976685
68.8986923621
14.7352101803
126.091983726
82.5721654846
102.76596576
179.012695402
137.226059552
32.1356750765
18.0710880496
58.1646128242
66.3029285297
83.9089086614
31.0051521062
78.8423943082
14.8129107384
78.0029654503
75.9559328556
117.747893371
44.9142721742
33.2697852998
12.8292903006
40.3294927553
34.7402212099
67.2754247189
103.625801023
27.5763608124
110.077554542
56.6488095446
40.167648973
90.6919339747
4.47093693818
82.4335410074
19.7305419277
52.8375318312
55.0489740259
172.190544952
51.8427552972
41.9755402877
92.9832308292
122.462207634
35.3808467738
3.18230273388
2.64629558846
47.7015416474
22.9675282091
64.305627102
40.2397389672
46.1212209631
59.1148991604
26.1019373909
26.8028040658
145.68884795
3.01734977962
12.8111812072
4.95027308772
50.2665996106
43.406592697
45.0100778808
42.681667339
47.6481297502
99.6838869341
77.2856890486
109.048535306
32.9280917086
68.0162656625
106.073085113
7.08873943426
12.4161822405
58.481340587
60.5460631325
89.1820738726
86.7218549587
77.2285616621
103.492368054
93.0476386697
77.0145706781
23.6191773489
2.604927063
3.35206389427
43.5150436164
132.972471446
27.4397592175
104.201192974
56.4794222004
49.8239485296
14.1737725474
77.8341651857
70.893108126
127.879730369
33.1686847507
36.2715401239
0.940627276898
13.5918713808
16.0037322091
58.1866779103
12.5325994715
113.536591966
27.6046002655
44.408305049
16.8198902607
6.87652373314
