0
0
0.0272090379149
25.8757060162
42.167268659
27.0970892789
91.8199078346
17.3804583605
15.8057444505
141.240514286
181.726186478
44.0179878026
30.4667821973
0.0
29.054891646
4.26569449157
20.4417642988
27.216899447
29.950332569
61.081820922
60.4064948558
69.9717804696
26.6822484211
4.72083069384
92.0413594992
28.3314517738
10.3903546929
10.7724741446
38.283638105
89.5042893178
56.6540172631
1.22902277112
6.68310078979
53.4686831803
99.0029156952
39.2887421585
75.7032506616
3.33382165433
30.4050300847
57.8377006366
118.677574139
98.4675603881
49.7384968399
73.944217667
38.446557317
18.2053746711
99.4285016237
67.8339894713
32.0799363144
13.0930260234
29.3615694233
8.55060602724
35.1931494317
98.9993790014
64.6982160454
55.7683407067
100.305249928
43.3946913554
32.8147378423
27.2977859081
87.4363013506
47.9611739628
43.4744145871
25.5119227766
83.9287302866
75.2382791117
56.9257625676
81.323972784
24.6072611064
70.7824600339
40.4903097154
26.748669695
69.7501134994
51.361607694
14.281557396
66.2844010186
93.6606629491
50.3317242154
33.4897586479
69.480757501
14.0891367383
148.631002142
103.323209616
111.120535612
163.066300392
132.448988199
31.8067692629
26.8126034774
71.2874597311
69.6025185586
87.7334584258
28.2325987313
81.949898243
13.1220721146
84.0011324846
73.4463249744
109.677645955
49.86703185
42.7593405247
14.3459848054
42.3136164955
36.9232739462
75.9312986042
105.521651153
31.9385292492
78.9461376072
50.4895977192
35.4760222435
44.6716401278
3.00796620686
65.3984460533
15.7948604263
52.5631550364
53.9511537106
171.272044569
53.8048199304
46.0482083558
87.9352558601
148.91811311
35.1580734634
2.2807199657
3.61167808716
46.3915672246
22.5559525452
65.1433917134
40.7346947194
47.012576742
57.0561126842
29.7123521604
27.0464642729
127.997305328
3.82471266389
17.8878366184
2.3915734347
46.0134418896
42.5599526726
44.6786245778
41.2572911534
51.0447125611
100.173737079
75.3637131137
119.517713428
29.2457134164
49.2395228707
110.256157192
6.99926992133
13.9003419341
64.349065639
55.3346504086
90.4427277948
88.4410112388
78.9847086557
104.254155681
99.338102527
90.6886203346
22.7220363915
2.6416767072
4.55899921061
39.6528484001
135.458788566
29.7961379789
95.5565882419
57.8699710742
48.8480307427
12.548392877
86.9985412639
76.0564338262
122.172162077
25.2496747078
38.8456203828
2.67686422169
9.55927169323
9.96183217318
59.9297270458
27.7236746772
114.593390012
22.4363593608
56.399445042
22.2928490192
7.39979624748
0.0
0.035063548945
21.8503198028
16.7549464703
90.8424688651
69.932622984
76.5288185813
39.3017156599
81.5215089898
1.81812143326
56.3888450861
6.06759039312
32.4636232001
2.48581055179
11.3845225722
38.3818735778
78.8338034302
16.426179612
55.0976201222
49.561663337
19.1186499596
1.3824039381
0
0
