0
0
0.0
26.7055554288
33.920374805
29.4645741396
91.1257569418
18.3404869549
16.7530594468
133.67976642
181.350245923
40.7904194669
32.6556037954
0.0
30.8887431622
2.77080314419
15.5236863066
29.4819003605
29.890000999
61.2209719195
56.6756164747
67.2432270235
21.8553449214
5.05690362118
95.2809151466
32.603083849
6.94433262432
13.703987733
34.3206983954
93.8294104469
57.5230837594
1.63412360474
9.26048605889
50.1846490894
93.8574966984
46.8445826098
60.9016404917
2.61508977413
38.2584495312
45.5620859676
124.678850736
109.9264424
45.8835900408
73.1108719166
46.6440298519
19.7320107808
105.975256311
64.1210620478
45.9058606625
17.6338199303
26.6791452449
13.8552271239
37.3506081552
84.7034204453
67.5632128018
62.2141671739
104.797692737
51.4465816094
37.0125733428
26.4361110238
83.1762405931
36.2581242007
29.0710711778
21.3384507448
91.8953273446
69.1537313071
63.1098402674
82.0853460432
26.0861685946
38.688832283
51.1954918094
29.9881467094
184.683529124
61.8975881227
15.3193840831
66.1138384939
97.3327870668
50.1005855129
36.1675686389
74.6522615254
13.4133628272
140.19649328
104.72093457
109.635807127
184.059762742
92.5078285262
41.8847145214
20.8623931948
74.4189513288
68.2865329553
86.7756352723
30.621237427
87.4392497242
10.2880825494
88.1214050801
70.388865888
120.450138923
46.2421540282
39.4355809987
14.5445421673
51.3914984688
33.0627705473
78.5558962786
108.742248259
30.8400992006
73.787055133
55.685067907
35.7249757061
61.1981974951
0.0412149382754
67.4282214158
17.0027920157
55.8597294521
45.4225593406
163.137416974
57.2044864841
48.1469221116
71.4161905925
150.975087902
47.8516513138
1.49895153008
3.93034227938
56.0250314736
24.6682274938
71.1231836938
41.229974784
49.926197718
59.8571817576
34.7012932375
31.2518313852
97.3634788078
13.3900129795
121.74740373
2.38752454449
49.1013766682
36.3198416568
41.908248648
38.5645568222
55.2892650739
96.4056370742
74.1307672262
128.526499987
25.9017274474
49.0272922666
55.2729698717
10.9853615183
15.4817483425
63.4306570663
68.97740601
96.1439701394
81.4880879112
82.5382390582
102.743281748
95.0891766473
86.6728263516
18.3025469407
2.34060343634
5.12984388134
45.434060365
133.885762542
30.5224114121
92.7749644044
54.8938114531
52.5513180792
12.3384209834
88.3671355582
76.3869817663
106.427598389
25.1128697098
52.8047007211
3.61080121994
6.01908159257
7.00157981738
53.4572418463
33.003167376
113.573728412
21.5070491508
54.5968667417
24.9350634814
4.19353634119
1.22550398111
0.0
24.8910266664
19.2440261766
96.0284166578
59.7300021574
81.913190525
37.3122190274
86.0772886778
1.81899350882
60.6043771058
6.37699621171
32.1445272266
1.70201441646
14.821734488
47.2678731679
78.228184104
19.0373784117
53.1301132812
52.4983740113
16.7269546688
4.33407325855
0
0
