0
0
0.0
25.9838249563
25.3248600396
54.2417087071
92.6113193873
18.360481834
6.75727409496
144.377604621
164.191791058
49.3243315649
25.6876777214
4.94705557824
16.9002873301
3.27419496886
30.8259308338
36.6784097402
39.7503728158
59.7710743212
67.9287011662
69.7744454407
29.5388804376
0.778520632536
15.4129228313
26.8374550939
49.6547599356
22.3635320971
48.3860350493
66.3355947118
59.0008923007
3.76936782898
5.80376469624
65.2715176195
68.5935904999
47.4249156118
69.6234531662
8.05678439141
19.3078492731
48.5885351748
120.160849974
98.725172143
61.2195542268
64.3734220248
22.2214705646
22.9079233501
96.0722643043
61.7048322406
22.3740803897
21.3350875452
16.7007990154
14.7464829013
35.3573323488
108.073058982
66.764336178
46.5994046623
93.1070492527
60.9512216448
5.60854980535
44.8529954246
53.1402395227
80.821207121
24.5465276688
17.6827159524
100.469040703
83.2303212612
47.0399502233
76.2645738199
20.8490375429
91.4966872301
47.699784413
30.7728024871
62.1127853393
15.4580673091
9.83071748167
83.9866797924
97.2708097716
48.3998336791
42.4091281594
73.1544266268
17.573193904
114.534624535
90.4015417099
71.9214910073
144.862012804
122.239991113
55.0859645995
26.8089465761
59.0384455471
64.6853411738
76.9323236794
27.5031008273
68.8397449013
22.8626858471
71.0940143102
97.8289162963
119.859462613
38.7466312051
40.4861516376
16.2376157753
35.6376194582
30.6063112466
72.7136582023
113.861796733
28.612841975
106.355960122
56.8194045425
73.5761345251
137.840052003
6.31877445895
79.8351019594
15.4217939819
34.8451050343
72.7612913736
156.927844293
58.1657412127
42.8857824504
92.8412657976
130.047896996
21.3988128193
3.43230792134
1.65985820442
61.0153771788
29.1649218946
53.4968870803
46.8124256395
48.875954423
64.1105707548
29.075735989
23.7174320254
150.642066876
3.75823464989
21.3872946706
3.03744583949
45.636190435
44.4804322644
51.8895484394
50.0818441025
55.0677347258
112.335659869
57.8522785361
102.548368399
29.6550732852
62.7123671026
121.823262077
7.69814406708
8.7323982641
57.9509667288
73.8300260604
97.6554409639
84.0903755798
77.2398506328
109.934166558
85.7988891677
60.0672235898
42.1858839662
2.604927063
0.697794390377
33.1546617151
138.002717882
27.1376875718
110.267492591
49.5394051066
50.9083769023
13.022770375
72.6081785503
50.7315474338
104.692133568
23.5224237442
38.984469138
4.7387484312
13.0459000552
10.1296930444
60.6720151025
29.0729197757
83.712695472
35.122422695
46.9850521534
20.1186688095
0.0
0.0
0.435726240278
11.8777753115
11.1734949946
86.2957448959
69.62013885
91.6617278438
41.0253120158
84.8060869574
2.58003526927
49.3682669251
5.85862965881
20.9432690749
17.4966865629
24.7947999984
63.688037587
57.4029063509
9.75601576176
37.1136337202
41.3737397902
22.1938384473
0.95238715969
0
0
