0
0
0.0
26.6528775394
28.0197584275
31.919554417
93.9160441159
17.453100197
10.4649487473
161.997664098
194.461072884
53.6035633831
49.3697523214
0.0144255040213
23.0477841832
14.6825782713
20.4242635667
37.7515425346
29.791424699
72.0295148491
62.5525462255
57.1276618951
22.0461414876
4.56768585463
83.7098990791
31.251586631
5.55766940117
7.8666743436
40.9914999214
97.3489043306
57.6953249854
3.73675458134
9.713634687
61.1951469379
93.463799905
31.3225468397
43.5826129932
3.5064009726
32.0916513204
46.8805870414
112.614183828
115.178939983
51.1774606145
73.6773791957
50.5722026587
16.7403547615
93.5898915958
76.2287589312
48.3309724332
10.0827217922
18.8269010894
23.7407055069
39.8462421744
77.4458993878
87.0014929622
68.9083935319
115.01847893
47.8107663989
41.9415721447
28.3225026281
98.69311101
0.344863593578
20.2439070716
33.478947401
83.2243779526
64.5858283303
61.0470098107
82.0807695854
24.6149065644
54.1593187003
76.826524519
17.9666620698
82.3867782355
50.8475883175
22.858264491
38.1169473343
95.9750844463
54.0028243884
35.5497807562
75.0195220114
12.667334279
166.538146198
108.508121146
99.9827913343
129.95708128
99.6427265146
40.9822579567
45.658308847
71.1237948322
66.2741445713
76.7685003766
33.1465801298
90.3814379275
24.543764893
110.394067526
148.265391667
213.644487552
85.2458148523
70.9832579232
18.2368566413
57.4082485735
25.1010188357
71.6769184358
113.82062749
35.3398742081
82.2004072735
43.831659168
19.6430622228
53.9251396694
0.293564300983
54.092575061
10.3713620547
62.537154587
44.5674824863
152.572407078
63.0189435746
42.9652066826
77.0999528273
127.10558595
60.0325503024
1.25689256843
7.68797719013
64.095081389
34.2700115741
74.5131782479
38.2067802586
52.743753193
63.4831911643
44.0311062074
26.0329845446
113.212846968
13.2089867145
71.9858530462
0.691003866262
52.1880599515
27.935085509
60.379336344
35.6560781244
47.7522448226
97.0914338083
88.62030036
142.119740188
25.3695227354
28.9605051466
61.8371164406
12.4759863582
15.6628713179
50.3728811592
71.5359351038
97.5491085845
75.5823212088
83.1795275566
88.6545009278
99.0974971577
88.439124492
24.892873451
2.58025190234
14.3083690479
56.7378634214
120.228830494
38.4059562161
85.7949560938
41.820141401
56.9096452742
15.6362709403
76.4198064991
71.7940702848
104.559971876
32.6239420474
48.9295091628
0.309261471034
10.5343052745
18.8726370558
48.8340845062
21.6665392045
129.741812926
20.7131239325
61.7578075826
21.5213452745
5.67950257658
0.61088271439
0.0
9.31286787986
11.4900535941
98.4978241939
53.4593432398
86.2268834486
34.3808427528
90.6043382083
1.35635849833
58.5199742316
7.11693318934
49.9669603406
12.98319057
28.5092122258
70.5599236786
81.5779902936
24.161366743
41.8353520186
52.5907754525
20.8376000393
7.6455053687
0
0
