0
0
0.0
0.820031508687
1.04172611493
2.36367159709
4.32632807363
0.962267220253
0.193279525265
5.82058080286
7.73882281035
2.34573302208
1.19295478147
0.207403301029
0.682497739792
0.138156605186
1.35463404725
1.63672366505
1.20854480611
2.60856380407
2.93607988628
2.70412662625
1.14532405883
0.0365985454991
1.02922949381
1.05632185936
1.30907301232
0.818610931747
2.13241116563
2.8919788776
2.58474035934
0.141287399339
0.160679783905
2.74080668308
2.6181552615
1.90834314097
2.97269812715
0.732552051544
1.27711979905
2.40517408471
4.62280801742
4.49366784963
2.94879683293
2.52500030864
0.656646226649
1.05233359127
4.48523239442
2.36692073988
0.913809888065
0.572845369112
0.410029408988
0.449156992137
1.33785015903
4.82328422437
2.90600929037
1.90754945215
3.7243779772
2.4490515925
0.378001407487
1.89602064015
1.66164282209
1.99771285709
1.02703308314
0.677163634449
4.19429145404
3.1414581649
1.9524650299
3.11279037199
0.717813233845
3.8147617681
1.90039111965
1.43200890627
0.904075399041
0.58767548285
0.322478380054
4.18488130532
4.11851184443
1.94551925734
2.30835414422
2.8779536644
0.654874285683
5.05910303514
4.06053703139
2.67634952907
7.36925203353
5.87282870582
2.09180496016
1.35053751804
2.53220541077
2.73952395748
3.30830960721
1.1719173016
3.03980174009
0.855967036681
2.41748800332
3.48880054615
4.21788057091
0.926343075931
1.28690705425
0.623308975715
1.37542404234
1.2194602919
3.02573091304
4.75858587632
1.1768109689
3.69503910886
2.36318126041
2.79887807718
5.30029914808
0.408601264178
3.48940224573
0.724366659066
1.42154217605
3.30042963522
5.97003612528
2.58756503626
1.84426408261
4.18010924
4.72207371681
0.787958662026
0.180013575708
0.0500028382521
2.64712714031
1.28139828611
2.0046567989
1.94274869049
2.11424575839
2.65602332097
1.07539536123
0.923646217794
6.09798626247
0.391091842204
1.08587475866
0.117774256039
2.24717395188
2.15432529524
2.30179814342
2.16075349762
2.15056119254
4.56356366142
2.55513270758
4.74145379502
1.25323300064
2.82655945234
4.53748763492
0.361620916985
0.378589526284
2.53157237568
3.12176298629
4.26238250197
3.68060445413
3.09026049072
4.13529555616
3.30653709779
2.82157616364
1.41014040663
0.108538627625
0.0292846374214
1.16853129491
5.42988464423
1.13370418362
4.5491823738
2.1658398438
1.93362151459
0.486466614064
2.78811855987
2.59796095837
4.03565643157
1.20541662723
1.48196285218
0.109185300767
0.619110214582
0.611537141725
2.2182536037
1.37210941082
2.73025493207
1.3125834316
2.14685473591
0.918358092196
0.0
0.0
0.00555264530703
0.680291365832
0.451868126169
3.48220321536
3.09249710897
3.95727908704
1.63582761539
3.3263171725
0.0907971486449
2.34044524655
0.29992765747
0.761331029818
0.773653790355
0.856191527098
2.57067168504
2.27988120262
0.553018212784
1.57181264041
1.50078511331
1.15398590267
0.0658065006137
0
0
