0
0
0.0
0.654908505268
0.874046464683
2.19606354763
4.56480809092
0.670948652318
0.225363865029
6.13643037807
7.36734007299
2.04861225327
1.11219663126
0.207403301029
1.03265939094
0.193594173877
1.55702597415
1.57402670477
1.22476550983
2.28900901042
3.05623728177
2.79596594675
1.46460044384
0.0175641579553
1.09357266244
0.956077896059
1.01553787291
0.91456026677
2.28682535887
3.38669046375
2.62212704867
0.172835022793
0.0590462407563
2.76428072411
2.96992345899
1.2934433436
3.05541446689
1.45196944475
1.21603173902
2.86400837824
4.64183552749
4.74739878625
3.02765124617
2.88622428849
0.64971096185
1.08329765417
4.7729928717
2.06803774275
0.783161237836
0.473956859671
0.849237807735
0.441671532579
1.1718987049
5.06361416308
3.20870908699
1.8705699686
3.87756414665
2.58073531929
0.593237856869
1.58211713878
1.79375424981
1.75873970985
0.848906762898
0.744071783207
3.86661277851
2.97272588313
2.09125646367
3.15050004749
0.786872206256
3.98125165794
1.65902043268
1.50141789671
1.48257416487
1.04821815924
0.609829509631
4.46465902403
3.97793513536
2.14525574073
2.62050693715
3.12744338159
0.635151926428
5.06577380002
3.88225388597
2.7279092453
6.92074373085
7.59049993753
1.427818425
1.53505863203
2.61091007083
2.70058804646
3.10614682548
1.10364677431
2.8659570833
0.595788599225
3.53220372344
3.83067352697
4.55815863982
1.01489810413
1.31441787863
0.582077455707
1.39269577991
1.33516633371
3.57385476725
5.11147241248
1.18742307532
3.76807952882
2.01733424515
2.18030040711
0.451900129206
0.365949770843
3.48024016561
0.746591366245
1.16560202767
3.46385543543
5.89209024375
2.65517104534
2.07002208801
4.04528862122
4.17101069062
0.630076602101
0.187599056517
0.0490994396387
2.51485493779
1.2481729202
2.00828803121
1.88521908037
2.16146913823
2.56235326861
1.37156120362
0.980579045136
6.6333440764
0.149055987597
1.19702716614
0.92239663098
2.18658711179
2.54516524263
2.63192559406
2.79832131858
2.15170007967
4.40357036213
2.63689808827
4.4237646726
1.3886629492
2.48762415722
5.02977525443
0.404239304364
0.389822423458
2.60077388783
3.08208516194
4.28699743561
3.65586868348
3.16988228908
3.7274559252
3.03141953354
3.28310836107
1.3878138928
0.0
0.0687221214175
1.78427431732
5.06162114255
1.03071444482
4.59949193802
2.25343263149
1.61396335694
0.421304091229
2.41731497901
2.24106236547
4.44359036535
1.72142932005
0.990277503617
0.0202769748867
0.55975166522
0.840922256932
2.04573089117
1.35604265431
2.8324627995
1.37298534065
2.68593768775
0.762615974061
0.0
0.0
0.0221404265612
0.815142333508
0.45298191905
3.93745534495
3.18287171237
4.29612602782
1.71225755755
3.30557857454
0.123449884355
2.30632446706
0.190032606013
1.0971794856
0.316114355111
0.596547167748
2.40645072004
2.05972546525
0.535475564422
1.8610989718
1.72893131245
1.01346357167
0.0858404729515
0
0
