0
0
0.0665461532772
28.2212170958
39.2989536355
32.9766035014
79.4123496074
14.7635536641
12.9302163497
163.478555214
199.799846054
39.20338065
50.9552268461
0.0265404246746
33.0652624817
16.0899687968
19.2881686092
36.1896474883
22.5674461462
71.443577081
65.0250820387
53.7375116273
19.2709923238
5.39634928106
20.6035124408
35.574918732
12.3536548019
9.58057405147
42.1049534892
98.2452124637
56.315004882
3.64518335088
6.82925896068
58.4625605083
109.87378264
33.9371918254
33.9892040045
0.415218919517
35.1705136243
69.3128555863
118.473198384
105.574131331
45.8561624364
56.5108393951
48.2084482313
15.6996170729
91.7113565978
73.6635385752
52.7276943326
6.02060727775
27.034545089
31.876386702
50.720689729
96.8555206954
86.3740722499
73.1406369098
124.391874025
59.8107522838
23.686541453
46.425855984
110.888019606
93.0237386004
41.5588609279
29.3302454352
76.9383776654
59.9484625944
57.5779068655
75.4376532286
25.6616826653
61.4334195257
63.2614686499
17.7195293438
89.9780909122
26.5417778549
24.0110747642
24.8518736959
100.432174891
52.0442608483
32.7484129714
67.4468230716
14.4455955774
166.954400651
143.821065475
84.8152833581
279.537220805
91.8359985576
27.1407838762
40.1364545105
58.4944018553
57.4325835854
68.3271303401
30.7930553333
95.9150408059
29.7042265423
99.9293746277
103.636803471
112.867221742
72.7760757487
81.2472909094
22.9729230925
61.3370982259
24.299354771
69.679708656
104.455479339
35.4112531766
90.8475476642
49.3921694532
24.1231982186
71.3118853346
0.30484717805
58.6797090826
9.92638829676
53.1680707298
42.062199371
137.83189854
70.0054905535
45.3706410528
76.2420551429
133.07324568
61.8005870534
1.20968962088
11.1576666143
56.5680673546
31.4059200883
66.064125672
30.0033909828
60.7258062792
66.8761903903
51.2017575614
32.4968691067
119.36583717
12.968578577
12.5907054981
6.57506065351
44.754302123
18.2426714078
52.7978590877
27.2316379342
45.1286770553
107.574361771
91.0287487507
141.799691498
24.261976093
52.4136300199
84.3128328883
16.2770787505
14.6221981756
52.3402468334
63.5488480032
89.6228532996
85.6815300732
84.5505384905
78.7266012914
94.3168175462
85.7425419941
21.0148968995
3.13755528442
19.7828137278
48.261677742
97.7654695082
43.307902325
83.1262317394
41.5250638313
53.6079690233
19.3565930575
83.6856763176
68.8368692981
100.883947022
33.7958514691
57.6599769742
0.572363108398
10.7349869907
22.5920814676
46.3249191977
14.3937753746
129.808464311
12.4824120328
48.1257987322
15.6047474295
5.98755419254
0.746830478311
0.0
3.71646630763
18.2116217315
80.3199630305
57.7405050696
74.242542252
38.210417281
89.4718707763
0.0
57.280133754
4.44396031649
56.0658951626
16.7125453167
17.0754046831
87.7505233884
60.0373682678
27.7433054969
48.4888166674
53.3615581915
24.7247182802
5.50513158739
0
0
