0
0
0.0
19.9333589184
21.8487015534
63.337747626
116.576293068
8.71139504201
4.41246762871
150.514858983
173.718973696
35.2486266754
31.0105373882
4.97101351339
28.2181785554
11.6224582158
34.362063691
40.6924901827
26.788097785
58.0551765506
64.9739495573
74.9214812702
26.8620100022
0.717754103244
17.2871214934
26.3962495922
25.9607332795
26.7586065446
54.2422997318
85.3462856134
65.0872581526
4.50647894292
1.02487045526
51.1618090867
65.0810809457
54.4593810775
65.7789688668
11.9045339227
23.5651339022
53.7701642028
103.060771932
122.25755595
72.478596367
74.306056559
23.4213134944
25.9735558368
105.615748012
49.517004043
12.1447609663
5.19452589098
13.825205097
11.2729548588
28.102840039
105.532466241
71.5514279791
45.4107832164
93.5803618188
66.5828335668
13.3101643771
30.5687130912
43.33053438
76.7216752126
22.404141292
15.3330186903
79.509890411
72.4454351076
48.7924951538
75.1662532445
18.0699242167
96.4588010609
33.3915413618
49.4780583569
30.7971522902
17.6071798001
15.0142816231
99.9565859287
87.0068405494
51.2301042079
61.7788463942
74.2495078649
14.9962850511
125.140449196
79.769695513
64.5437767217
181.0594275
153.97562824
21.5381178176
32.5955481156
58.1712900912
61.1743057714
66.7732349484
26.7168883402
68.2416118426
17.9085761625
102.851612024
85.8674015923
87.7568339837
31.3344400591
42.1819945061
17.3645003848
27.610244561
33.5680645752
85.8828950153
135.183031641
28.6614917256
101.592982985
47.8946866392
21.9491729066
9.31895974651
9.60862883599
71.5532954686
21.2405540133
22.1667473847
88.0689139142
150.632587407
69.6673921337
41.8573691323
89.9483970031
89.737220334
8.91091011466
6.07459283899
1.36907880753
61.3662384096
28.710781619
57.0281045381
47.8800296131
59.1331525258
59.6567164315
31.375628034
22.1304262318
136.27741974
2.57400915026
24.8152697011
5.90921965241
55.48505346
62.5922075249
64.7142241531
83.0748818479
57.1618225985
119.825985957
63.355258517
106.428516336
32.0138894318
60.160549661
98.6113720982
9.6991489157
13.2965186275
52.731730627
72.2008530506
106.045295337
86.5918543898
70.3306660666
88.2577998842
76.0917659998
75.9706739186
39.7096086619
0.29856054671
14.2541175038
35.016127199
115.413373724
20.7311294759
100.580564551
52.4604848474
36.8396553396
9.6274808161
44.5181580818
83.5954499244
89.2360866778
45.4096620977
23.0610081162
0.983001083136
9.72498764935
33.2948919163
60.9100470598
30.0682332962
52.6481094082
27.5103471278
50.1231055855
17.2856475189
0.0
3.0985171795
0.394837528466
12.0832128525
9.7368761748
100.652567714
75.8922375106
111.425885372
40.3003832102
81.6643770487
2.99392426013
53.4905705453
5.3669162281
21.152828143
7.49092841148
11.4837028384
48.8168730139
46.7193423809
13.5215901062
49.7423254699
49.1623048111
18.0885304212
2.16943832114
0
0
