0.0
0.0
0.0
46.8963797093
53.8424826936
34.7770704199
74.6013948898
15.994434569
18.1479359642
164.288766948
199.460137208
62.463673979
74.2883141431
0.0617612376809
43.490361954
21.8519324195
11.1195287034
73.0501492248
31.9533321317
69.9316974264
68.9372218474
82.3020637594
11.1932174563
7.4323547557
18.8565659299
43.2512699738
28.3227269054
22.244234629
60.0319751318
100.128084739
53.4804980849
7.30188001692
16.1718547717
51.5799229174
104.189085234
15.1932479628
35.7112508734
1.58099730313
40.0829037634
69.9820771572
106.165922133
110.165172994
28.8747722748
48.6182035637
41.5405987166
32.8689432665
82.159563169
86.7167769055
53.4928285181
28.6369473674
42.033577411
35.4418586177
24.2577924478
98.7295817016
94.0251826308
104.542910362
119.359810285
67.8085242631
33.9733568933
61.4595302801
121.50581038
2.70922279637
32.2958037703
24.2908446641
71.6632192879
48.1873092334
56.8645678349
64.5512620435
22.4271066114
50.4256857634
41.9175687739
12.4064083854
120.876776598
9.50076527429
21.5277044624
17.3505885825
94.758119543
51.410036196
20.0490843449
50.6208901406
18.6561475159
104.054530922
112.751389727
82.95952704
143.387307532
104.233474061
24.5123435407
22.5456890445
66.1964502017
72.3962366916
62.2007069383
29.0836871266
89.6466597319
46.0518922358
75.0594866798
144.565739136
117.116177847
81.0933398345
75.5070884674
24.8984578577
46.8549919836
20.3390551675
66.2216885983
87.8837812543
30.1134183439
87.4146506489
48.3462828622
21.5467893239
80.2386835366
0.501846207305
18.3070951053
4.30834060908
51.496373593
50.1643460522
114.020952534
69.6045048768
47.4850071185
60.8592201965
124.782383704
65.659318955
1.46374931373
10.9113334101
56.2095791102
29.7166922539
58.5198875935
40.0814463893
70.9465357438
68.5951038526
44.1622794074
32.8100294537
139.098032414
0.64394697547
16.437787313
5.74536193766
20.2996647363
17.5646681786
58.803281106
10.3637640544
45.3430028782
110.180358393
91.9854272604
112.805065859
28.514308596
56.0757541358
83.085583739
20.8637092486
16.0252872538
61.9191751428
47.3759803399
84.8461649813
86.9077865592
88.1359224468
67.4675983394
122.057980992
82.1685113059
14.6549403118
2.00937158335
1.40518219583
13.7576884702
66.1014913358
33.0653109682
74.5916049583
40.4661424644
38.6912863255
20.1776884608
79.5341739358
77.124808291
90.1984388306
30.7696440518
48.540870823
0.200333431363
19.0935716629
21.9307770186
38.469867437
22.6908814025
115.458229758
8.85106741637
15.8999212012
6.99043927342
6.0148153603
