0
0
0.0
27.7030280717
29.7458894011
32.7978490423
93.2690207698
18.4370224513
15.5682338476
150.854455065
220.686549067
52.8014130593
55.137548022
0.0442038355394
26.6617993714
9.1363424929
19.529889185
34.1538869887
31.0325989387
63.6992787569
63.6317373113
59.4920239673
20.7611190677
5.06385846062
173.534091236
29.6297927945
7.17391097546
11.1524226009
40.9023540617
94.5457611902
58.0113838334
3.24924689345
9.69116781278
61.0521974825
81.9740535523
31.842509075
54.2354622838
3.82840036601
34.5724389943
45.331335431
126.476996661
110.174415663
45.4263399504
75.2809271849
46.9818833232
15.3152257036
105.477894234
63.2953623533
59.9082520008
10.1180865504
17.4221737794
17.0495208241
43.8131836205
79.1244459785
75.759030763
63.2547253166
110.020131458
46.6604858078
41.0863540248
29.578114327
59.2435752154
27.1167872698
24.9076691866
25.0403481425
91.2033368201
65.9555054158
62.0003870494
86.6421607063
25.0997586922
43.7841242551
75.251921922
29.6915177107
192.117168054
63.3479681652
15.5543749183
45.339917969
99.4033501447
54.3203530759
40.5087001474
76.8768203482
12.3693725411
153.459144004
102.722802747
94.3919076026
185.532737793
88.9287168122
44.6204346847
24.4977476801
78.8223275347
71.841732354
82.7463144511
35.212380577
87.634207584
20.1212691609
104.240509361
77.1188273503
133.681101617
55.2118589858
56.0296328366
17.0065659368
53.3152898722
28.9403911102
79.2604540474
109.453526499
31.0598069486
73.9825178237
45.1868452728
30.3479322194
61.3304988574
0.262762268074
55.0805559139
18.8797820695
55.8044321482
48.1115402753
152.840868674
58.8450777917
47.4387936742
78.1826031413
146.097145475
59.2486545538
1.22899293713
5.31004581694
57.5800031112
31.6066764034
69.8272109237
38.4899948873
50.4337949306
61.4464171529
36.4066076371
27.1222693082
109.615890261
3.87957456708
69.4802389966
1.11235988117
48.4561765675
30.3871841021
45.9074151031
35.6545154806
53.6559221148
97.5911683097
78.7206009245
136.96040748
27.2716796462
43.3333346508
57.8016302381
11.91338671
13.3809374948
59.9788761566
72.5292958618
100.377858002
85.1441822647
81.2497385479
95.2036877443
96.2450308186
82.0655625557
20.1017218307
2.5556902662
8.82954874634
51.8576438426
123.199129566
33.8724221076
91.6033866936
48.164211318
58.2509519309
13.3491191268
79.7160157152
90.5735578678
107.382282525
25.1669964641
43.107150617
0.518594026565
7.39945346117
11.1284960687
50.9988948406
18.6578072123
121.932704648
21.8179302066
51.8210138976
22.3091783076
6.14287407696
1.0111002624
0.0
11.9824541062
22.2086266726
99.5882600359
57.9456468746
86.9272311106
37.7016249094
87.7548601906
2.59731334447
55.8098393976
5.67451809346
44.8733503819
13.7520856261
13.3986903727
59.9901236594
80.4484971463
20.4803270325
43.6997327506
53.165158555
17.4499978423
5.18585420028
0
0
