0
0
0.0356786744669
60.5306571722
57.2397887203
60.1372612375
72.134539255
5.1229721401
25.3775407524
144.830522362
233.94445206
61.4459078628
54.1388717741
2.73549288511
29.7321871742
43.9922082202
15.4794206321
70.5618673358
44.7065227982
81.1077767462
64.4564913398
95.9649280385
7.60439430178
13.2184583545
7.25251228363
53.8529913425
13.2786905766
22.8729122356
93.8263669918
89.4648534079
72.7057262064
15.0503486395
13.9071854353
46.6874362723
128.238393688
117.678323574
49.5725884884
1.84534149337
39.1643661818
81.5212645008
92.4685220021
106.690894239
49.607579045
50.0203808808
44.0967739346
13.7121112123
95.829577133
122.431654193
110.36432831
11.8785818825
44.3985631358
49.453720417
20.5968717188
115.474916082
91.3622638956
147.14910372
105.493173502
75.7843339183
87.3438378722
44.6062998175
115.234800495
9.20023175609
7.3613395393
32.8368752002
81.0091809331
42.8613183432
69.1961685643
86.4621790498
22.0571416989
45.1697338522
56.3940368621
35.8198656142
25.3914924077
10.378179417
18.0531297773
59.450276658
72.4809381142
68.293357297
15.8855464999
54.5690136048
20.5119886547
108.024836864
114.049880088
116.038715333
134.484401598
95.8314000852
10.6017745016
35.8789260238
71.4916826002
69.8065729066
83.625370849
38.9247261286
87.2072854714
42.8873636573
126.947630055
112.593508422
86.6521099332
100.252139032
69.9640782103
27.0836856365
35.9628354907
26.8244216702
59.6711303014
76.4523838162
38.5825999306
92.1477164234
63.486907471
47.8277922012
96.0270559788
2.30305271409
61.7928342036
9.37852626667
57.4747116454
59.8582527862
181.565606899
79.9758813233
53.9375611915
86.1457746886
140.648423716
52.5145744644
0.963269060477
5.79657543451
62.5534742866
41.4205280542
58.4384559206
40.7551639862
85.8697059787
85.180497978
52.5577133038
46.8551874677
137.027268503
9.2748187445
30.5075376202
7.05303861202
44.6490280289
35.0767302475
82.788185209
38.187892883
56.6886611023
129.768879913
127.825450681
102.481602967
47.390248999
53.3678465858
82.6486887598
26.6579942107
13.4830819164
73.7710829078
78.550137017
83.5113915391
108.208785754
117.842177443
83.6681731493
136.139814589
85.0414984608
18.9993107915
8.94731153549
0.922396961599
30.5670538992
132.64615868
56.909516369
76.0773606626
35.5491118469
58.4416408762
22.9886889132
83.0789093076
93.9624198674
66.8866646849
25.4718579053
22.5292118043
7.55514384806
20.3491994776
42.718432177
43.3010545224
31.8735305686
100.990699992
20.6857992411
63.2732004672
26.5052635968
0.0
0.0
0.0
11.7137857675
16.2408287823
79.9582851828
48.1742603928
57.2224742957
55.6666250378
119.851998445
3.36733344197
21.1015366763
27.4482140244
45.2007596287
138.357304316
20.3285963684
45.2999487295
63.8647679686
36.0060971249
83.2252428084
57.2824542672
15.5963044167
21.2037446201
0
0
