0.0
0.0
0.0
79.3682910204
47.3719213531
63.1827183854
83.7106809821
7.06607460883
20.8370314613
170.203715265
199.679823462
50.1699987576
46.6299285684
0.165266677737
38.3116144092
33.7452632076
12.1130302716
68.2218072341
38.1703195721
74.2496016137
56.4194397173
86.6164476593
8.87002421916
13.2081266195
12.7360732136
40.8980235233
12.5043207044
20.4375489622
78.255481367
96.6372251131
57.6725825518
5.1879211273
13.5815408528
44.2005830986
136.105382505
96.8417133876
53.5026093497
7.23795175553
43.5514619016
81.8531822563
90.6860312539
107.76605773
38.3387683025
49.6011526286
41.3801279318
14.6216296032
93.6405194086
93.4604661288
65.387579441
11.0986241586
39.6638967084
36.1730299517
12.6185421646
110.744801547
93.2804202922
138.140475467
118.994066388
75.3150269772
53.2449540552
64.1539204438
106.84678846
11.1718742
21.631914854
29.5638974011
72.4430763871
43.5156095554
58.1394570842
71.9832484704
22.972598277
43.8675764501
47.3610120602
21.259049356
176.445407957
9.14542926662
17.4726298749
43.1021322516
94.2970144675
59.7469072937
16.688245967
50.5226352084
19.5121015012
111.249322554
142.870492101
112.592500448
126.729223765
130.645779016
14.2064860733
30.5289173014
69.2377241458
70.0528076626
80.0029754815
36.8248833418
84.6795148999
45.9789529298
126.135142118
110.214447901
141.039070353
86.9877184555
107.326394968
28.8908922672
47.3746244162
18.9153496893
64.0339361206
89.4111992642
33.9192834086
98.7355418801
51.1970349847
36.927240883
89.0657121689
0.177528642118
52.7534199581
6.76509957389
54.9060772258
66.9691269324
149.198060263
75.0147178843
53.5152149107
57.9989263666
128.55425029
68.9116712474
0.761440236122
9.91777876764
64.0535679516
41.1496154443
62.8215421596
36.8189234566
79.9918014408
84.3275982785
53.203832807
47.6342269164
172.026935907
6.66122835874
31.6436585729
14.3493780792
35.6012813597
34.629942689
58.2658967971
24.3544117884
52.0045683012
130.433047324
115.695222415
102.387554705
36.6032473874
72.4001182169
51.4746692777
23.5322870538
14.3170722965
71.1569118797
57.4460949562
84.5345773884
105.915524371
107.7539513
83.193622157
142.548913322
90.9414897607
10.12691921
7.52504834532
1.27620380558
33.9225620628
101.576197989
51.9766744435
76.8589692079
41.6700309994
47.1602134109
21.6901256517
76.5704163014
93.0613402483
59.6048206632
27.3589146583
25.3628877439
2.82991272211
33.2628772258
33.6323480532
35.6245483188
23.2966006771
117.411907129
19.9166827798
43.7919737398
18.9550426304
0.844662487507
