0.0
0.0
0.0
29.8264125847
32.875757508
47.7427538093
89.0658054202
20.0200287122
5.56851111353
147.512609353
156.250379646
48.249386251
13.9811606384
0.0
13.7896243036
7.21266832574
11.5369760748
34.8468328267
37.982189443
60.1246118098
69.6318210494
70.8488188795
29.0497629089
2.30465917289
29.2779147998
28.9301360249
8.73826736213
20.3654245147
39.0385398902
67.4246384539
56.7600740762
3.80203135126
4.0265775919
62.943199195
88.6266175099
44.6695573925
92.3050030769
4.91335475071
24.3776038382
57.760880515
121.242764222
92.2831775578
60.8038481064
63.8365322537
23.7637682184
24.7398650218
97.458987018
56.975540243
25.32093966
15.2738197781
16.2632945264
15.4596020356
35.136318192
99.4588021003
63.9472585637
49.4104025388
96.896981243
46.6140135499
34.9448215999
38.5742804782
58.142600921
93.1353708571
31.970950529
19.868249774
97.3821009434
87.2704218523
48.6152725517
74.2049596087
19.7052256242
66.4825458218
41.6212164703
26.3270555568
91.2083796859
6.40545554179
6.54386676662
88.401585348
98.7735338174
47.9446672574
35.5202750489
66.0761298648
24.142529033
115.299827292
88.3370231688
92.1379193254
90.2319065407
117.777690293
45.3458011932
24.7220590488
58.379884289
67.6297329571
76.9828280657
31.6778613142
70.1328914362
26.0391117074
56.6943516823
105.315775573
121.601740474
31.7583844922
28.6360252798
14.4345433339
34.4921999798
31.9256951362
71.341947941
107.911576326
21.1762120239
94.4356915858
57.6216262579
76.8410421806
14.8927340303
5.07621345298
74.9365957054
14.1169624329
35.089053953
57.50304378
165.21036724
54.4877297412
41.9003562703
100.14886348
110.603746265
19.6379225152
2.54506783282
2.10800613184
57.9351803698
24.2924646288
49.7842037155
42.0028728401
51.8621094749
58.8319875542
28.9421570935
27.9350930304
140.72460239
3.56118491292
19.252968695
2.15086336434
49.9783005151
43.543072723
57.7261991249
51.2624423726
51.9456029813
111.250280354
64.697334107
106.073929877
28.3650105
67.5458140745
106.903993894
6.74440515787
8.83310348914
55.6252419948
59.0402003964
90.5078887493
83.3050434775
77.0280754342
101.389094442
82.8745540603
61.6734590633
32.9938036502
2.604927063
0.721515904181
35.3276863397
120.192843407
26.395944222
107.53210088
51.3909393149
52.1954159551
14.1766617
70.3734053923
63.3737957858
118.833811697
27.3821792453
29.7943382933
2.45518791674
12.699075222
13.6211361587
56.5541355434
29.1522542182
92.9256389458
27.1823406816
58.3079973758
16.8062100112
2.42484605311
0.0
0.429256662727
14.5375908762
16.6103766561
85.7173264325
57.3726184666
89.7395456806
41.0446693003
86.1559127568
2.97354519367
50.7314759196
3.43245915324
16.3723160815
21.6608045027
29.7660891115
66.9799020142
61.7967731059
12.6154445764
45.0811113305
45.7535909974
23.3233770132
1.51913296245
50.7700000001
266.500000001
7.60999999999
2.89999999999
0
0
0
0
0
0
0
0
0
0
