0
0
0.0
0.357228092616
1.21014211164
1.80692216661
3.77061772638
0.830008398741
0.478593197651
5.80963830207
6.36601300538
2.08874578006
0.896842647635
0.0
0.539935508743
0.260238439776
0.779498267453
1.34621684905
1.45333496248
2.29411008186
2.84010306303
2.94435660937
1.2939524909
0.171121102991
1.34286656976
1.37486271374
0.361306118779
0.727440896386
1.74770762748
3.02391817118
2.28528411186
0.0790398293175
0.187721278518
2.25400285912
3.94480552617
2.16762292013
4.25076440722
0.207722006366
1.06385599077
2.45661778306
5.05618736416
3.78723507409
2.42711418262
2.84783531725
1.38485847157
0.983013682184
4.5581704306
2.30115397018
1.26765595376
0.340638374328
1.09991163469
0.573977932334
1.30547120841
4.27488403162
2.65849901363
2.10300321761
4.26488710404
1.34011366579
1.43065976718
1.15358758904
3.08733052836
1.87045272748
1.40800984576
0.936706274748
3.63301647408
3.24439626932
2.16941786744
3.26557095814
0.880977134686
2.58732385957
1.57076194044
0.723843513522
5.73972899094
2.01695047697
0.280537292827
3.14498026296
3.88523171097
2.17376358062
1.3419470042
2.90340482257
1.09219683195
5.33531669376
3.41749679524
4.21881944803
4.62927610427
4.64721388556
1.87997077545
0.916190634365
2.24928987439
2.90736572631
3.1365846463
1.28712479072
3.05505471653
0.718226508528
2.39790478488
4.40552965924
4.50124303252
1.5884073046
1.48325781664
0.557507541962
1.58096004184
1.34659445472
3.04032833385
4.16516783088
0.974168016808
4.74216338218
2.22920590639
1.15083507728
3.11288380623
0.200038732379
3.08636431862
0.754912420409
2.12656080979
2.43478616665
7.23183327215
2.1431175766
1.77536491025
4.19810377824
4.57848063548
0.939321251877
0.134574652417
0.0906852451153
2.23458741
0.963509317487
2.19249489764
1.82725792809
1.97481068876
2.41404155386
1.18436451093
1.06053360246
6.19924405497
0.328366048634
0.71707216592
0.874613924185
1.75951552414
1.63212585356
1.99473765807
1.81058664992
2.03908581869
4.31591565395
3.15617193002
4.1847960772
1.26374350488
3.00442913454
3.62925046252
0.446416205261
0.620385623653
2.5885124132
2.45590325829
3.56376605853
3.53873374546
3.58468797849
4.18729742407
3.58697301429
3.19496940169
1.34041787311
0.108538627625
0.13532917382
1.26858498901
5.76244625077
1.08779412485
4.0398176678
2.26626732154
2.16976426396
0.571000801865
3.14959399798
2.71900713677
5.39382266591
1.58255655691
1.7702692991
0.0774976462126
0.979161098134
0.670765495917
2.22085740132
0.740190403187
4.98838814558
1.17855100334
2.07591940276
0.562597650103
0.226629864424
0.013410223648
0.0
0.829925041646
0.462815325707
3.67612375598
2.81717958488
3.65197300073
1.74228499923
3.42805970553
0.105192132294
1.99580898468
0.153418392874
1.19244516356
0.842176592909
0.839459671639
1.88347479701
2.64453142416
0.628689438105
2.1235379125
1.93393192533
0.778031438589
0.015749985585
0
0
