0.0
0.0
0.0736700110138
35.5615445674
42.4555212977
28.3519943962
77.2973146056
14.2555137388
13.6417255523
165.307506412
205.627972992
49.0922680591
59.2246408594
0.0265381000937
32.0576947778
24.0502567711
16.2577058757
51.3071387597
22.7720144335
61.7515204399
71.3989852109
62.9182568194
19.3276479431
5.4444102198
19.8840042762
36.6654656678
41.9059405625
10.9288973068
41.2627425463
90.6863768287
53.0970217706
4.38022530823
7.5885918131
51.507852035
87.9927206347
14.313511977
27.7619973869
1.21796287224
35.8094034233
74.8195437883
112.087928563
94.1988135818
36.6418867622
55.9930337146
48.63620013
14.7634474933
82.2580536938
85.5935061648
60.108307153
7.36118912323
34.2836821006
30.1428447528
39.9003246278
100.984998196
90.2819738165
83.2620653208
123.520795394
66.5008951351
31.1710880525
47.8198336051
82.5866392027
77.8402473713
42.8529490829
30.8692252637
82.8528048881
58.3220504076
54.3813898937
66.7160475365
24.9674891532
72.0173802674
51.5271178214
14.0038569197
95.8684098869
21.6580876345
30.3188426959
21.4058884308
102.832050696
51.0182510088
28.8434345378
63.2693857066
15.1282136142
144.487492293
150.696587842
87.0889481474
96.0118780733
81.4441971593
39.7229831815
41.9927893615
60.0896408335
64.8952951579
64.0850317776
26.7518258057
97.1627979634
35.5971299484
87.5733918026
116.138746784
153.79869408
70.598519208
69.9354208522
21.3565890603
52.0946383997
21.6172352359
69.8242848403
95.3049576358
30.1316103127
90.5895462487
53.4769470245
26.1351687199
55.1204704531
0.140671634115
44.5967836027
8.52629840467
53.500526106
42.9017693772
130.265902659
70.3732552138
45.5651647298
73.7115153247
130.326056556
59.2605183245
1.29218793847
11.8563900255
49.478502444
28.3436297402
66.6397731034
35.1941061617
63.2144548596
59.0489814766
42.5381807686
28.7261743442
134.992783114
1.1121918261
10.2358118389
8.20029029342
22.4978966843
15.0523984507
59.5803227462
18.6447089966
45.8684400917
106.119263962
90.0363068786
127.766778409
23.8872669898
54.1015724837
67.6203015293
19.0905339243
13.7840594463
52.965571873
54.9660008849
89.3021895792
80.1274421309
82.5150861907
72.2980329394
99.0833463146
85.2385314074
13.9017577171
3.24945311621
10.4331884757
29.7428090126
72.0343417637
43.3006184287
78.2181852367
34.2427150625
48.3172906805
17.5610837694
78.0184074082
70.6949904137
80.1108905208
27.4615019561
76.5489049769
0.771395199
16.0749261528
21.5226543009
43.4457169831
28.3793891827
132.39994584
6.64151584356
29.6038744078
11.8750865534
5.38640838862
0.591934964062
0.0
7.76306927203
15.4885032847
77.0289139138
57.0612289085
70.6394334734
40.8073155955
83.4444913958
0.0
51.0211842655
5.04605917632
55.9942350816
1.50379067659
17.8132557794
85.5786784886
50.1749509872
28.8609591722
45.9586658702
47.4346648826
16.2504598908
4.45538145305
27.33
382.330000001
0.0
0.670000000001
0
0
0
0
0
0
0
0
0
0
