0
0
0.0
2.18320012279
2.42347124219
1.50142723205
3.26328497007
0.483864014968
0.838596660178
6.89647205709
7.67278979556
2.46092576254
2.4186773363
0.00511739170179
2.27468789567
0.994735866785
0.396830853075
3.08950689086
1.2966600447
3.07065632823
2.43255068315
3.49187189154
0.595657154918
0.342005193233
0.590955036227
2.13378580473
0.629277076572
0.860118315788
2.7563352689
4.196501264
2.21184587386
0.261060920777
0.678811540129
2.17787022376
5.21020086732
0.921513892245
1.69056972279
0.329176366329
1.50853181607
3.19505242631
3.89952202421
4.58963242173
1.35399363353
1.53474783874
1.53086167434
1.35636504891
3.78076144122
3.50556927989
2.08450180292
0.486467573792
1.76339484111
1.46529608523
0.972038566251
4.23070638836
3.94046741072
5.23481917288
4.90886666742
3.05166598363
1.62107879505
2.7389161688
6.26960472763
0.362176090595
1.91866268031
1.23212544434
2.89173308946
1.76719246327
2.4508653041
2.83887218079
1.00384898577
1.23403534293
1.69947756105
0.817993794801
7.22332551144
0.317390174139
0.874601971358
1.03849656787
4.43055362627
2.5282945676
0.81815608195
2.22049741889
0.840535467956
4.40294832864
5.66674375487
3.3753366326
3.66876081238
4.87883589417
0.704271625262
0.927490188333
2.9775556894
3.17011200869
2.64937299339
1.21449816367
3.77741260268
2.00581259839
4.56258369982
4.27840222628
4.97432192275
3.83616515994
3.10271670856
1.22241145419
2.06991080381
0.860447686166
2.55281824339
3.48239675909
1.30257370876
3.75534379156
1.80174358096
0.691634389339
3.16490511596
0.0236418022541
1.12772257254
0.233430598397
2.31430072756
2.33676394762
4.93056989554
3.05024367385
2.21415325347
2.59079063922
4.54769962106
2.46951484657
0.0338173222262
0.479498600587
2.16762431758
1.10577504337
2.6896912161
1.53363583877
2.85255299311
3.02827636129
1.80293129827
1.50030141167
5.97936538234
0.02316499874
0.877880528686
0.279085933871
1.32499397226
0.768573250622
2.46040729433
0.790268189856
2.04554717941
4.78155798861
3.99385360384
4.48537835944
1.20249394746
2.97229020484
3.23998489958
0.727194702718
0.587504543248
2.69858549169
2.00318262028
3.52711041336
4.19784960104
3.91332666064
2.67587396433
5.84864476207
3.98110355204
0.522051865235
0.142074622447
0.00800353684463
0.822170782834
2.76608696533
1.39732809781
3.11973135668
1.81212374149
1.70264655352
0.865092599764
3.57710291445
3.31171047571
2.96618181746
1.26153948903
1.37904761406
0.0825111782178
0.929275028408
1.04187884741
1.59135659551
1.06574370642
4.72261964204
0.28609694168
0.893891922198
0.373706080019
0.123997116461
0.191155318171
0.0
0.0121642705053
0.385188097134
3.44950303808
1.79644926463
2.78694546781
1.52092459914
3.43190693203
0.0
1.40419741906
0.150407996029
2.53739052266
0.474934671074
0.747014887864
1.9296746559
1.94057940878
1.52571384911
2.18720948324
1.8349690903
0.629697380122
0.259239491075
0
0
