0
0
0.0
60.4836194962
50.6332301124
12.2646518536
41.6625816067
13.4956143186
31.1812687106
119.86230614
260.336250605
64.4804352521
59.1897489326
5.70322537423
50.2784982473
49.8190216831
25.6738870908
36.6078461534
17.4955379628
64.6836577579
38.8752884566
86.062837176
29.9157036358
20.0167711973
21.3540126085
39.5681409091
9.71239972114
12.3258871436
48.6281618626
90.8837132155
71.8522160822
29.0060683116
58.632858809
73.0505391144
126.013201263
220.463784182
28.6846169606
3.23729212582
24.584121041
87.8544337414
75.1150743662
65.7842636774
114.885119148
63.5638716314
41.9213591237
20.2791869184
63.7041071887
118.468942439
79.0965830237
7.85757446196
22.2190870643
44.0620932151
19.2946190536
43.3477974012
65.7788508007
78.699440293
109.627191519
54.800249761
75.8581595198
118.869745745
58.237217273
17.3051998168
8.82851837575
45.1524804979
44.8359446974
57.661738357
68.292574374
76.7597326879
47.1841061712
53.6261588148
74.7483673207
40.9691807935
152.992131187
22.6489445865
13.5414170176
44.8303976208
54.4901515022
49.2967514993
32.8949943334
46.0277774558
49.3340463638
145.151835322
86.7933695688
91.6223050654
90.2530718074
134.90454939
41.7530678947
51.5423875339
38.3034573588
157.77663762
136.712277755
58.8464004043
63.6826150207
10.3584164903
120.971134264
84.8212110178
209.293311044
40.6511030496
52.9581590294
30.1646058847
16.1815013587
43.6143739745
98.613646567
72.4762514345
51.426620135
106.250329798
111.76977833
21.6540877819
86.5164608695
6.6304103555
59.481002111
27.8538875921
71.4274874256
31.0239592195
83.4950862871
113.47781083
46.4766340255
43.6206287964
124.992904823
20.1437704163
18.6198785137
2.89127199444
70.5422530397
30.5708302344
42.7498349323
44.1820636898
88.7414743769
100.333902027
64.5459307507
75.9775215202
48.0802081918
0.957210570574
34.774099812
8.86882781983
10.3265192024
43.5220234841
54.5229614676
112.585329747
75.2569552884
99.6255582646
106.955244094
71.7058425173
31.1504631545
55.2638590699
83.9725605463
55.0484695975
7.9318349557
78.5392134665
61.9585249582
55.2810684108
89.7341127713
83.7415707931
92.833663199
104.939069196
84.0063829757
26.1823602319
30.9018812254
2.79784297944
27.0223548374
70.5080051813
62.9503995235
94.2639569119
31.159541214
88.7486945762
46.9795727134
52.492873013
50.2706092937
68.3430102245
29.9671894313
76.4197204615
10.0653474436
14.4041866371
35.4460432939
56.6756726503
10.6722724456
88.0917757788
28.1365826726
142.064263836
12.2882777005
0.339810848237
13.1079497337
1.68913962319
13.5335310018
5.49541452528
21.5399174318
30.2681203186
74.5381061789
91.706810832
116.360559873
0.655674465
16.634417681
15.1223742943
40.9164690358
3.98489293457
1.99215995148
13.5615508407
24.6600980758
33.0758830906
97.2940768116
145.963861864
21.2491633594
1.19044715166
21.58
149.13
0.06
0.0
0
0
0
0
0
0
0
0
0
0
