0
0
0.0
2.8257984221
2.30935343209
1.78543779743
2.56522967643
0.250411564484
1.32225007936
4.82061203942
8.45765101025
2.43154318957
2.36902273912
0.00921156862751
0.703802525299
1.53017207037
1.20285771647
2.67642452521
1.73968036193
4.6437051543
2.69902127073
4.40023136791
0.538762703538
0.63640008308
1.28540574014
3.83127349557
0.364435028227
0.653162453556
3.89511131158
4.48029536055
3.70314012631
0.898793153232
1.19525285636
1.41973621037
4.33486383781
9.22812665673
2.15386061068
0.0
1.66672772798
2.52041536383
3.74456857785
3.45570269972
2.74258673121
2.08289808291
1.71252626274
0.629277792061
2.35942660458
4.55941081233
2.11106402799
0.593799830007
2.07886901684
2.29619665176
1.29466340877
3.97666651383
3.29289684398
6.41251427424
3.73123221286
3.71098138316
1.98684591334
3.2518771803
3.30020942981
0.576942753047
0.192434605211
1.06646296382
3.1930822432
1.95386220119
2.73682005052
3.41574680706
0.919013358653
3.22187500913
2.18092161726
3.11629215302
6.31711256504
0.240918300115
0.55181042105
2.63548581256
3.7729815226
3.15709422645
1.17739891409
2.04547420843
0.901229827199
4.31700650346
3.68512082763
4.79673422873
5.11879219534
4.13754732814
1.24256200111
1.12846304849
3.12276311032
3.73664495477
3.88484183699
1.21594768018
3.7886443045
1.83878439618
3.85176532343
4.41517781513
7.94430185511
3.25413226336
4.52971126698
0.722494730842
1.19119815528
1.79018061236
2.57924182992
3.5190380821
1.99291307246
4.56898784125
3.07035794109
1.42354340758
2.79609546019
0.00688926782459
2.53334975685
1.04111163889
1.98622878827
2.18241520872
6.23155666422
4.38221753947
2.65768077993
3.63539741188
5.36516148172
2.61743753048
0.0217562625185
0.229578240775
2.78580726776
1.52737371251
2.37059947359
2.02014187165
3.60478962492
3.13411012874
2.26701867953
2.37247170048
4.56051522121
0.885810017586
0.89882222272
0.0250346250832
1.47676802555
1.72611964121
3.49363283068
1.81775254873
2.6255955454
5.16878486751
5.14574817638
3.12074767053
1.0480196937
1.7866557464
3.60891863378
1.78519979119
0.258134007454
2.25252154437
4.13355815841
3.08708727756
3.8585925377
4.13033021614
3.97455701383
5.5848126784
3.41108276322
0.940916600346
0.150402913569
0.245854690205
1.09274704842
4.02474145126
2.74970032088
2.60731219128
1.25128486147
2.98450632743
0.969459195738
3.10387250409
4.35823192447
2.64866133896
0.640899017453
1.74258624576
0.285834454
0.549990813946
1.6109292116
1.78817949165
1.54319280759
3.95467024832
0.540182964876
2.42627438344
1.57423379272
0.0485541149974
0.000750567473006
0.0280868280679
0.0
0.946278691292
2.32762753451
2.14201612677
2.38789343042
2.25150685431
5.57946519321
0.112387835979
0.833502708003
1.14791541733
1.31622864865
0.000559205189347
1.90376258641
2.1989937406
1.86605359241
1.69188111881
3.79585295543
2.68806498125
0.635334618855
0.614101529121
0
0
