0
0
0.0
64.8904033898
49.1317335739
13.5869718175
36.8990719634
13.0841749334
29.9048674776
129.109134558
244.39564031
62.1422098874
56.4334873608
3.23396837712
42.4743533246
60.6428997991
28.9781008226
26.0223607603
26.621113032
62.5219261944
39.2063798011
97.4612290486
21.51246804
22.3353684246
23.230063498
50.331880957
8.7286025947
11.7350383401
60.1435787381
85.2970849258
86.7583348838
26.9745303468
55.4046035707
73.5069651492
139.979960273
257.429615484
30.3206650502
3.64267672598
31.5862521754
80.9529819055
70.7233813853
65.8011059566
91.7194478446
54.3433670551
34.871236939
16.0409913473
54.4971558228
122.83104833
42.8545694892
5.43339734059
24.8291701963
49.5661411733
20.4489760031
33.3840135382
65.8314871675
87.4949523322
116.033653499
78.1570920422
53.715656899
112.468526512
63.2821460268
16.9304007422
8.35985107721
40.993703887
57.2272494101
59.2834542334
69.2519788505
78.8711391761
45.2359919251
49.4350975714
81.0613961443
47.8513048003
71.5377578213
26.5021715462
7.9429948032
38.9506065734
66.7743701376
56.5461013354
31.773029387
51.6689882242
47.7782832384
158.513608217
102.45770002
90.4115913437
89.0451505445
156.101649642
42.6586375349
49.2727671694
50.5388788507
164.111638069
136.904148795
49.4610380642
69.4002729804
12.4562755152
110.373947427
75.6582604051
185.424064418
36.0888715087
54.208004281
24.6272370257
30.6701624393
45.2515150757
101.095604449
71.4955420418
46.7862376711
129.525983635
105.419566613
23.2733617416
46.5991552771
10.6345842462
46.620648533
34.9405602571
74.6177711784
35.2587515786
87.7392130382
103.279485385
48.0884954074
44.8741463218
119.236048344
30.3825631476
34.3456426375
3.32991088181
71.2531258687
35.0195811941
51.3219885192
53.1889630985
83.4230821068
98.3572868294
63.8828431349
74.6399555503
53.1628354601
42.5369838775
24.8554569818
4.14272922278
8.41012711824
49.0365519672
61.1815729738
106.983588841
76.8391380998
112.486782678
102.038533554
75.3680129628
38.0481267626
55.3141038744
61.7292906492
42.1290816888
9.62508518993
83.7035990004
66.9298532666
55.832247354
91.4222043686
85.5438397229
92.2652403005
103.147373825
85.3353987559
24.9130258234
21.3431176767
2.08985924721
28.496174322
68.6426364036
55.8700590134
98.8101222665
30.0039983186
92.2170228437
40.6328497231
57.8621432035
48.6805104799
79.2370819822
26.5430438518
73.7453444261
8.3121201403
18.4456014633
38.0650545149
47.0994282514
17.7315515927
72.6448896113
27.519053489
158.572503984
13.8844937459
0.74101549387
22.4541251958
0.570661872626
10.7644895967
2.67377695442
29.4725289792
32.5661145821
76.7412292985
93.8201733828
123.909862116
0.0684493985028
18.5573320873
17.2172610909
30.7160109413
3.0287784487
5.43097820878
9.81381254642
24.7785382121
34.4225494824
69.5764061474
128.778852051
20.3096655384
3.70795655251
0
0
