0
0
0.0
54.5288656354
50.7097564135
13.5506595047
44.6872201594
15.9447093713
26.7220785432
108.343654543
233.069438282
63.86825037
56.5924207061
6.90396809578
48.143953979
64.4724714578
26.0364097954
40.5949687958
19.8933277968
66.0169905089
37.66853562
81.1760278512
26.1006458849
17.0581401139
28.1456190348
38.3699691967
6.60025179574
14.2081578076
51.9286674578
80.2329872846
65.7505427906
30.1664449344
47.7539076247
68.7161681782
130.605961997
241.57657567
28.0746357562
2.10931152664
17.8033129787
92.5108939922
79.8644361869
64.2122155661
109.31055742
57.4327949825
40.5213423259
22.4289339222
63.7999425084
127.572623815
84.6051889294
12.9815807194
17.4529278609
40.8108759499
24.4181366208
39.0144424718
66.2604121152
79.8867303046
85.8969869837
55.2333616913
70.3575860839
111.821702762
54.661459955
17.0585574685
1.49525281414
45.9263636134
47.176462356
57.8465063825
69.362662308
81.2332155089
50.736445955
59.3446733393
80.141179897
44.6019611851
142.973021507
9.96020724905
8.02600529417
37.2288512494
53.979820177
52.0428068786
34.6658144294
40.7179869936
43.4537499994
154.774662495
93.5237269812
91.4008837044
102.835326601
148.629209122
42.3830190394
47.952533394
45.7937118626
162.432213988
137.357615501
61.8395700305
63.1589684815
7.23056095094
119.931452394
74.164884679
191.816510039
40.5494732098
51.5371275991
32.6005007587
19.9330989718
47.6105353831
92.9345751106
82.2949142587
58.2753926105
87.4598319792
95.0377937899
18.0485682562
76.4477288537
4.64124100282
34.5277376693
27.5087983562
67.2694209403
27.0180180295
80.9131285697
114.770791165
41.3997716513
31.1533805542
121.117474437
10.3119422123
23.9503892418
2.8008116316
87.5733495396
15.8686968042
36.5939780474
33.8482838719
91.494503268
103.174992649
65.5930294711
79.1336192676
47.9320026264
44.314381063
38.0824368317
13.4311676323
16.7328334548
36.5945456419
50.2753208786
119.260617251
73.7079383098
106.465363908
110.677532159
64.1200982743
19.9144166568
42.6791140577
100.754712911
67.491344327
9.76763179433
72.9651666228
67.3891904131
49.2409204356
94.7960446906
85.326914113
84.9137127624
93.8213418871
81.3860147707
26.8969830125
19.1493303403
5.32737990842
21.7753298152
71.5336247482
65.8636129798
100.491880014
30.3187037184
87.6330094411
49.4149768354
60.7532949821
68.8606949585
52.8651821064
32.6607872844
103.260312164
18.664114565
17.6352165118
34.9919755608
55.747016117
14.2363307504
58.4145422894
28.8093938381
109.872942567
15.4901694059
2.35364947468
14.3360298872
1.71469007805
4.56098162429
5.0633309707
27.8253764659
30.6444581599
69.5333524625
100.336425813
111.309816722
0.877992510794
9.82893204689
19.9343356602
46.4325156938
12.9716943204
3.24974880739
15.4989109933
25.9714549183
38.5801127738
113.308994293
127.363695223
19.0480006635
2.80260837079
0
0
0
0
0
0
0
0
0
0
0
0
0
0
