0
0
0.00656914152205
1.37300070841
1.72766557522
1.86245168769
2.01066687668
0.387415027712
1.07113108411
5.23432317376
7.58085883548
1.90580061963
2.17356648203
0.0150933042169
0.803469959064
1.14120223612
1.75775356591
2.74181119911
1.53198622121
5.0609327124
2.42323653772
4.54059426626
0.471067944542
0.668540527462
1.03504179977
2.38387143984
0.404712271295
1.06200907961
3.72299607261
3.96859787859
4.70705824252
0.568710032851
1.45363415405
1.03878213488
4.1240762088
9.70285758236
2.42672155704
0.00183976266999
1.4855207057
1.55143850856
3.28733919305
2.72170888743
2.88899708539
1.63295060676
2.11836825684
0.566621933132
2.24962996319
3.72401419061
5.06014818698
0.357449246105
1.24006883614
2.02046029083
1.62056838907
3.73030655319
2.57893451559
6.17258098023
3.43715862813
3.48956922791
2.06940347515
2.65645307768
4.1808486341
0.511648925312
0.209143362241
1.02090553194
3.29035819182
1.88021925325
2.75195019133
3.29599707911
1.19072860805
3.41379833152
2.18813242298
3.13782712526
4.85421361215
0.598180666333
0.644133750349
3.44455668516
3.60945542902
2.77754906006
1.20576849673
1.78959266003
0.892360073631
4.76186029514
3.69909875712
5.70005390234
4.67932226788
2.67789852456
1.69324343279
2.00240928074
3.35421002726
4.17700116453
3.75623337692
1.06332032057
3.44460055558
0.976137735881
3.06367004919
4.95269516297
9.3507480768
2.16000493988
3.81247488316
0.463880580384
1.32552432036
1.91441643983
2.78264008788
3.43838500418
2.22642624378
4.69604486844
4.0244815154
1.7263444229
1.80255912989
0.283679553308
3.89116106695
1.8134610611
1.42933105188
2.73631891957
6.35422972962
3.72119435202
2.28313543543
3.15715348767
5.11180573574
2.48732746509
0.0258733753581
0.144099580357
3.84547683981
1.49817816447
2.48158143647
2.54010964604
3.7010275895
2.45267696027
2.08993751346
2.65239670326
4.99493974727
0.547345466912
0.629639309598
0.0
1.1779031374
2.27024983801
2.67922817683
1.83190385159
2.50499109051
5.01327746594
5.48829231318
2.86386581138
0.941863897489
1.3794546806
2.79521887854
1.57887968421
0.315567433834
1.79458290216
3.27723905072
2.87128491909
3.95453217393
3.63082985126
4.21154339984
6.22981954366
2.59788899345
0.889683845744
0.472189957334
0.634739466012
1.00683495984
3.80809413083
2.20733783155
2.91621357872
1.03976499243
2.79932315345
0.933223066386
3.23147207592
3.72281690594
3.09415566974
0.635955788195
2.16003908752
0.240257181227
0.437435768545
0.911456130088
1.45523811067
0.845126868655
3.84150258359
0.466254057363
2.23391770013
1.36767556425
0.0564349144697
0.331478999753
0.0
0.0497772917151
0.560775162652
2.28532246314
2.2226289399
2.71423955169
2.55765004363
6.16852032801
0.00491971150041
1.00126313418
0.816383827478
1.03798230365
0.0225279387087
1.62480261922
1.42735527828
1.12755710725
1.47250263253
2.94875646755
2.74034559168
0.408290889929
0.259263243526
0
0
