0
0
0.0
56.433678925
62.349847745
12.0917050392
33.9836595096
14.5924579427
31.2035525926
118.555143591
236.891754348
53.5169818997
69.8142225499
0.656546652317
45.7693199263
69.6541399788
20.3883081078
35.5994909405
30.5271782856
69.8119228183
43.8113782704
99.7973867153
18.1744814068
21.849959895
18.6555394828
32.2313985228
7.38719093798
12.1762345433
67.0057832302
85.4434121846
92.336546964
21.3770971745
41.0760207698
63.7580170334
135.486242808
223.313922197
25.3567634729
3.31454018131
38.0303137042
95.7727016873
78.0142232179
74.1270911148
84.789160559
55.037113404
39.7840969226
22.8469639253
57.8272634446
143.13519892
129.145112825
3.25002971851
20.2696570577
51.7570312056
17.6121224687
39.9180763195
56.8288651267
86.7909290465
107.282488307
68.849003166
44.2781150042
90.0726983472
74.1627174974
14.4718192667
1.02675636672
38.3859730661
59.9397840948
50.8768227194
67.1421275669
73.3588293269
44.9931144454
55.3071901872
74.1785507798
60.8567542574
89.3509472609
28.3628821418
14.7049104497
47.6672738911
68.8706177249
54.2205411996
25.6496774052
56.7362761572
52.6684606075
174.516415358
112.771283895
91.4637170434
87.0090209842
153.421586484
46.155480119
47.4301387193
53.5660308749
166.629500918
132.872614145
38.7617644296
75.5812965185
12.3797292374
103.766145587
77.351757355
204.723899734
38.0176312476
56.2242724747
23.8562788367
37.9517512769
48.9100945294
107.292564299
73.9385500644
47.461680444
138.246022761
113.125629488
23.6565906108
67.5587200764
13.815366514
32.0606365354
37.6908631884
56.712527454
27.0602778197
92.6583940051
97.4043076462
40.8101151734
38.389076041
117.108837482
36.036594713
26.5418548397
3.39105858374
80.3720363472
38.8406347409
59.6897835509
54.080124775
88.0384216416
92.8912375531
57.9255975214
76.2692252174
53.5012997724
46.4681924208
45.0761718749
2.92745072767
10.427507529
45.4933503046
60.3099917191
103.898874689
79.7391158714
119.929968025
108.631892033
72.7266017719
37.1756071625
59.8770575971
73.6330680773
25.5387917664
7.68998276443
80.4489166438
65.0858609676
61.3287773234
94.3102171272
83.2970515788
95.6493130512
105.983410399
87.7605751454
20.1571766501
16.9715895094
1.85386893153
38.2265878022
61.1629814124
54.9676770029
101.404271711
32.287217561
82.9793952852
35.1699958742
47.0314819738
56.2310533226
88.1416226774
27.0141284465
49.9614012641
14.3538964447
17.0154232979
45.2027910835
36.7980328315
19.4382436518
61.9674893729
33.1124202312
150.140094996
8.75393582136
1.29516041558
29.0507916211
0.891650676727
14.0195991676
0.0
30.9792787358
30.6302514151
75.411524322
90.7441257053
126.517515644
0.0664392113686
16.4624964483
13.9257591963
35.8936240262
1.45413645683
29.8472412228
9.58253314812
22.7855459154
33.8984583578
52.6070064101
121.563903809
18.4470317066
1.66156446934
0
0
