0
0
0.0
2.64044141769
2.2774057159
2.07128423918
2.83665207541
0.202294655144
1.29838189483
5.54367728997
8.97831790533
2.18355093058
2.76284730609
0.0313953012228
0.971995644737
1.49670918286
0.837282166816
2.699174596
1.79597805627
4.30473149382
2.55736933276
4.53111068718
0.492343448102
0.462583785877
0.521147628315
3.66806326061
0.342179961503
0.615166089381
3.91880357626
4.26900227461
3.91753576323
1.01974436222
0.864250900224
1.91837437486
3.71002056613
6.7271367088
2.1133099515
0.03429960832
1.86794699915
2.57008788642
3.72104154981
3.40622018819
2.43698963616
2.31569806347
1.55637953663
0.304596744827
3.75238550827
5.56713699992
1.82807330415
0.644235118292
1.95721063873
2.27216836275
0.956521337852
4.21650464833
3.4366681081
5.65476237331
3.66101417108
3.16346187261
3.74773274956
2.93514375482
3.54630703223
0.627080533653
0.157755546272
0.905336007476
3.16632636078
1.78742899233
3.00517595187
3.48034172074
1.19157601311
2.2927099131
2.11558838829
2.58578083641
6.67706476618
0.326463327277
0.543151353486
2.41312009003
3.35559200915
3.09279456735
1.32860623111
2.40118777961
0.771220705472
4.20842668135
3.83884655545
4.97214448452
4.81805421971
4.29516655271
0.828452843358
1.51260914933
2.86247427203
3.24020960345
3.7478676138
1.48536632396
3.54279434332
1.78841348737
4.30193231627
4.43581368029
5.88725172158
3.66256381758
3.06346834241
0.726827269187
1.58561464772
1.62999209133
2.60639175493
3.50615251297
1.71108660288
4.23025448527
3.11934805615
1.42885208549
2.03543649567
0.0181375427637
2.69098785962
0.835921407037
1.81629586779
2.62425282074
6.94442451233
4.05215376196
2.6061543338
3.66252501984
5.14686671807
2.04617514554
0.0191854769364
0.184354093391
3.34444254977
1.79399291426
2.08948237845
2.20010494813
3.72594778705
3.52184278634
2.34629566676
2.61518895067
4.97600260004
0.895367864519
0.712628568988
0.0455409724964
1.48695735994
1.57165818661
3.65488501638
1.89262751548
2.54980212916
5.35887280852
5.22774931323
3.44818749279
1.17495424347
2.57671535574
4.4869966507
1.72380241752
0.393919765949
2.35515848256
4.34053483314
3.16292336443
3.83807792887
4.4444580928
4.10400296981
5.70034080977
2.81654751836
0.863266411819
0.150374189019
0.0534947393462
1.4700628072
3.92090705689
2.78633132332
2.80519335414
1.46025415976
2.82383643207
0.860863819718
3.54620067077
4.36062074453
2.70938548085
1.25635121018
1.34755658358
0.455348860472
0.564322600374
1.55106828781
1.79567174707
1.61351659149
4.12666689872
0.659829389304
2.0325117223
1.35718277097
0.0060771885328
0.0379725021194
0.0216942764819
0.0
0.710357817821
2.40626145736
1.98660098389
2.27570336312
2.1925388372
5.64410021948
0.109666309319
0.605300068855
0.909651715308
1.37452646263
0.000584379478823
1.28639645211
1.79754921235
2.08217980154
1.86296740826
3.98456460331
2.50798275089
0.71520416392
0.759690068662
0
0
