0
0
0.0
3.15344216162
2.18443241506
0.765000732616
1.54162294767
0.51300249598
1.34307846148
5.11860429589
8.20420187712
1.55482160859
2.84928914136
0.0060764956288
1.12709215633
2.34635475418
0.752836022526
1.99754382251
1.98687875946
4.42653144686
1.85437202267
4.93586740829
0.617619408295
1.02829087153
0.734299128875
0.965797733516
0.0579094290733
0.597269338556
3.98823069036
3.50360575435
4.71143336408
0.360185240395
1.89903272875
2.05251518637
4.20210703323
13.5800898359
1.46304231766
0.00631284108385
1.55201253295
1.85529256682
3.3346787449
3.30423938949
2.34691017814
1.71659289487
1.85141830798
0.622989347554
2.63699309342
5.76861756796
6.33976460202
0.210947350482
0.744318114943
2.34360554465
0.670700976276
2.86630970921
2.18458751449
5.4583746111
4.30120757176
3.44127081917
1.75738859456
3.0421414969
3.75330944743
0.502130062552
0.240720692789
0.988813579082
3.92708466016
1.93945552106
2.26735628443
3.28684584796
1.77191386186
2.93058141926
3.66934674699
2.61564053968
5.40009303018
1.72529497754
0.242254048178
3.06162817427
3.03444493935
2.20047876169
1.52634557337
3.04091396742
1.65536783356
5.16764431167
6.05305680726
4.82171269506
3.6454245504
3.34063997213
2.59281102975
0.758971938863
3.06085308641
5.88019728847
4.34548764676
1.47371807601
3.0617598407
0.475680030882
4.81946355663
3.01429888792
9.58391942718
2.91461528651
2.59697169252
0.571517001837
2.19632737525
2.31116597727
4.26388063375
3.66304434324
2.49160084641
5.76357762842
4.24304259382
1.66319506615
2.01587883942
0.49206785392
4.5892922692
1.69881144457
1.65673950873
1.44070191681
4.41457354894
3.08353170211
1.95350047969
2.04419355746
5.29041269911
1.84774196381
0.349753829651
0.157232840895
3.09716840973
1.58225576126
2.48718508426
2.7336692512
4.10691765056
2.50998249039
2.12304380839
2.37738218345
2.24823500961
0.456804543734
1.0724016903
0.217274885625
1.38143300195
1.28703174484
2.63628937304
2.50702263432
3.16510798922
5.43554725032
5.11000872171
2.09836810082
1.7010541379
1.62931509363
2.47742855572
1.37397394743
0.256639301777
2.2788682566
3.25907659344
2.51997478434
3.45388461836
3.6715537589
3.01035005553
5.62522784993
4.51739342883
0.606704073376
0.552077773958
0.08542342484
0.705253973312
3.30479092884
2.70693493262
3.7967900089
1.15157432924
3.4661969174
1.1807633359
2.53062375821
3.25867047301
2.89594779199
1.55206448678
1.57100400375
0.503162499517
1.40941441059
1.57540224298
1.34199561179
2.24967859592
3.54071660223
1.0486194808
4.00109160878
0.920583091676
0.142577689141
0.313496500254
0.0276321806014
0.166705265641
0.226617060602
1.74655234534
2.24601842393
2.68562504649
2.59756028466
6.37157454528
0.0149976257235
1.13248863909
0.333165641874
1.35039539612
0.527521071432
1.85304760374
0.718742793426
0.873854747042
1.13757093996
1.46344656614
3.82024832396
0.835075109731
0.0535880662501
0
0
