0
0
0.157361917198
52.1142153432
58.3251585514
41.3879124094
47.1677187415
9.05579822323
25.0800707638
117.515726477
196.863285474
42.0120629669
54.6028597663
0.276720620693
18.3952682717
29.2964705774
37.6450260132
60.3372338544
41.1758136413
121.072700593
61.0246403218
101.522239532
9.48024880886
16.6719499994
20.5458985227
66.3363442718
6.47869713418
22.3671969725
88.705606428
98.8337082713
114.5290282
9.75207459926
34.5411007404
32.3599827876
83.4392704562
238.785262607
67.0235965178
0.0443424694241
36.40471977
38.0567280427
88.6752014095
65.1895466494
64.4717410058
38.1278057489
42.0258724121
13.5463637598
47.9405314922
108.550498948
133.200789392
7.90161176026
27.7803478022
52.6286812126
31.5352602974
78.7829887625
56.6836804078
146.636894301
82.6757450794
97.692891637
58.3353363053
29.5581510811
147.880159836
8.73169450834
5.85613015294
18.5950155258
76.5664249985
47.0288336863
70.5638088864
80.5903259806
28.0552059264
54.7462379714
69.2094473779
68.8472038452
136.384319527
9.71943153161
14.4196747542
78.5043400526
81.3565669656
62.5366969853
30.0253117046
44.9710309356
26.8814004734
111.890746464
107.311303805
122.656504557
72.3380630537
70.1674720644
38.2717011665
29.8500825624
80.2150392552
104.70076636
91.3163910137
26.5253495873
86.667956628
22.2895117588
97.1700223032
112.932592822
231.921638916
69.8023011982
85.2471820414
10.8080692962
38.6678104699
52.0914924144
72.6802888402
87.9588834365
49.8811348378
117.658699192
87.963060312
54.8065574506
42.7350716964
4.17082185298
94.4749524091
32.7452887819
36.9001548439
54.3373310119
134.778501637
86.5063906498
53.3125016057
69.5333646317
124.959118891
53.5707339314
0.560026891529
2.8612940982
83.9195774496
41.9213588052
64.0248766382
56.7646666466
87.1512635258
62.3086918937
48.3458383754
60.7912872377
107.239263095
7.57085296512
35.5869908407
0.0
21.4259161935
52.3394150287
60.236364361
38.2495185658
63.4450579054
121.358058762
137.717017338
47.2918648138
28.5315226894
41.5480672159
62.3208881357
45.0902341157
7.49862076342
39.0980747155
84.4573496575
69.2798868833
93.3526155744
91.0710965926
100.765135355
155.840284981
69.8764680103
25.8960347479
10.8055861043
17.2720722556
22.1664615925
105.593198922
45.6493512802
73.0713595663
22.3820348019
66.2563530737
22.928109074
69.5773097278
88.1048827675
75.791465951
21.5358175635
38.1426488758
4.50672899186
6.08175051211
17.7664245672
31.3409199826
24.2519744458
92.0077395319
11.1031239331
57.065869879
40.4881148635
1.26569122821
