0
0
0.00173902127426
3.13023913465
2.74516118784
0.808416097891
1.59710834408
0.788125414401
1.34429843654
5.72543143481
8.74947686912
1.98496859521
2.80077846139
0.00439873198047
1.99887950718
2.69423114276
0.629565028474
1.42059991695
1.3646926512
3.52243456786
2.16888278909
4.42917444743
0.514029958285
1.05516720051
0.61795366928
0.937344024424
0.649642929435
0.725099998701
3.44039615244
2.83253442124
4.08055092418
0.451901182532
1.28611004329
1.84658837051
5.90084405034
16.8177978676
1.22310196701
0.0101269390434
1.57180303033
3.2530237399
3.36000378057
3.0686056409
2.81320010731
2.19347603177
1.84792950947
0.637130658142
2.4505671896
5.44828596665
5.26481190108
0.157054079697
0.768231714144
2.93370058015
0.646917686798
2.26302788826
2.10537558747
4.46647074819
4.79424246028
2.81676872633
1.59291356336
4.68617459619
3.11432164605
0.602062750608
0.343802940915
1.60996770114
3.05475032376
1.70032855589
3.05318220798
3.08045015717
1.77090687118
2.7196421437
3.73601267906
3.87498179462
2.13797588274
1.48368772003
0.386520428583
2.36974568386
3.1164574938
1.9265609188
1.30074118316
2.7178141122
1.92073750962
6.48042186629
5.02559025027
4.31385765877
5.31992502417
5.97732124105
2.38102361839
0.877403374296
2.89529994398
6.55844253674
5.36992583051
1.21065536991
3.13344005635
0.477136349771
3.36989848822
2.97619122313
8.06133627769
2.63147315476
2.03499887558
1.08268996608
1.4409035705
2.3542214483
4.88474183663
3.13965492602
2.02784947585
5.31965306541
4.62319102325
0.986570439767
1.7702892893
0.992584142368
2.30560798757
1.55836061889
1.91442281753
0.958273512195
4.09432486119
3.24682027544
2.03388242645
1.94026465621
4.81729128025
1.60984642903
0.879382533021
0.173041061265
3.56316780066
2.58043392119
2.85643079109
2.51134828851
4.23131652101
3.02974536456
2.24085913366
2.80964266462
2.04294882435
0.481798041612
1.69286764693
0.177782466635
1.08657639369
1.54095403757
2.46269814851
3.67735388689
3.79608072853
5.34957290208
4.62396548828
2.28799936548
1.42178152315
1.97599352407
4.17253391596
2.48584838212
0.207600960508
2.98162682191
3.343147479
2.76653695549
4.06228453666
3.47703059926
3.18246528041
5.20322253322
4.33831446618
0.494363416801
0.648017940577
0.097661845386
1.63910669251
3.07232013711
2.5121217086
4.03219465539
0.955207622144
3.44303674437
1.07588655874
2.32948694471
2.7694543153
3.76102702459
1.23940932751
2.15252694429
0.517335852375
1.05811480386
1.59764308576
1.51796935685
1.33995244617
2.71680895716
0.845869649202
4.35924175568
0.929743930697
0.141085967422
1.32580178976
0.164828393608
0.535379399545
0.117101639509
1.65325421095
2.00345696881
3.22930687829
3.25906196702
6.15283948556
0.00302597787231
0.586727841175
0.571985613555
1.90703880903
0.205955340527
1.31681622099
0.585512473714
1.19056288339
1.22347622667
1.5843111854
3.97928233352
0.811954798177
0.190476253629
0
0
