0
0
0.0177249661647
59.0908470154
58.5687343553
53.7174284923
68.2867264934
7.45741599799
28.4432210326
141.372729477
219.729953279
66.0537313241
59.1963567586
0.11529122293
26.7459228168
41.4960055946
17.2982011735
70.4334814846
49.5810230189
92.6219425164
64.998906551
101.301100239
6.78633863479
10.2198591828
10.2183481604
33.9446407332
11.0344845154
21.6176206553
94.0993993879
94.7854743185
80.9086382388
23.9279074073
16.7361799926
43.8581099455
112.182744647
108.991085127
52.3857851978
10.8917911202
45.7139698694
76.6740241572
98.9079625793
95.0467002662
54.6309732478
52.6007606042
43.2734528496
9.8984912401
101.90700902
116.89582134
18.3834661245
12.6301974161
30.9696221604
52.7804730982
24.4181427286
114.320368398
88.5235538184
153.812214129
101.101810455
67.5019026026
70.76940912
51.4645980746
158.168615967
6.67438468337
14.521699816
30.409620881
67.9954058825
38.7581726484
75.2804360614
90.3301231339
25.7512274981
49.4201657028
50.7826371566
60.142143175
121.911082216
7.52318461519
14.6611826643
67.6854454502
68.5143935234
70.262096459
21.4436145164
54.5213372894
19.9065509923
90.3718238371
130.062522042
133.504383892
103.794375718
82.1463105055
14.8934486071
25.2660031469
66.6881914661
79.1007564516
81.6089815032
35.629639685
87.5467463246
52.3749316334
94.580159599
109.526877344
105.869052684
121.026437178
46.0908067747
31.1414971949
37.8051880003
36.5357521078
61.9673805982
74.8294205815
38.7820113636
97.4300475866
60.3696716354
49.5580389574
75.1837582291
2.618705241
76.0936138519
7.95268075728
56.7995649408
60.258151643
183.687594328
87.5551990159
59.3789351424
83.8067041262
146.044538545
59.8596600742
0.409259710462
5.81376231461
88.2728021779
39.3202186524
57.6155719198
48.61025244
84.5229811762
85.3490441033
56.2538624201
46.4068065166
109.281785801
10.6726691276
35.7386242915
15.0507089272
40.5278148708
33.8805213533
81.8475916162
42.565908895
59.1020447966
134.82374458
129.519746717
100.815646291
36.4876888265
67.6090327186
85.8514449355
27.1022633314
10.055979196
66.5453436523
87.0559505503
80.1157683358
98.5300171589
113.173159383
90.2641370707
135.738760326
80.6491873562
16.2032614499
3.87336230278
1.70439885557
29.2222075759
109.993506074
58.6220789189
72.8497407739
38.7545141839
61.0997038522
20.6791788787
87.457850933
106.982577503
80.0886931121
22.1929510832
22.7709987312
7.89073254168
16.2694794098
37.9525408651
40.402299732
30.3498755414
106.635969088
19.6933533847
50.0557617991
24.688121058
0.182299531996
2.28831124306
0.0
6.4968687594
17.1641410142
58.5221484974
48.1227544248
56.9903041498
54.7993699572
123.745274529
3.18186418711
21.013916865
31.0502342954
40.5554337502
10.9604154602
21.4723228756
44.390994072
56.7832094506
44.3050248026
96.0036672502
50.2938875779
17.8773998469
22.7723042406
88.6399999999
27.5599999999
0
0
0
0
0
0
0
0
0
0
0
0
