0
0
0.0
43.6533035338
57.5003486909
30.1978351058
39.8447575188
6.1268992871
31.2977117635
144.895912349
190.828586584
49.446040079
69.6285766704
0.0
23.019356464
36.9320325936
15.7293357253
55.7755922098
53.1666356921
114.363979862
54.9566813038
108.288394991
12.0788826719
21.5042694155
5.92064737157
49.9825663716
1.61968339048
17.1013022661
93.6471199058
79.4283224232
110.639122725
9.40547445418
47.4669123665
27.7173571783
83.7740391874
329.491107245
35.2339966447
0.0
34.2133293506
55.3706487269
77.3692719118
75.9168305957
85.4966165162
35.5113654098
39.7333653756
13.4238786064
45.4008159936
129.053817814
117.133885503
16.2349203788
21.5296833795
57.1209586466
19.9362302329
67.1465052869
53.2329978905
136.276991095
92.318933723
78.150325086
58.6908049286
76.261776695
101.485208541
13.4075617399
6.98556510732
25.1781835555
91.3744370566
50.9043347129
59.4094707146
78.9058735034
35.8641677388
38.1691236869
93.5681338236
56.266998677
205.556584742
35.9302777061
12.0828783363
73.5406424906
84.6204798146
60.291189367
39.2453054676
64.3921641559
36.7279538064
111.491149865
126.422623507
121.712257057
115.68442212
71.9311047346
32.5945788324
28.8046920151
74.7731011771
128.312452852
99.3987483346
35.7837166003
69.6207614018
19.2828155905
105.232105404
92.313734237
206.312596478
67.180866167
66.0119044147
9.57541443967
47.3037263453
55.4811649135
84.8130470774
101.906123579
51.3035921362
129.592420511
93.7142035068
47.6606490725
25.6036384274
4.79310306442
107.995945896
31.8467564954
45.7518584887
48.2830342949
123.030295975
71.2786664945
50.4504855406
56.5572243334
127.358787885
57.72056871
0.568807963282
2.54225275666
86.8014635146
42.3747679219
58.3724039839
57.8783268257
88.8494246117
64.2832055167
49.9323643735
57.8325100913
63.7860143669
5.17934070713
22.1240879707
2.22554844618
15.0237297043
39.0879151224
67.230248412
54.809114473
68.848715052
122.483320445
138.971606724
61.0616756381
28.5801482666
27.1880129165
60.393362699
25.203374315
6.37765659391
39.3108302503
78.0708088944
57.8398258723
84.641197309
92.0138799214
92.6077455394
127.446900129
98.8909333013
18.106806566
14.0082234722
11.6158874631
8.1542619355
86.9961832166
56.2430627947
88.7264883331
26.7258307469
67.6359773129
24.7825918094
68.5328961386
80.0275097954
80.391261966
19.4842293542
42.5365740302
7.72908537089
19.5669270521
31.148603076
21.2462006025
61.8189139646
89.8274916226
20.3822009191
62.1407465189
28.1462809704
0.869182705879
0.0
0.293857187033
0.0
4.64450526238
50.3018256874
43.5477923714
60.5944291056
51.9149361401
143.430096349
0.165426336229
25.6010103542
9.5254046917
17.4434133768
3.29802140594
11.5846128054
30.7558671982
23.4426601008
27.5273691751
49.5869253874
77.9571644069
17.2498539984
3.01921999454
62.82
354.81
2.56000000001
0.649999999999
0
0
0
0
0
0
0
0
0
0
