0
0
0.0
54.484957248
67.5271329526
38.3577291871
38.9762488658
2.08738338389
23.7438814379
121.82108134
200.640131682
39.9313562606
54.0023266207
0.113749342505
18.5741290804
22.0614579767
28.4111218303
61.3080015108
41.9907746426
126.245044718
59.0593527406
104.803226329
8.13748461754
18.040843972
13.6019235011
55.445824027
5.35037483136
19.6191045558
90.6684919987
88.3310456705
104.738152161
8.90646135806
50.7231724039
26.8496968159
84.0552670663
296.915132604
41.5874562934
0.0
24.9068125058
38.2862179354
88.0581142344
66.9722827692
85.4293777049
36.4125473652
36.3753333706
16.3454511557
44.7600025982
103.400958359
162.386588037
9.95173420385
17.5608881554
50.054625839
30.7160416692
70.2870437354
57.2411401234
153.881419212
78.7012971305
89.5764511898
42.0828721282
68.3540660945
150.334907502
14.9226631215
7.9208713621
22.0986178592
81.9932270496
49.7377290996
71.7430446166
79.4953409974
30.4429396166
56.0893018591
82.7518213392
74.2261706266
130.656981352
17.9125120137
15.6094719172
59.650502935
86.7508022861
61.8388605528
27.7122727522
51.2227922323
29.8614945934
119.719012045
124.426552037
126.465083197
81.4063245804
74.9777736403
32.2170729005
40.9224791676
77.4713205266
114.169428163
94.6919498378
24.7229756098
77.2071345002
29.1280610561
84.7841321938
113.172957469
220.818997275
60.3584950267
119.850551426
11.66660171
40.2213658913
56.0448764114
82.0422850997
90.3148991839
48.7883382662
115.278686006
84.4811633081
46.8534285576
27.6695904806
5.31030664222
113.490569495
29.1229852159
37.0441084318
53.852576807
126.923487872
77.4213133742
54.9171779962
60.6205844573
122.578971656
67.5341807599
0.47450709343
2.19311778713
80.6306850552
40.7411566889
62.0882510114
58.3840843922
88.0562848198
67.443823373
49.3150466736
59.4591096192
71.9690341651
5.71756526827
10.6649198681
3.97313904763
11.510610776
46.2924598642
65.1340360344
47.0342125968
68.6278396882
122.263044728
145.494439446
52.6287927926
32.6946515422
37.3616579287
55.6391988053
50.3424846679
6.83430173714
41.1008745655
75.8220817368
64.5386882834
88.4979191758
93.0822817181
102.187194541
152.572082469
82.3078889474
24.5960298338
7.18998150202
17.639793992
18.4859053194
97.1348392814
42.2839194518
78.178176594
22.5571085466
63.681658242
24.6166641098
58.2762319745
85.5634382554
80.7286817282
23.0517932698
47.3209610582
9.10230812431
13.7218408584
20.1842596047
21.1023445702
22.489863513
87.3076636918
18.6464889049
55.5853206943
30.931549631
0.282032355667
5.08270204068
0.0
1.71248853207
8.10823897272
55.8798069209
49.5384633019
59.402167909
58.3855222464
146.468063917
0.0
20.2970359326
15.4929356575
26.5579957366
92.5789910854
19.6463330984
33.9417902827
24.2656077146
30.6662660167
72.060503617
64.9232606292
19.2922875993
4.05987943522
0
0
