0
0
0.0
47.1234922706
66.2903879928
35.8935511646
38.2402095907
3.02968110144
27.6884276568
128.46672602
192.24648554
47.5768296523
60.7730197906
0.679685116745
15.8341003954
29.3332385402
17.3877891898
61.5691053271
48.5907879845
115.572832176
57.5746374427
105.134476192
11.6553781182
14.7265478857
27.3281026426
58.582820177
3.46906032319
16.5181381032
88.5983100235
83.9775182102
109.662702441
8.95519387723
48.4888658748
30.5642801486
78.0343300402
299.770715453
43.4877109452
0.0
27.0404482841
50.9073527678
83.5705604273
73.9186146799
83.1482456177
34.4228088298
38.370488081
14.850789682
41.8050313442
111.220987561
105.251085341
9.43251851388
19.4578643628
53.2076744287
24.840203621
66.6501273773
56.3201999254
141.006865472
82.7106505037
79.1878324392
44.6137084589
70.5775554367
97.2211991167
14.0404067784
4.76149553062
21.7764685303
85.708927542
52.5309772956
65.0391442961
78.123807516
34.3861202448
43.9921824989
86.1820463352
60.4088921702
145.494254801
37.4291640809
14.1330675334
61.3703773795
81.9210613222
62.561489761
33.0960727483
60.2060723976
30.2082496918
110.480682224
122.085315423
119.930879384
123.571979061
83.0950210915
28.3635674381
54.4376314805
77.4127559038
121.110885037
95.1201077587
28.4883410186
76.2917885184
23.0584410802
80.9765562247
121.348748283
182.541035411
66.3616032823
95.2447476535
8.16765964776
41.8337497562
56.3649797738
82.9766785987
101.303471368
49.3840150126
126.144019732
103.270710558
48.5893001462
31.0372527614
10.8555450887
98.144397078
26.0117662457
43.0996640688
53.6476699411
126.56805804
77.3737558625
60.5724437995
61.4725658297
117.312864354
64.9329928123
0.476548567414
2.61138321552
66.3990704119
44.0951138357
59.0606773942
59.0528054686
88.577598041
70.9123878814
48.7463150249
61.3354021087
84.7760918141
4.9768204596
11.9379517995
4.74116697907
16.6926595908
41.3967992441
63.5068229736
48.3735644818
63.3949403242
124.985747606
138.341354057
59.9260448645
31.0522262323
40.2481083926
70.7639937288
43.1939149462
6.93420873674
42.7933140994
72.3475836881
62.4428675026
84.3998794109
94.873022952
99.8002255709
131.796244226
95.8644910231
25.1222909186
13.9762413539
12.9284368157
16.3597283699
99.884375766
46.7833614293
86.6607074998
24.6068741767
67.0209452378
25.2873087823
59.2775422745
78.2519159988
81.5801657885
20.4045136794
36.3743018489
14.3309446424
18.7472541332
23.3593739569
18.3427605629
44.9708240758
92.7291767774
17.1327346712
60.2684465983
28.2760217563
0.690908521414
0.0
4.91584646702
0.0
8.40640854835
47.8461375833
45.2803475038
64.340654891
49.5425432213
148.375240283
0.0
18.034035746
7.29029991478
17.440918386
61.980254352
24.507294461
37.0001600683
20.9619583637
26.4817319959
62.5498966054
77.798744291
14.0196844786
6.20205643774
60.39
281.22
5.19
1.14
0
0
0
0
0
0
0
0
0
0
