0
0
0.0739454738796
67.9714787851
73.2359659709
15.7112284899
34.241121199
15.772744149
28.600684259
120.444875954
233.72575474
43.9141865374
66.7385926937
0.617926284672
47.9955017566
62.031945996
22.4615700245
35.906693369
30.8022214639
86.8869052212
49.3990126625
101.757649334
16.9124235017
24.8238518983
12.1796778738
31.5541161149
5.53952765465
14.4985315804
71.078003615
75.8644170463
97.5197126326
16.1834865063
22.6774100214
46.3128112258
127.478828861
294.718605492
24.5315047111
0.230663873255
37.3719946481
83.2953630415
82.4483090042
73.2287781984
84.9622232561
50.7418992686
37.9133679326
16.3429997452
56.9225192071
142.580997057
155.126523484
5.73507812899
21.5851891246
71.3452011869
15.430059202
44.9787848414
55.9271210153
105.243403729
108.865979835
66.4983129221
57.1053774991
91.7354621189
79.7427288768
16.2655219138
3.52567456663
35.1757258325
71.6599576658
49.7321762172
72.1458865217
74.2792153135
42.9180879146
49.3467778937
83.3863960282
63.5786634636
72.4178901986
28.9284702838
10.1826462373
45.0429723636
72.6235871539
44.0046340591
31.0040424722
63.7679292737
43.0117417128
162.810117602
106.89402245
98.0645609088
130.330902211
156.561811387
65.154727307
44.4079192313
64.4246766084
163.376637803
136.918050684
30.4494823906
76.4916093461
10.3411413319
92.0937752724
74.0019142404
224.689193845
42.7285510786
50.053075008
24.4497655927
34.9528907686
51.0914970338
106.905681216
74.8285199405
37.18409919
135.262772094
108.990662836
21.6809592359
31.927895855
20.1061184853
43.10123232
34.9552374194
47.8114117718
22.85464927
96.007688988
86.9669837057
46.0475162957
38.1533445307
131.580584608
46.459339494
27.3251567724
5.2691218201
91.845685319
53.4658258092
67.1655325159
56.3229974023
93.5045129014
84.2047983146
55.6897742338
77.4584089368
58.639238136
22.4978469908
52.7902817717
3.77953874321
13.7562116738
40.0214897654
79.4649288514
100.464556681
90.6607186944
124.263546768
111.405929446
67.0776392184
42.4143883289
48.9152796754
80.3863692842
44.8701375871
7.34017755835
80.9990195074
79.1899049654
64.9437655639
100.08495135
82.6403770075
94.3344998359
123.0379816
103.591340885
10.3037801273
17.1431811824
22.3277668655
52.1658221594
58.7679888653
56.8736637533
98.9441462494
27.0988230631
79.2235808374
29.7137501388
57.2302296235
59.2305682898
96.7298375107
22.9760391712
60.1766615678
14.8717283456
13.2945856545
43.6159987786
39.1121272054
21.6273654588
81.62848836
23.0524912476
115.937058851
11.7780447006
1.9650773406
