0
0
0.00165599933825
1.63874398731
2.01914970303
1.70797377941
2.09433704137
0.220659474842
1.34259576537
4.93826049822
8.30493644811
1.8808445693
2.44548326544
0.00433887320105
0.758621691843
1.43296474317
1.51824268512
2.66730252793
1.62076473446
5.1127884544
2.55143168196
4.25225076918
0.517993208021
0.667429952766
0.461881143972
2.63130353019
0.327755844221
0.976152780117
4.03210728359
3.92080825841
4.22483903961
0.609715769067
1.33266699035
0.986351409927
3.94399839942
7.83149424661
2.46684767143
0.0
1.69967743836
1.73625050578
3.38903135341
3.06622446864
2.8630582816
1.74016609951
1.89802208915
0.549929148983
2.14651001245
3.38254305912
3.34118333273
0.317946619354
0.910513498471
2.05317443609
1.66993065644
3.68117918819
2.64359608432
6.11236012215
3.82652193354
3.45544301206
3.43288439047
3.73953978054
3.35949151614
0.519073925912
0.160820146091
1.11524285376
3.27589674108
2.11842511431
2.66119548352
3.22062541288
1.02580103523
2.55906768097
2.32834062167
4.20360883768
4.83003043686
0.776308737462
0.500753305852
3.23748072237
3.88424614444
3.44552440115
1.19097330701
1.65796142863
0.941491089528
3.77819176373
4.25082607195
5.54720486188
4.63105449767
2.99409811781
1.28578768298
1.87460143259
3.10323273251
4.11480392492
3.84093308006
1.05741014611
3.40678626206
1.23065376654
3.55158960092
5.26300000865
8.68953649193
2.43399219494
4.43795795622
0.478270716383
1.32049698383
2.09341603797
2.4737473561
3.50638308004
2.16076746816
4.47733992303
3.85107261175
1.71956721775
1.9255381478
0.193319454032
3.36682994908
1.55519918632
1.90837076772
2.35113528557
6.62465293054
3.93062663451
2.06452310825
3.00822988153
5.79465130821
2.97373488499
0.0202669911087
0.187654499663
3.85779390909
1.39721186087
2.50091222022
2.25223839562
3.68426832778
2.77609281475
2.00772942556
2.54391510552
4.9485410559
0.778870431706
0.956712634303
0.0134269697592
1.57827287633
2.20525737852
3.05658257846
1.65148440329
2.61030234862
5.19260585168
5.42348298943
2.9656293653
0.93090786715
1.57094546373
2.97904883535
1.64014062169
0.0878414660692
2.15436882008
3.96211863577
2.83116244804
3.84765108302
3.96101413108
4.35694967583
5.76690696925
2.52070663089
1.18152039498
0.325429873657
0.853039448848
1.24920189939
3.72418100946
2.3336642473
2.63538308063
1.20866736909
2.92852862366
0.901287369197
3.0254451416
3.95366709307
3.04822483775
0.932036802173
1.87320513767
0.240168340504
0.205851264298
0.868940689376
1.39545211478
1.17390598683
4.18689651706
0.467260260135
2.52647404652
1.46191109344
0.0
0.0767872733413
0.0
0.0
0.77241191268
2.71603630204
2.22294167895
2.7711844705
2.49724790035
5.76112812385
0.123016461264
1.07630683854
1.50583870616
1.43377535045
0.0112230563536
1.87420171499
1.33349249139
1.27716408391
1.60357242916
3.2890974842
2.40909646731
0.396343915258
0.224435847253
0
0
