0
0
0.0
59.6391031445
54.3783017294
27.1366289417
34.4757015389
12.5951250941
31.292279251
129.115925968
196.850521205
41.8973678201
69.9836184984
0.0
32.1176035898
54.572121067
15.552786246
54.0881343094
50.6208987348
110.131209347
47.7372229322
119.96511006
13.9771605581
27.8962708042
14.1443362534
27.7650673092
2.44472374068
14.9514599573
94.0751108676
80.6770923756
115.297275558
7.67402764409
53.404268369
44.08780995
93.1637455075
302.218741481
36.0652873591
0.0
31.0016005486
52.0826464222
78.1261622609
77.9552211408
71.1258871536
37.6235552654
40.4080773276
15.5323160179
60.2801519035
145.868192285
118.737431939
7.35185480398
21.7607694743
62.7916505131
14.6586282849
72.2789362315
54.4265206195
136.989607673
99.5763066206
74.1627010704
48.2617059053
85.4827321284
87.7084138411
11.3471356072
5.14789396757
28.7443160405
96.1230399348
51.0751806199
54.4953827458
78.9062509658
37.4473126308
50.6260719113
103.299988216
60.3538737763
77.0972291054
45.0765741394
7.05679630022
61.1261213198
79.1967755556
53.3863888253
37.7532297
71.310469061
36.5114458726
116.297545474
113.509886049
114.445352532
78.9971897006
61.2269476298
58.8916335838
22.5287823826
71.5474939942
136.804770425
103.128995519
39.2881990447
72.5923914089
12.8868674934
120.807059839
102.825250637
201.352800904
62.2392382399
98.3645880818
11.2501581386
49.6832980848
53.398322627
102.101167872
100.59517052
57.4474526794
134.160087313
84.3029729594
45.989753346
33.1576884245
5.82039801031
106.0647369
32.6148549636
44.4796595424
39.1183944046
111.335492162
72.5746275578
47.5245790445
44.7410143913
139.176303819
53.4455818032
0.378776360304
4.5443531759
66.0396580682
36.8051959164
61.0942121633
67.1415836513
93.5384564604
64.9974347335
51.387094399
64.0398022234
67.7803402954
6.47982737794
31.1087927842
10.1259223223
23.7200009767
32.8526299706
71.1988406628
63.4120136573
70.1514281518
129.354796495
129.320747226
46.0314262212
41.3585580233
28.9269694927
61.6865672842
28.1371103023
6.25126243382
40.0145337134
84.8492672592
57.0725528095
83.7574871107
89.7902978918
76.9308893122
126.380796276
104.664940685
20.3940407261
14.2816678919
0.775982826948
16.611995833
80.8492855718
58.1733278184
88.8737411165
28.8268553206
79.6727865749
28.524351474
60.3683512286
78.3864996024
76.304118108
23.1121281814
35.2907979862
8.61545828729
36.8723802566
27.701110728
26.9259798826
61.810512185
99.8920253645
20.2486206293
85.0322093366
34.6816191674
0.983175622298
10.7892485261
0.454137995839
5.16877958179
3.95702017843
48.5074481071
44.5896427044
60.4380176292
54.1330981627
148.072482169
0.476310398429
28.3455564492
1.87298610806
36.1678855418
1.12541563902
20.2081180662
19.3378097713
17.9012263119
24.2956991998
43.3812769577
78.5262642055
15.3112584706
5.83476240187
0
0
