0
0
0.00071462651249
1.8312331838
2.23440442421
1.78012071014
2.28097769548
0.213195039891
1.28001546487
4.90559167322
7.98931402247
2.05152990832
2.1527857082
0.00914096971974
0.968840962974
1.47494765744
1.46117102541
2.65558729228
1.63770348852
4.81972588878
2.56189597351
4.43850961002
0.496724076569
0.815309330821
0.169189501554
3.79170879541
0.311008619145
0.675004610093
3.81443645922
4.31063452782
3.97628750873
0.753444401547
1.28137742542
1.31080414448
3.28183363157
7.82312067691
1.88928775943
0.0
1.85157743329
2.03927899222
3.38092255429
3.14602650696
2.97564725298
1.93807726388
1.79480022565
0.504785778583
1.91274293326
3.62952033919
2.71762957983
0.618599436712
1.48082648829
2.22089965537
1.54922263557
3.74606329855
2.99504701933
5.8452123215
3.62352079491
3.40744974645
3.37740511633
4.83418078942
2.96319166094
0.405993776862
0.143108701101
1.01185192168
3.20524907671
1.99913022178
2.89649398904
3.3429500307
0.962679961463
1.72950679227
2.20259782113
3.48403323011
5.61837648967
0.345121367543
0.49416405987
2.47120378166
4.09456015751
3.48704119853
1.2540707849
1.90871307207
0.857297796523
4.1020286007
4.32527445536
4.98361247266
6.13783939555
3.68713126238
1.51315131318
1.01483868388
3.18078943854
3.7707685277
3.93140502367
1.12023662962
3.64071548171
1.39542875346
3.09539215936
4.93399935728
8.42139646836
2.8491870244
6.12334417098
0.633969630522
1.22445977479
1.90803438425
2.40100260498
3.51451721042
2.08563110139
4.34896011651
4.02807541937
1.53272373194
2.39989957726
0.0165948527865
2.87883003056
1.50526072411
2.12590464111
2.23482995573
6.68592351675
4.13347538142
2.2361682792
3.33263393492
5.36294498725
3.07098275342
0.0276764354203
0.194706859998
3.2591017168
1.43281995039
2.37392646819
2.22534902301
3.7285419855
3.18009393627
1.97859032149
2.43640812743
4.47023526602
0.807140206918
1.45560887037
0.0283582303673
1.82324158557
2.39931145217
2.94443424791
1.45484213531
2.35142814368
5.23644312937
5.16120642633
3.05227300525
0.835000462364
1.27173975646
2.70810118178
1.47659758129
0.27077075839
2.38996405172
4.15404548566
2.90040441509
3.8443933567
3.93622116442
4.24024343863
5.69383830577
2.48879588023
0.960826687515
0.19954526762
0.520609778352
0.969572633505
3.89170026267
2.41631395346
2.67240463017
1.18432573741
3.1281616732
0.928847451927
3.1429891272
4.37549991161
3.04822487966
0.729341425002
2.02108418755
0.134171511978
0.175022539683
1.04435257468
1.53202706901
1.17237971539
4.0676266877
0.439204603434
2.37722170912
1.64729291946
0.0
0.0434906110168
0.0
0.0
0.838358916342
2.29540083138
2.16461429792
2.65185054904
2.36033670488
5.28044683416
0.136585839093
0.819199241698
1.35314477328
0.966860286891
0.0
1.97044860013
1.90338363312
1.65463658515
1.88402045937
3.5299722366
2.51446264144
0.436772158369
0.428488504142
0
0
