0
0
0.0
90.388840735
58.3842038455
17.5184220001
37.416791671
18.2691128478
33.6033137832
119.061259858
191.414359957
38.6272673606
57.0592568047
0.118302427232
44.8277769852
62.3578130902
13.5891960561
46.9158451594
49.6536839827
101.093808842
42.8327121958
114.739623438
12.3243010808
19.8352990821
18.1355529902
24.8873514533
10.5411402066
15.9857455194
95.4465107918
77.4536514077
115.687503216
9.6958123818
36.5663646218
46.2700470014
120.663336955
295.535702014
22.1107316539
0.308291316034
31.773028493
53.0020909589
75.6451349258
75.8280445934
60.0719218018
49.3141123819
52.8096453734
12.5326221474
58.4511421322
147.007211952
76.266181536
2.79404760898
14.3327849745
62.2469282254
14.9832239309
64.9062718219
50.4189529829
127.382219078
109.0081183
95.9072636962
34.0135248677
71.4456426725
86.9868697598
26.5112293632
5.16758665536
26.394641161
90.6492514798
43.9382020253
57.132168822
75.7405896624
44.3324986025
79.5109868645
92.5179067925
50.7356685418
75.8157045823
38.7943002312
3.72988920053
74.1387613044
70.105541233
50.423411658
30.8417096436
70.0497460217
40.5621109082
128.037005201
122.449593253
110.109749302
107.901237667
77.6178470626
57.2850433966
17.0811434537
69.9207403622
148.071786974
110.493423812
37.8842728212
77.9191968274
14.1518836766
100.67560884
65.715172939
190.509931069
103.397287298
55.5810355582
22.4173626602
46.681846817
61.5605200231
117.840497978
84.0519479626
60.7293138598
140.693351906
101.873150149
32.3148178718
29.2131643296
21.7597804964
84.2994496445
45.0449634007
40.2097289263
28.8436868861
96.4057165766
72.279382769
42.8340171017
43.4169243425
128.146612806
32.4378370308
9.25682392716
3.71075556055
74.7486061826
36.2686868376
61.7110552937
69.8987297417
98.4627765804
64.0792210066
51.0982686617
66.8540956824
72.0211555044
8.5588271767
32.3902570234
8.39409575611
28.3880702165
33.571162507
62.509415701
63.1419766056
79.5882908386
137.536202257
110.84250585
54.7036194206
32.6399826854
31.5617871322
78.1411944888
57.7428589315
6.53649401664
68.1469045817
75.1607668027
59.4361569677
88.8029141352
87.8627794795
68.7091095317
132.733166473
100.469750181
19.6480872044
13.0760359392
2.70315755904
15.2040430591
63.920899909
60.4063725583
96.0453384854
26.569602102
88.8953251646
24.9689656421
54.9187280237
67.6195702265
79.3354608588
42.123120077
35.8917195154
12.1274761052
33.2799375058
28.2917240294
42.6410067043
41.2188453725
87.1447746456
16.396741122
91.4842919112
45.7267089487
12.4472322464
9.9012338519
10.7584229484
7.26365232468
5.4824475199
46.9955828189
59.7494045645
60.9597844073
70.6848054528
155.378620014
1.00357425213
29.7350389267
9.63641157746
53.1711304207
4.55955386767
37.148838468
10.4344678614
19.8352866992
28.9268007874
32.1516532637
94.8079712614
20.7604654357
1.6384093836
19.15
371.569999999
0.319999999999
0.589999999999
0
0
0
0
0
0
0
0
0
0
