0
0
0.0
3.65802578814
2.63698329963
0.673279999755
1.65198185248
0.77899224963
1.53597107343
5.34063257696
7.57708172523
1.84613466635
2.32536026591
0.00439873198047
1.67810879648
2.53013677336
0.563623894006
1.59992428124
1.69033867097
3.85785485414
2.0437977137
4.54991466831
0.620464499108
0.855081487913
0.660498569836
1.10310180485
0.595107445377
0.675274089153
3.83525942266
2.96608908731
4.63088711095
0.430719714612
1.35614681873
1.87511638505
5.3282241784
22.5350827817
1.43449724372
0.0133412703872
1.36450933758
3.18999804498
3.01149362326
3.20671806583
2.55505175685
1.97853764077
2.07759336894
0.83027156489
2.44432765245
5.45664311154
7.55895509943
0.10789723834
0.513143661316
2.58176100755
0.7495506173
2.56343915965
2.23525986902
4.89422922395
4.69465120323
3.62082754681
1.95766244642
3.71693241596
3.0658955102
1.01139991079
0.129860948946
1.28800098225
3.23127260245
1.87062581466
2.72340404475
3.08749623783
1.64665059932
2.67702645063
3.50731334183
2.51034502487
2.30501596257
1.49588165747
0.3769921083
2.70349569572
3.07875796442
2.05247631529
1.39175243862
2.91460165696
1.77280644234
5.99993309681
4.80706886202
4.42698675767
5.17216949165
4.37111396529
2.4299583761
0.765017419239
2.76410839008
6.18284725491
5.36961167585
1.28908977471
3.01578411274
0.52895699162
3.88373267045
3.05654993677
7.65104418481
3.67330778204
2.23952155048
1.19980892166
1.60091426969
2.50102816382
5.06966937007
3.24021990038
2.4640227966
5.83384595707
4.34293280425
1.252438711
1.60150192864
2.01856902242
3.24963182467
1.39283096348
1.79053259268
1.05878632003
3.92538373673
3.22284397145
1.79060419055
1.55750754615
5.53253686614
1.64384206105
0.691980982898
0.155375293456
3.07463943458
1.94645792153
2.77803080808
2.71055858955
4.40734798496
2.74683704833
2.03988169925
2.65271224268
2.76937968424
0.330749064684
1.38439321704
0.282369460212
3.39557434031
1.51274950057
2.49324108195
3.23444096604
3.39114183909
5.48624045227
4.53266715631
2.41525202058
1.12953919428
1.37980935955
4.14966279315
2.45850099064
0.242985409684
2.66056588735
3.1240639654
2.60119661759
3.88570358139
3.67543362407
3.36394047178
5.51411440456
4.23193760822
0.808674034313
0.633181174984
0.103443531552
1.0280210115
2.91499087214
2.43349745101
4.32311902568
1.0627916716
3.33608070965
1.10620447062
2.35450161714
2.35825412348
3.5095916749
1.5404012748
2.13093392027
0.400882877409
1.21336873993
1.30841674271
1.5237603616
1.37406358286
3.08510959172
1.2863323167
4.15629325807
1.15447232127
0.154216885567
0.842222604901
0.150716943666
0.3231677562
0.215563097969
1.76951981522
1.94207088836
2.94865304767
3.27012008661
6.22928342735
0.0162174422294
0.876976391999
0.510752815753
1.0924826297
0.202121507435
1.00714590563
0.561194181442
1.21866252087
1.15648211585
1.49823254719
4.00243479712
0.869025558699
0.0733978832141
0
0
