0
0
0.000713695364539
2.47311241925
2.27812509332
2.07184045622
3.0260523865
0.241323101334
1.29071547417
5.82682391047
8.66698641039
2.59401973849
2.43139547552
0.00607891567051
0.854534365819
1.85994681716
0.897110137157
2.61687382916
1.81915810751
4.01645866921
2.53731440345
4.4420583616
0.414277262986
0.550795470364
0.991333584767
2.36585381068
0.447025920497
0.80794167507
3.92108151794
4.12063824304
3.85606963187
1.00735917687
0.858961798251
2.23544627649
4.02788818697
6.59974042932
1.82900393265
0.0179707035422
1.9281029792
2.80646793917
3.96302773245
3.53366036736
2.41566637985
2.45389171562
1.66315252846
0.254346677219
4.08324628882
4.67091007892
2.63252687454
0.697410623427
1.55270512018
2.18787423125
1.05737213045
4.77006782778
3.57927833812
6.12082512327
3.74482009909
3.00751885306
2.74041837826
1.52107119281
4.35806511343
0.221705697477
0.388776630163
0.971533209085
3.0611291714
1.5351411826
3.00028291764
3.64223675244
1.09213707224
1.67734124884
1.72799125721
3.20652482659
5.23239985551
0.30339454324
0.737967439927
2.55447418522
3.19232150028
3.01696256967
1.25677344762
2.29975460749
0.918075689115
3.56636271381
5.36722961976
5.60169138527
4.6381354928
3.5521890521
0.609246814682
1.21729372907
2.80099547142
3.16160057811
3.54333843663
1.69177180808
3.57276500436
2.15690472443
4.49451564508
3.74767120928
5.77355167421
4.24093804369
1.79851094604
1.26672536787
1.52563942969
1.64733976696
2.66743157571
3.56234115828
1.70507370261
4.10826053767
2.53438571002
1.60284911562
2.23013651744
0.000423109449912
3.53712118161
0.708838221151
2.01363278273
2.4376076198
7.79833120899
4.00095208362
2.73750142287
3.6120604545
4.7192629854
2.58720104047
0.0221814014949
0.279673917568
3.51279491093
1.94791551866
1.77753681072
2.01575418701
3.70370498858
3.67662598658
2.24091779138
2.44710650749
4.7856946527
0.51982969977
1.43038162473
0.854913164862
1.23991676955
1.64483848773
3.64021381736
1.99019409146
2.71150768339
5.30450441083
5.12709122989
3.7275320217
1.25398003124
2.09948889888
3.18292548729
1.74272026587
0.178627037676
2.57963238982
3.84795171139
3.11156572448
3.78546800779
4.64770930191
4.01331154536
5.86141536431
3.31920965842
0.707719354774
0.130043989397
0.0308341160417
1.39420549944
4.16284356639
2.57827492384
3.08255634847
1.34251975873
2.57137041818
0.799197663553
3.50695931166
4.53696004115
2.69687658222
0.896802037954
1.39375339821
0.309685347602
0.667998565361
1.20131466499
1.86206872575
1.03287597653
4.21110730246
0.913007080555
1.90772315953
1.19026386924
0.00704592047259
0.0827154070139
0.0
0.258271813393
0.791149460711
2.59313511639
1.88003511727
2.22547690384
2.29782650527
5.43146382784
0.0985472947359
0.797357615083
1.219589632
1.65489131212
0.482291914988
0.788967247121
1.42745848559
2.33468632959
1.69928043196
3.77830755524
2.40417084377
0.707978865132
0.924834854901
0
0
