0
0
0.0
16.1069682911
30.6532868071
24.1838287598
46.9660887233
62.6095681452
28.3226098939
123.197801147
179.854463495
54.2980384044
54.0637902449
0.0
9.8320732601
80.1138158441
40.4094361068
55.8873463423
59.4764399585
65.1437900774
33.0257809349
121.885927498
14.1655751243
52.0076611562
40.289082456
33.9342100918
2.40621183067
38.1652722134
56.737606896
58.0839129557
101.176441424
55.8156491854
67.1343132192
59.539788491
87.6684769337
114.771666194
20.8779654577
8.32612306438
79.7315594376
94.7754967176
91.3354540207
89.2595931749
80.9705312009
55.050666349
76.7821744344
13.4872340087
71.000425525
68.052591227
106.666033253
5.38339014631
18.2417189497
33.1291151772
35.2026819103
83.3114945563
87.9527431056
89.3684468976
54.9656367526
48.7761487049
41.4469697177
56.3921303508
58.8527217814
77.7570589186
1.14290945604
32.8486599773
48.8540472463
51.8156137728
87.8443922494
66.2383801862
49.9699136374
35.3094152213
86.2658418864
46.4987399542
269.277364138
13.9526168089
12.2940405607
73.4912357926
51.0094716665
26.8082854421
50.9210288208
108.022508316
97.7753945366
134.430878738
26.6163862646
110.270359978
74.8235927112
122.355020016
99.042675823
49.3053897574
54.8961188681
148.836308956
209.203636598
35.5383538752
79.0144306776
20.1033335058
83.2303841393
143.221361029
377.160111823
74.2450493184
78.6880037338
70.230137989
62.6675026697
48.625516939
88.141945554
82.1480321429
46.121165827
54.6372250634
81.0544193388
9.88656686806
114.403329927
25.8396894
3.89835761021
50.3690925446
35.9502292982
32.2306946302
106.826292381
88.0736180534
29.0051327026
86.635441985
121.694424124
59.6621997914
129.010830503
2.32667211816
22.483004937
46.3833201151
64.133615652
26.6377831231
75.2633560001
118.995474556
69.9015276852
38.8603011948
21.3590838639
130.141279221
22.3651732234
17.2182365041
16.7487347703
59.7412189656
81.4983931622
120.612354409
139.352617756
136.371134666
117.422826692
52.5391763338
19.3608939182
151.050746363
38.9519675206
12.4303793237
11.6571443528
69.9283605293
67.1867541242
69.6443344135
93.3866133391
120.859628591
62.1789947832
137.096350875
58.8503547235
13.8380298614
5.84497271105
0.989379812033
1.47093084455
121.959108916
144.690108173
143.517849706
9.57625544071
103.548806582
56.9980362878
70.8652764
48.0652891375
37.3779236014
38.0501797759
45.9777537324
23.805930689
135.683141724
170.854690433
35.3720860925
40.6452667834
58.3048076482
15.1610005349
77.5744462162
16.1729160547
79.0619933177
21.00030756
0.0
6.27413528971
202.556701452
38.6576261669
17.8422104884
65.9187886118
94.8578384669
156.640988275
0.24908774346
6.92974305154
24.6350290776
46.1584128811
44.0686094462
28.9660557461
139.091407154
26.1565745249
35.6327024438
111.693105899
101.123915658
28.2029771582
2.3947493881
0
0
