0
0
0.0
1.81261308957
2.21077906992
0.791719033848
2.21992535796
0.778797150648
1.17038753256
5.86576306913
11.9721341459
2.41672029486
2.63539875962
0.0
1.51736882585
3.47998380754
0.885829630308
1.49332869053
1.02761350665
2.68426839169
1.81051108846
3.25196625665
0.593941142783
1.04798153415
2.05970859691
2.77692884125
0.266749024391
0.506863357499
3.1069748681
4.05020680418
2.07580107299
1.30257284531
1.60494407499
3.59553860058
3.05159059726
7.20807328029
1.42910299636
0.0418901435332
1.1411389485
4.37820943212
4.30287744943
3.34266847558
2.76750438154
2.62003926607
2.38481462095
0.704262482002
2.71534632705
5.03909994219
1.2474362955
0.571771617862
1.0406183186
1.20353951375
1.04461733298
1.78023232566
2.63547247299
3.68372135167
2.99414215703
2.34685467789
1.52267857804
4.89239344257
2.24442614592
0.561672019074
0.0544556030072
2.3524395097
2.62161023216
3.07787099131
2.70798405493
2.62621048791
2.12335728854
2.78904693294
3.37352932873
1.76421708998
10.3739391477
0.732692751102
0.485329817981
2.47686140542
2.71459054574
1.76238611946
1.86724965554
1.95221631881
2.06494936347
6.64090064913
4.4652744499
5.24603425898
3.8663484538
6.98119316343
2.27449341817
1.34763221123
1.85331787157
6.77833002887
7.25835230574
2.16365637304
2.68093084265
0.372079062334
3.62247976102
3.54091817932
11.1314825392
1.28274376877
3.46728437394
0.638358646072
0.101511962712
1.46877730242
3.33892947726
3.81033071224
1.94589306042
3.56735015102
4.91510709468
0.763740340248
1.63283441099
0.636027120054
0.634123125405
1.27132169163
2.3127381485
0.863923112396
3.46077234182
4.84016443929
1.68941372074
1.40302780201
5.44543341408
0.623521623784
0.457954176702
0.169184929691
3.62645944231
0.858621543855
1.70066745079
1.3644879933
3.91232550365
4.80333002005
3.1631345218
2.98579452885
2.13615183975
1.91493695974
1.27617616439
0.266153819335
1.17055453407
2.08482630627
2.36605891772
5.72575356625
3.73022148735
6.17132037191
4.39178031171
2.33911199123
1.01094676269
2.13368867536
4.21101707383
2.39340581535
0.317819958553
2.39052925445
2.8732622629
2.21847268869
3.77871997282
3.55789840687
3.38805747032
4.93834068719
3.96489149332
1.04055118561
0.979577335063
0.632127778605
2.07559773535
3.68828276929
2.93195687328
4.03441494121
1.01169112686
3.28291496751
2.72354445979
2.93040152942
2.37622958794
2.4135783501
1.39613048348
2.20406350616
1.20562612824
1.81219971552
0.661230500089
1.02086701663
0.847018640256
1.74455934716
0.973898518831
3.72542104032
1.38733926788
0.594826032408
0.712946049869
0.161400178447
0.0692302500829
0.440834134817
1.13485343428
1.1235634482
2.8721988257
4.03810132341
4.19946146267
0.0111332405359
0.511596779805
0.861836314201
1.2022295706
0.155781419948
0.133108396083
0.769559241831
1.59629236348
1.85213680193
2.44620115939
5.7719056413
0.69241210632
0.00710395304486
0
0
