0.0
0.0
0.0
40.5040549637
47.9494399522
26.4410529547
54.138091613
31.6621903181
30.3347260058
120.038659556
224.086998012
54.1992880963
51.7404753473
0.0
30.2935726061
86.4424147625
24.7028982346
39.815463066
27.5343994685
77.1009099708
50.6012397185
67.6726348289
13.367050074
27.9876913279
56.7992931605
186.794070013
11.5106213093
19.58670187
67.3867848516
91.0575139001
47.5000454114
28.4876080154
41.5317791551
103.996066276
71.9696115106
205.442246849
87.5680097602
1.86311408412
38.4668056704
91.9101939826
102.080277365
79.942195621
118.506153485
69.2504122294
70.512786325
10.1468115086
57.2443598808
115.694408395
79.109609303
6.95053029432
18.6546641439
32.0964267002
26.1595837735
55.6816065386
75.719097461
84.8248199383
64.6209173407
71.666683115
32.8664007895
77.2708655772
55.5260859802
8.96027175989
1.48846472567
54.0773651897
54.3750101923
60.7964672203
69.7980195432
68.6024028667
48.3851459669
50.3889126274
87.2862184262
47.7817162649
159.644001913
14.7921155244
12.7109669745
81.9274798202
63.8063152805
38.7390504778
50.2667823262
55.8264253176
62.0797059684
137.358065441
94.5346814095
123.257833874
89.5780043342
128.831811631
61.4653966762
10.3504546462
49.9751842618
164.205297874
191.385387361
54.0076423286
61.4217186571
5.28611563286
77.395625677
90.3652603291
244.095094642
48.0913118846
100.05486414
21.5022335965
5.50734132528
35.1493306159
63.3137610667
97.9163858676
48.9986638735
85.125631392
95.1995995994
15.624939708
75.3488086982
27.8939476534
11.3937358917
27.9140443951
48.6689244434
22.6010516547
77.444026038
119.901518427
47.1863876971
28.4265479465
140.626279447
41.3184394351
18.3886871003
4.36530049145
74.9575674996
24.2345643682
57.3550088453
36.2458787486
93.9321955181
104.157629706
73.8992404639
76.7627396844
50.3547532315
66.161410153
30.9976483138
12.8014048375
30.7394331274
46.4812214748
75.2120890618
131.087531772
95.4166186284
143.139535569
100.291394267
70.2556849123
29.6590738334
50.8420756236
97.0454804544
60.4427367077
5.13096195458
61.628805427
60.410191968
61.3796252758
78.9267396955
88.7813205811
79.885880202
121.873176634
93.625602275
19.1750867665
4.89935472048
20.5420806482
18.2790268846
82.2344918791
72.7956010625
110.346540648
18.3372058268
66.1645984781
63.2017007434
85.2340354397
76.7054183326
45.0657470561
29.6608918291
59.866689479
17.797438798
25.7747960686
25.9537740425
15.5230989307
22.02015477
36.4209031714
14.1809431314
75.228745021
17.607905522
0.699093041942
20.6186896891
22.2798179984
7.36320041119
25.1639213563
14.4426503554
27.0351501703
80.9060402066
99.1751566975
121.290862363
0.294377960266
12.9924058914
33.6219248772
31.4546861126
3.37145923265
0.912683461793
21.4921447076
33.4795405157
52.1543332301
57.0321629186
131.68590416
17.4623644352
0.0915350988506
49.6999999999
196.0
16.45
4.27000000001
0
0
0
0
0
0
0
0
0
0
