0
0
0.656247377396
0.711588377657
1.30175853241
0.914753311081
1.94990526955
3.0760861598
0.922741413116
5.22320414428
7.45369774237
2.61567848269
3.52204695623
0.0164244920015
0.198818031698
2.57087721676
1.93231149763
2.28021261655
2.88351272792
2.69830381777
1.49227327202
5.34080371074
2.06986904086
3.18974858429
1.01590082777
1.69437174499
0.177219239529
1.19726686343
1.64194485685
2.12321654917
5.28735035285
2.54245225294
2.79513005191
3.14598812
3.61700258544
4.25564131601
1.02290589875
0.773724918021
2.92786095542
3.9028483259
3.81637486396
3.56903048477
3.17475521867
2.40518677421
3.00462520553
0.65314891102
2.9155329396
2.85795727442
4.16751193535
0.272014382062
0.633733743802
1.27728713583
1.31822597986
3.64506170899
3.82178986608
3.75742277456
2.25362454681
1.95860911149
1.64483643672
1.2884220407
1.32647142449
1.70054566115
0.0172988455743
0.489439234836
1.45357342763
2.06476911373
3.84642754239
2.53943828773
1.86742064217
1.32294754894
4.66904662596
0.812080387259
8.93247748911
0.332695839927
0.393429420888
1.99761634879
2.0582789639
0.852996368427
2.13481459999
5.38826866413
4.18961207941
6.41349273687
4.94886860996
4.19597811508
3.15616372647
5.42496010661
3.76899874571
2.49604152195
1.42956690677
6.20712073892
8.46790583851
1.380326065
3.11469483934
0.686047116295
3.63516951702
9.32241871441
11.5735821885
4.08022923092
2.4734711629
1.84069032245
3.2499307511
2.29201506707
4.37351999269
3.31157364766
2.23672296619
2.59602721647
4.24069003761
0.477562269429
4.18889738014
1.01294028759
0.631684387627
1.55560015026
0.93432885746
1.1677969491
4.20883915201
3.80381131207
1.20688998245
2.79025935603
6.77775680419
3.47708877781
6.61679633893
0.0463527664542
0.498988325737
1.09210748301
2.76796456915
0.92497390788
3.10092874407
4.84451447224
2.66816980357
1.73772293516
1.02251471125
10.893804431
1.00817808905
0.592761175707
1.01748562837
2.64196835831
3.05248569994
5.37272393703
5.94734066178
5.589162522
4.43314943486
2.00180278986
0.908534978051
1.70728910342
2.39942593488
0.409481409471
0.248525361065
2.42263071425
2.30337507697
2.68815742963
3.6275166031
4.58147519268
2.19720331958
5.62069801439
2.6940246555
0.583346569911
0.0718504862743
0.0
0.0
1.87252704613
5.61435185513
5.70204759389
0.376917307032
4.30156706786
3.42854603194
2.80743719055
1.57657220861
1.53481291281
0.983019399457
2.23551661189
0.821857046336
2.56120713538
1.72537444904
1.01039132587
1.16453321859
2.23555640178
0.418871983886
1.85569940507
0.708955705166
0.761114669731
1.33600388281
2.35869421298
0.514124866575
2.01661181729
1.18198268488
1.37200878083
2.08119640313
4.4812550731
6.158144705
0.0
0.143623257056
1.25697520375
1.20382988825
2.60447065218
0.417298288085
1.17873357981
0.683387525845
1.18996685138
4.08330296515
3.40160552692
1.1455661878
0.148056996986
0
0
