0
0
0.0
39.7940853238
53.5003754441
23.1988237342
46.7369737867
19.0898799375
27.6245017649
99.5149525591
246.327841769
62.597649157
61.1342608742
5.77571225167
34.8320077783
66.9694386665
21.841581881
45.7825074792
22.17629195
65.268815171
40.9668150096
81.5309809596
20.0710738152
15.6125648394
42.8655577898
57.1336688921
12.9042592049
10.8133975267
58.2039164844
87.5487840437
59.3556518918
28.2477929983
41.4860248267
67.0930122658
88.28397426
191.587786775
23.188923019
10.5426445236
28.4565413016
116.638200875
79.3581326009
64.5620784926
67.6865793737
58.3884411046
45.2358354125
24.2426130754
73.511932578
128.133132214
101.633589812
8.00408631564
20.1321424101
35.8879736191
26.2112322562
39.8762163576
67.034495322
72.5815594922
87.2933787593
58.5517443269
78.231262151
116.88518402
53.1513335318
16.7238813825
1.5224442333
48.5299441517
55.8900894262
60.3396245326
64.933227785
83.0217691138
53.4923439994
60.0229049251
78.8464716821
43.1691508171
188.027725685
12.5794426818
14.3714961447
46.0509659014
54.081697561
47.8272537142
39.2034730128
44.3279277384
39.9338220655
139.857034273
101.183871551
95.7771020662
96.5789236128
160.909980666
32.7609707988
52.1850167009
44.9447453767
167.07315027
148.5949561
54.4755862356
57.6191368997
7.57494630665
131.813495927
80.5860444624
178.967654457
31.128507726
58.8939757346
27.2377426922
13.2341691703
43.6344049238
84.1529179733
91.9431375024
56.8568217494
95.3527255013
98.1808191686
23.2157501299
56.4251692202
16.476241976
15.2406080738
30.5344568314
56.2298974246
18.3718077298
77.7170073466
118.225745771
37.0713389916
28.6462893336
117.119264457
15.7217051312
12.1005471982
3.44225852004
87.2973610908
22.6333572893
31.5928551451
34.7561232449
107.132190954
117.359335419
73.7397083436
83.4722878486
52.0477009658
56.5052384734
41.1996181291
14.4667342454
21.3944685012
43.9403110406
52.3885700405
136.413545016
78.2993532653
129.559115723
114.445469868
62.2930812725
19.0683314726
51.174125514
81.4552572845
60.6009814682
5.02623094618
66.1725544018
67.7167465613
45.2466739872
90.7959584249
95.4044199922
78.0718039646
105.408657432
82.5684719234
27.1414802558
15.9171131803
9.10292260721
22.1633699275
73.5530784744
61.1107902377
97.2379521132
24.4020158798
82.5566175989
48.4394969791
67.3515358586
67.9294575574
64.6905157668
34.8781931698
68.283275172
12.0829300806
25.986785808
42.1687573493
33.6737928175
24.1783304494
53.2416386827
23.5368563533
81.1072065084
28.3216558769
5.20813795925
11.6418706812
2.46468261816
6.04964131862
3.42929542066
30.164295271
33.7698702962
71.0573824848
95.5235650073
103.107400864
0.84069313109
10.6977003068
16.4976995364
30.7195353386
8.30149126054
2.94329774381
12.1806104779
29.6970881671
41.1549459211
87.7921185886
128.087033406
13.7322832793
3.68288469314
91.11
22.06
0
0
0
0
0
0
0
0
0
0
0
0
