0
0
0.0
34.0581386537
31.9425750264
29.5948427618
53.0313071155
42.4152134602
31.1901849295
119.239419962
191.85678944
42.1613110006
74.4394675958
0.583752617239
27.2849020454
77.7785100528
12.6287541278
53.6327791214
50.1124564474
74.3501048126
31.2984450684
117.551717118
13.0746408999
42.3480361999
48.8573479586
80.4745950178
6.14325086306
13.2107836283
51.1972625256
58.2001970597
42.9719392675
43.8989526098
67.1845452468
89.7638003155
98.4203885933
150.308681658
15.0300283693
4.18964549527
59.532407675
71.7817972562
102.848222631
76.4147265238
77.509665599
45.5398026806
67.189378878
13.7601156067
75.6122370958
55.0642410926
94.9514295458
5.63313073106
12.8457346056
23.7344099544
31.9914398119
77.5703374186
95.6280653374
89.7990978509
54.9405401582
38.2007300947
39.4663157446
73.5847002463
49.32800511
8.48122322558
1.3135227263
30.9552409351
50.2923308909
53.4076588042
86.3006115965
62.095834421
49.7278898544
39.769160226
82.0529022216
55.9804006106
225.915338268
11.6179175489
11.3350692987
29.2130120249
61.8905755262
28.8919916266
45.1007876359
96.9142673314
81.1275155134
182.66686241
128.106582928
108.688767616
97.0903946618
118.189748294
69.2753572301
16.6871652785
59.5627137758
159.08831894
195.328339091
43.3806012869
76.8064085842
15.7711969698
101.655673142
96.7423269962
344.321001979
78.9182581901
77.2237013429
44.9984481857
15.8271549437
33.850601633
69.7483233456
73.5863247514
55.2204378038
52.8815042981
87.9741266369
35.476262357
95.5168056674
23.3428691011
12.0258295317
32.7359803123
48.3089167903
30.2380612939
87.0890622922
115.75070882
38.6650647581
39.816700302
124.079285892
66.329550583
11.7389883846
2.17110381089
27.4081062322
18.2739135325
44.8125771799
34.3954906454
74.5068331193
107.051704647
57.8997912845
48.5318790079
14.7317262478
51.8338165284
11.7831612155
17.3667471483
9.90527993906
44.6095764264
88.0982082494
118.02930085
123.945779845
141.310414754
109.471922354
53.4939825329
21.9118039808
50.6780483081
51.6375506892
11.5166073181
2.92864611559
67.1216666232
55.9367645011
67.8256882802
101.231357273
146.465538539
68.8563766646
112.710822215
63.065194897
15.6033171751
5.92175263166
0.0
0.0299215083941
46.560168961
112.237106934
114.560607361
9.60452125222
82.0247878488
44.8631750587
62.8932887614
34.7968875636
39.9452864808
43.4241788462
41.802073745
2.75066068769
8.28318213386
28.5688346923
60.5571722165
27.5425455497
37.6913700701
33.692235589
129.603444256
20.0997288823
3.51038092375
27.812105298
1.21913579106
10.9554885775
23.8196000936
38.5090029091
35.3656048178
60.849165246
96.315734027
149.444563709
8.50541424751
12.5566844344
19.0392031074
43.9974695198
22.7576268911
15.1438549217
10.6813745499
24.112806324
35.7781426123
85.0955059435
143.607388213
24.6734419205
0.0426258612425
0
0
