0
0
4.18514251709
0.619591090828
0.918154552113
0.639259232674
1.7477423856
3.67572379112
1.21612809412
5.29891445162
8.02740980627
1.6580503243
4.45138407894
0.0153979612514
0.164791259682
1.71581741236
2.0819077529
2.07540670317
2.94979472458
2.82597719249
1.56618260581
5.0090510142
2.73856599629
3.2627341575
0.740038076765
3.1933561042
0.353019402013
0.78476229799
1.79292247747
2.17585273535
4.36537165358
2.50109413639
2.23842285806
4.34403825505
3.49149513221
2.38178937254
1.94075968827
0.503926317208
2.33776030043
2.94187140465
3.50776390085
3.10649483546
3.04934151075
2.48297422717
2.52185013739
2.26058196422
4.27717698691
3.60226903053
4.17780344561
0.0612666065572
0.295199527638
0.672405445948
0.7523749955
3.37565368717
3.95474892773
4.07760781236
2.13765046978
2.44394590717
1.78098145628
3.47140255463
1.08578695089
0.915432639653
0.0132981250063
0.70021731779
0.45583140105
2.31987381502
3.55867913365
1.81948816404
2.05176537298
1.9509463273
4.98045557039
0.646329726325
16.2538103539
1.03031230159
0.382292592432
1.09104950726
2.11038539617
0.700142817106
1.90420420351
5.82030462683
4.05512611382
5.92105552601
3.73345595557
3.25869524851
3.85667098442
6.08420399844
4.43255447259
2.68023578555
2.03513251059
5.82961936202
9.00390082505
1.48633746477
2.69717266038
0.630820604041
4.68073959433
10.4747709967
10.011160057
3.88624300063
2.10508608539
0.836113166763
2.52501231618
2.41001837858
3.76528447634
3.26479701325
2.48157712258
3.05791784544
4.33806527779
0.438303380273
4.31728391722
2.06913427333
0.619484179595
0.9288404783
0.796235432848
1.04703890579
4.10686521116
3.43639739137
1.06279215822
2.53495030617
6.35396857839
4.25829027314
6.88114444306
0.0626353640109
0.49039730255
1.02211898332
2.46786480071
0.994265322806
2.67335054604
5.12753391149
2.77876698237
2.46743283101
1.1000909321
0.630474507809
1.09925162839
0.739087356254
0.375590203679
1.26650267746
2.96640528832
5.58446157537
5.72212354874
5.13837818522
4.60615849867
1.4293558381
1.51290667953
3.5465524639
3.64760294929
0.390733637381
0.134380389471
1.86844995338
2.71866103821
2.72734478855
3.52063602582
4.12579457788
1.661488574
5.35040962056
2.46870437206
0.549169179052
0.18960361206
0.0
0.0
0.79468251951
4.95245383604
5.52342243434
0.553436671238
3.94908292219
5.34973932151
3.30149540817
1.93768233078
2.14100799779
1.25110634114
1.80937968922
0.440782066784
0.526920590084
0.286137837859
0.41717059724
0.738503320608
2.90321236826
0.262090364471
0.529744014144
1.61640843749
2.84686761419
1.11508876085
0.803501900285
0.0282407607883
0.730846094433
1.11328414641
1.38977443078
2.41943966458
4.26961982995
5.47779565095
0.00148086727131
0.232278384268
1.64491797145
1.95921756234
3.87503785209
0.465143961366
0.515504686162
0.500847848132
1.25770335551
4.00848569372
3.26524910517
1.10974414647
0.0547501239926
0
0
