0.0
0.0
0.0
33.3195524462
38.6796834804
20.1165320948
53.2154532821
32.308794329
29.8214987218
136.116170626
246.846449789
57.9046470859
73.0343604907
3.00425612926
31.2492954823
88.407594636
26.390944081
41.2204037904
27.320760319
71.4468960576
48.7139205672
82.1026104502
13.8876697496
26.4459961205
55.3417868503
102.267415976
12.4117913246
16.5262620449
71.4152178168
94.5147095472
52.4326581233
33.6771014928
41.7052717543
66.3543686662
76.1162771434
200.491070095
48.7154485462
1.33744789101
22.0848429557
95.8787817895
118.329554038
84.8335477598
82.4205114254
65.9063419272
64.9939514827
12.9918542812
59.206622243
112.728858668
59.9088369319
9.09584893752
15.3878662339
33.8966382108
25.2379692792
48.6480343714
70.6006386
84.7768940278
73.6488331183
70.5735124116
34.1411571802
100.951119854
51.2811736814
11.3796410188
1.62490663072
64.6315376758
67.3661169559
67.3418296805
72.1287656016
63.4907306638
55.8118233998
58.3064203709
87.7634978815
48.502893677
187.501599225
18.1610913724
12.3452650309
61.6128893467
66.0552241356
42.1121853814
49.0898841662
48.995814085
56.3692258838
141.616096169
92.2550388648
137.898863219
96.7641883186
150.309033025
62.973577309
22.9503527409
53.3780520559
161.912938641
179.839642905
55.3156574071
61.2729001121
8.5944308443
86.6974124126
87.3370990286
319.758303607
25.0383336247
97.8123757838
15.9260931127
5.20623283087
39.381608808
71.9459305303
98.6621895962
42.3224165383
81.6580817364
122.595713597
15.8875901196
78.3183719292
19.7864637673
16.5675119623
28.1509826734
55.0591842235
20.1049513221
77.0465332848
122.485972894
46.1486926087
25.6710936595
131.039934168
25.2485166137
16.5843925998
4.6517425524
105.706861598
22.1541940765
50.3267219849
31.6262227445
95.8587958718
112.424933575
76.2244545835
74.6872551778
43.4705401529
77.7574280798
25.8847691863
8.93151195254
35.6049521026
58.6532494872
71.4439184914
133.388576042
100.67089236
139.104960727
98.309131097
64.1518632622
32.1198843442
56.1848275848
90.4264597978
73.8949938677
9.70707564802
58.4462304041
67.4384793341
59.5774852932
84.0381149837
91.5890357801
83.1729654372
124.929458599
102.192360554
21.5781687945
13.7382574584
9.25399768354
58.0001369566
100.196348539
68.5990816354
104.427194595
21.2320041675
71.3758503254
67.5621409714
82.5268627481
59.8568846333
51.1509196702
27.5414253696
57.7687386442
13.8147223312
35.485470079
10.651189534
19.050562676
16.4278407293
36.7574864813
14.533711195
73.1853740102
32.2607626766
13.6530056968
