0
0
0.0
20.4708327502
33.7294647619
28.5200086757
52.6021937393
46.7462469655
29.8057845142
123.257662986
222.014145702
49.9282844962
50.4474382438
0.0
25.9948055736
78.2791572288
14.9940578705
61.516709771
52.4814718421
73.5458685235
31.0494394843
117.171828121
14.8872327804
47.4128534719
46.7662945752
81.9535583854
4.27659431566
19.4132721489
48.5882357285
55.3202234431
90.8511081374
49.0311683714
69.0024405365
94.3841099683
97.9348419802
111.790607024
21.3002931476
5.26627339795
65.875632126
68.9620880038
92.9160227933
84.1895054695
81.3505220263
47.7804958234
68.4204710014
16.0014262553
77.6149300486
44.9259885662
101.834840298
5.63177487998
19.0533028487
21.6698053144
31.457853768
75.9468182455
87.3618164398
84.6674698032
55.1392059569
39.148882404
38.3583664968
57.3053160394
51.6356999484
7.84929496049
1.37881448865
21.627504766
46.4710176811
51.851485854
82.9168074466
60.9698755759
59.6732935198
41.8757706286
69.6488007401
44.1677850787
359.195418382
15.4452872062
12.1875729561
37.1491617245
56.7017982266
27.4783137571
49.7301560194
99.5839087666
88.6860463546
162.421946554
92.5649653226
106.309112431
79.3744697892
99.0411030238
72.6774838459
31.6315169796
55.7773810476
161.817412807
203.149606593
41.8725700378
84.389746584
21.4639807334
90.9199197209
77.0448062047
342.473461798
75.2667964697
71.7578105628
51.1091396827
22.854629131
41.6130894274
70.3110122038
84.3821616991
58.4938247515
54.9097051452
85.982535839
30.8162486124
139.087650798
23.581793759
15.1101553556
40.7142983916
47.0752826986
35.7535503545
95.8236852809
108.571486937
36.118370561
40.5214802474
118.846664718
71.5132591334
114.710558575
2.23515045829
24.0522443479
26.4115676602
56.7758820242
31.525479055
77.5115717669
114.303831416
62.0683530355
55.1698399577
16.7244657967
73.9397420882
4.61313190498
14.6195800155
13.4365335815
55.6298861057
91.1442784862
119.024075948
132.416300464
136.547993258
116.158474786
53.1354615713
16.1742262998
44.1462172949
61.2435761662
4.59837864898
7.57656911016
68.9402817842
61.8643152178
64.9189937095
98.5056346022
132.275618568
73.0203147401
110.353903962
62.5513156728
8.40776612609
6.44333222508
0.0
0.0
84.126617387
118.102107793
120.167510692
9.14492910168
83.6801934103
53.3873566836
75.0065971222
37.8691649633
36.5750843659
45.4563573283
61.4374325014
2.9619899243
32.1149337161
48.9562918915
53.49689487
30.627700644
60.533166401
34.3365206122
105.157277361
7.29358063639
34.3296699096
23.864303112
0.582637041806
5.55332529545
36.5872198642
33.2441202252
28.0407407285
59.4122480638
94.4039898756
143.039793838
0.0
9.1898174286
1.59822835028
49.5521146507
21.6261186898
6.73576916009
62.1820110307
18.8775915876
35.2972944415
88.3528993315
118.976289041
17.6744168177
1.11042043939
0
0
