0.0
0.0
90.2562417984
35.371265173
14.1782025397
8.48227305898
28.7177486542
98.0546083711
39.2695493102
156.673997138
157.545339955
78.7321829796
102.800365191
3.24118959905
5.85483129322
61.0810440929
20.4005388916
39.3964362648
53.9420372844
92.8728822163
30.0048268111
114.216620285
80.1178589556
54.6870755107
24.1122137556
41.679621756
5.45160746388
6.61540549154
60.890732646
59.5228871923
70.5895369313
56.0566357747
52.3137704004
86.559792959
69.1294931174
69.788613204
44.1005900726
25.2898895146
29.0495225047
121.875292227
107.151972481
77.4486024511
66.6392310374
55.7305761929
40.8075019656
69.1074238121
118.498958118
81.2746357397
101.567256018
11.953818759
20.7858488588
24.0825664234
15.6113033462
71.9005361376
86.0200098216
105.581335008
46.8502862602
54.4667443978
40.6475228942
79.7197427158
49.6879370604
26.0763305426
1.33198079467
17.4368918482
16.0002890378
59.3895997032
75.2041250021
45.2011041809
39.3679040302
48.3828122285
99.7342305221
15.2977206116
385.512320525
39.9216890484
9.75947678088
20.4303102493
76.0351724597
16.313860436
43.55871246
121.46949667
104.125940256
146.47267935
83.197262634
76.7707352935
120.581506737
179.12393742
59.7877965756
67.1957495184
46.8102480518
127.931328159
203.360672213
33.140694391
67.023675587
6.28234130143
94.6735657397
163.191859469
220.009716785
105.18494077
49.6968925819
16.0154626658
85.042968954
53.7198370212
86.1341629586
79.9956679234
74.036929476
70.7491974682
87.6327567437
38.731395811
105.239424823
56.1332645417
16.0707382131
33.6954044513
25.1816755013
13.3499580296
93.1906327699
125.327678103
20.308667209
38.2828472786
151.544365874
127.272203295
18.1865854785
0.998843260109
9.31239415426
26.9081021213
43.9109801798
22.3624727181
64.9418378129
124.01711054
65.2856103034
72.9680777081
23.8077985765
12.9001536369
14.8022955079
13.6553972494
7.24932558182
14.9501350019
62.1220833007
135.878704816
130.044312953
108.720710222
92.9634234331
44.5438074545
48.2124319906
56.535813041
68.3821127414
2.0301604718
0.349694380536
55.767267365
111.883441871
67.0876692216
81.8751299232
98.0134421849
52.565668283
110.222662346
55.9047072571
12.5145853311
4.86603958486
0.540066506714
0.0
17.6911048517
92.724495036
134.827706996
17.7389409095
96.2752525918
143.897520818
73.0888192217
53.5731728081
54.027078589
33.7314337826
32.5019403384
17.5578226
156.155822933
22.6128715798
9.7121724151
28.9816099853
46.5351433195
2.86824352294
16.0391093195
45.107088089
296.125555274
