0.0
0.0
95.7937517167
10.241137594
13.8798465952
11.4049649052
34.9480978538
85.9391079358
32.0688015818
149.217930179
179.875085939
52.825495787
117.927943898
3.98167634011
3.40163861587
51.3660673946
24.173968345
50.7936741336
58.812948972
79.2224419042
33.1741888615
118.35061229
71.7807198466
84.0257073194
33.9246588881
73.8463914694
0.377383561805
14.5609829519
48.0268909783
51.8592947801
82.4573067314
60.9470357002
53.5249942951
90.1734090821
70.8345147372
51.034082897
61.2401429414
21.7100168466
65.6746050362
71.4190479218
102.143395788
75.9997074986
70.6814525184
55.9463832098
49.9848105312
57.3817040976
107.260077708
78.7648853268
122.029069707
3.35870078578
14.466297213
17.8185526058
16.2963623721
83.4016792704
89.9334923364
100.133641882
45.4436843208
62.6101569389
58.8722940701
66.6847538268
39.9929009741
17.1501612067
0.16723042354
18.6477549579
18.0111194774
54.0799951404
83.3342032694
43.1223753859
40.7477127802
39.6205868292
89.7188150995
25.064533093
420.32297622
20.0303487405
9.957711339
23.4066961706
74.2252027822
17.2495051758
41.9600461162
125.892264895
104.782034699
161.814019499
61.1049823332
74.1451877988
121.777233325
168.453479944
77.9109238157
68.7626466653
34.7474512579
131.653419881
217.230739497
33.8537451178
65.0773477255
9.3746931553
123.362202225
192.694416314
199.350312257
93.3705369158
52.9600838218
14.0057424847
64.3898037463
56.0014525567
81.2559247726
77.5811350198
64.0194865654
69.7381742844
80.6593343542
25.2995731382
106.093080942
56.2160382271
17.8394750711
21.7333932454
23.4612747892
21.2076642159
101.309034018
105.792282589
25.0152980676
48.9107338534
157.57406792
110.369758471
192.295489579
2.27428960428
13.6012508869
20.0110526914
48.5130522084
25.028992847
62.0047668144
128.462154809
69.2456061691
66.2681249371
23.2012935206
4.29899561405
27.5836890936
13.4018799411
17.561884962
11.2975605363
70.8051167148
150.071386009
137.507901376
116.581222829
106.894311837
37.6970507429
44.4423596933
91.3324464598
67.1664744614
10.8345747516
2.45267505571
48.6390319783
112.50631444
69.1839413945
83.0879130139
98.386036573
53.3396152226
119.544029477
79.9807043191
7.29346798361
7.54838314327
0.0
0.0
14.1873080693
103.097948567
133.411833644
14.9658600404
91.7645487115
159.851179909
81.1096973335
43.7275228222
60.6002776985
31.248714611
24.6303267545
2.86065691709
81.409061797
9.04539113491
8.13090200722
29.5547148305
64.6778645328
6.87732164561
17.417288661
44.5640258789
209.786041749
