0.0
0.0
14.8523898125
18.7194734663
26.2381275482
16.956445056
43.6361609326
85.2666260227
20.301645577
117.61357601
168.22088496
76.3594658263
107.246715261
0.426603510977
6.28888667376
52.4754350335
43.6343994142
52.7053984555
64.3528315723
68.5442261388
39.102369234
131.909757748
50.6515002559
69.3907751554
28.1678897347
43.6840885877
3.76518106834
23.1749905203
38.8187360746
48.8755013254
107.43265479
65.2158038914
48.691442052
84.032092765
56.4211482926
92.5296947491
23.3365879096
15.5749918618
61.2848110661
70.2106023041
83.2922949535
74.5185594115
69.862228632
61.7635881259
66.5935455439
32.4929544521
76.7749265806
84.7387975836
102.7594226
1.54229464754
11.5553627014
20.8660462908
23.8867663876
83.1284998207
95.9807976941
93.973297745
49.931162903
36.7716268608
40.8729587076
55.2670373388
26.2452056604
12.1484651249
0.356926409527
10.7594107501
23.6981471758
56.6963566351
92.1676248574
53.9618579206
45.931064425
32.0735757797
104.024597769
18.6539255041
401.816304334
12.9706091881
9.47555932402
44.9229533671
42.4771549116
17.8588563139
46.8223102615
140.992879878
98.2847519069
132.239400275
109.375354439
75.9564639386
77.4720079265
154.807776174
109.408072628
60.0734012438
49.2131883948
141.683629788
207.201389272
31.3989551738
68.5217913686
13.8860525787
97.937501586
205.702656141
250.064656046
105.757990524
55.762599757
26.0257886779
69.4512711139
56.0376068539
102.253538934
77.4987250529
56.8985977358
64.4877653731
106.481763728
8.80818288401
102.188204549
31.5557948592
15.8407360492
27.5660492582
22.2985626105
26.3067615778
96.3475476578
82.1009431109
28.4358720286
60.2661376339
155.793393449
103.277103938
158.132785326
1.09370850027
15.4754196159
19.6709887669
67.7414662522
24.6282709586
72.4024746158
116.836824713
63.9397203214
50.8380663554
28.7702739984
37.644370079
16.3878810285
17.2132723094
16.8739408851
44.9538896532
76.2241792939
128.236526079
139.842278419
127.027179541
113.985822911
46.1201458025
35.1396232433
77.3602537438
59.6671765298
1.66237941384
2.35852666386
49.1804914037
67.8044668493
67.1348274713
84.5733440928
106.716629033
41.6776405284
125.992773864
50.4751529326
20.9150803238
5.51268886217
0.0
0.0
20.6280358694
130.250721772
137.637490204
9.72487455862
98.1571678183
101.647733509
67.811165208
40.5554590229
32.6970795785
21.5032245945
37.2934879716
6.4745815415
29.4648112147
17.7200356911
18.9900227934
21.0140666217
57.2769922726
6.78599917889
27.4480217993
27.5698156356
0.0303529947996
25.0235835984
24.6566012801
0.988985002042
16.8748189956
27.543697536
36.9898563511
55.4365494624
107.074195325
144.05731342
0.0
16.9354358017
32.7620472432
39.7485062275
96.2124986602
9.35120346955
15.925871551
8.12997344882
27.9565500766
86.8735375498
86.5673035159
20.8916524742
2.2618829906
27.5899999999
273.45
0.0
2.41000000001
0
0
0
0
0
0
0
0
0
0
