0
0
0.0
1.41212933511
1.75275750924
1.24878802756
2.42390206456
1.51557583595
1.37658864632
5.42002447508
9.48534699995
2.45963672642
2.36644341645
0.0
1.10228164284
2.95547741721
0.961088501266
1.57140379283
1.02495195391
3.05097184703
2.01632402092
2.96784665273
0.40426806733
1.03515605256
2.17899499298
5.99538107961
0.750580700929
0.690587311052
2.51728022099
3.73282096442
1.94766140846
1.20222041756
1.78338102344
4.59505128162
3.41365232412
6.2659678394
1.14912878105
0.293073707726
1.55070799147
3.4321797872
3.7310726156
3.39019639045
4.88114067912
2.79580794834
3.10148489289
0.540666137822
2.67523143534
3.35896276147
3.26838592475
0.632794308476
0.590052449144
1.36703744228
1.2228070586
2.41103232466
3.37987391598
3.64673499914
2.73356946674
2.92872865079
2.47408129694
3.320048597
2.12170502916
0.502568840981
0.0760518742027
1.55219702795
2.14783766668
2.67026006925
3.25753325154
2.63843894901
1.81280788523
1.95721523673
3.09664504137
2.10441483092
7.90425555705
0.269460517447
0.727100893855
2.22706906684
3.03345726803
1.5930832281
2.21369932953
2.7681218572
2.88996337634
5.8583442159
3.97700475017
4.54825177649
3.66102540586
5.43380740169
2.47946963739
0.626579473901
2.48215492349
7.15282672644
7.82634757552
2.39573097602
2.44877416454
0.182362133637
3.77649553213
3.41007183213
12.0742410886
2.15722908074
3.85480619385
0.499223626219
0.310945832171
1.51593233686
2.79991123779
3.87888348568
2.05856732605
3.28115701675
3.7281133919
1.47039325361
3.76793491235
1.27963407314
0.323796989018
1.36212823979
1.96987640392
0.764999678591
3.16811549291
4.9340760503
1.84969478007
1.32851746562
5.22951268451
2.34369157301
0.423093782738
0.169384448323
1.74992393976
1.08144965884
2.078584534
1.67283254117
3.7687074102
4.20457826596
3.14676570892
2.76619011583
1.94351499388
2.75473798811
1.32541124756
0.551417248324
0.932893462712
1.53202193789
3.10363861034
5.43096984248
4.30694262462
5.95955070527
4.31615263526
3.0460293116
0.991749905283
2.46463342023
4.13089405093
1.4369700558
0.0660323962802
2.41798266588
3.04610213405
2.87908334099
3.33339546947
4.70386013109
2.91992012202
5.20635720342
4.1616172567
0.785980420187
0.0488697269466
0.254162648693
0.451089802664
2.78457399289
2.92283010227
4.58725579828
0.669268318277
2.69331740448
2.62154039415
3.16312452778
2.91660003737
1.81299479201
1.33737194352
1.4677091479
0.542610500095
0.420268408954
1.11654525064
1.24259142022
0.94803173421
1.83080816246
0.469544708729
3.29442097992
1.57543546706
0.0141594898887
0.797416764311
0.535075890832
0.368180911988
0.0
0.497702552006
1.02379358746
3.67845604941
4.18661981774
5.43124993145
0.0101964501664
0.304694376886
1.11163256411
0.263026425615
0.696121290326
0.1214115615
0.90462218225
1.41843077447
1.98502683593
3.13663278497
5.8066093158
0.672139555216
0.0124288355
0
0
