0
0
0.0
1.33387602121
1.51062174514
1.32210561214
2.43273787806
1.4474447103
1.36233696062
5.10695312172
7.404616463
2.10448729782
2.67861646495
0.0379904694855
1.31140365591
2.69708543224
0.664578862372
1.79400136415
1.70143243019
2.74680493725
1.91626850702
4.6940767942
0.295216351748
1.32254217751
1.88135730475
4.06272130579
0.426250050543
0.415486741753
2.31987603055
2.4944612314
1.81373657726
1.6079786839
2.26861115405
3.84418872045
3.73803824675
4.42849149881
1.3159458423
0.600690888008
1.39243450528
3.42367310962
3.58307866822
3.01616628608
2.93493007682
2.39609114313
2.88205756084
0.555112676462
2.84864151757
2.36353715847
4.0862891227
0.0224721353734
0.665957510879
1.10830537928
1.05174992699
2.75739142753
3.94847202895
3.87147016602
2.44999025948
1.61482305964
2.0112139713
3.41240784246
1.77500644355
0.415807720274
0.0176098117954
1.20016837865
2.51162562333
2.21649064377
3.75477440958
2.44526260439
2.22048156615
1.70019842195
3.35439144634
3.16373532603
7.32340789092
0.304590209853
0.348004448228
1.15920257795
2.87879674195
1.36512742797
2.17328830948
3.89667314664
3.29995114356
6.63787926082
2.57006678288
4.16383328149
2.65094280732
4.30469042528
1.66927973204
1.4433943808
2.63421195
6.6585759446
8.51757324417
1.84044635296
2.83107908908
0.337125305086
2.35364407394
4.06024948228
15.2634945316
2.48184914701
3.61226916872
0.717058235838
0.38452339638
1.44945824723
2.97070863424
2.96960903984
1.91064031445
2.24830954126
3.86879079649
1.83330307854
3.47959471331
1.34379539662
0.402124501532
0.793762420188
1.8272873573
0.974769345019
2.96797523455
5.32374626631
1.73036650475
2.14036107273
4.74260314461
2.94124375249
0.289719936904
0.111420776695
0.706602144986
0.850764876464
1.86073365685
1.53018811857
3.23876875034
4.27418617345
2.72037759935
2.30594417173
0.779573686654
0.0387714914978
0.456299828598
0.58657359198
0.387440713122
1.37008295651
2.828653345
5.14911583392
4.81443836866
5.69792882632
4.41013043188
2.78600657452
0.512633594713
1.98020539142
3.43445166247
0.50677209947
0.143173368648
2.62592159625
1.82118228107
2.64191285591
3.78067713929
5.55647678673
3.23061293038
5.06146187661
2.53908769111
0.393610883504
0.0087422906654
0.0
0.0488239829428
1.34576287516
3.73541644402
4.52492857294
0.448065328237
3.11266237171
2.05397478049
3.08324259007
1.97886252159
1.57332682994
1.86581510305
1.87166498858
0.141827296466
0.432691091672
0.771707376465
3.01281588146
1.5337729064
2.79020444152
0.915067534894
6.50153488852
1.45117233694
0.0450331941247
0.544719779864
0.0241718832403
0.55821255222
0.0141444884357
1.57578379149
1.4468767345
2.89903277438
4.15031676716
6.78581035254
0.16020294372
1.28149497136
0.00417213048786
1.19678927911
1.43868529424
0.104988794541
0.80193439126
1.37293382641
1.384063059
3.59026040928
6.31241103169
1.05340007041
0.0379551323131
0
0
