0
0
0.0
1.48414602643
1.80882120552
1.36451662821
2.44819541043
1.82535313768
1.35604125838
5.92655952647
8.6563828527
2.02997777378
2.10219028767
0.0
0.856267504161
2.90440834686
0.758947859344
1.53244695906
1.23736604396
3.03014888614
1.93452417199
3.41865370399
0.252650564536
1.26471450925
1.64861871302
5.77282833989
0.325407124474
0.673147611669
2.63365950622
4.05056572612
2.08666793897
1.20696912054
1.83648512035
5.0548767196
3.35217369767
6.35353840142
1.84920956497
0.492175556254
1.10969208321
3.25161829684
3.07668635133
3.0807382795
3.81228250638
2.66359199351
3.4149654666
0.704180606175
2.61915884819
3.40851571539
2.77504651132
0.0960975881899
0.840549523942
0.977655817522
0.854110165732
2.35653962049
3.52403794887
3.75449007412
2.88601678878
2.50046128867
2.10221518576
3.74015415588
2.39636236266
0.0906812619651
0.137358403066
1.29361191299
1.93285031244
2.4831654008
3.42487162194
2.54777519265
2.04775659181
2.12620784855
2.64940460713
2.25819928898
15.6404453627
0.265560507774
0.509502837434
1.6376049536
2.6824354725
1.39453482151
2.32100318163
3.08718831465
2.97989838023
5.71916884556
3.07031252561
3.82024773583
3.99672203721
5.49338468257
2.12815818866
0.62713586411
2.73781939899
6.6886739023
8.01698544994
2.25271370076
2.52305018436
0.432882766589
3.64765482955
3.62750049168
12.7098738884
1.82650094293
3.88569484139
0.713800176978
0.313179364428
1.34127921978
2.85436308756
3.55418551434
2.02100256621
2.69889049279
3.57378749922
1.50279238808
3.88867670763
1.28716733097
0.388478371606
1.24099489319
1.75491355173
0.782824599184
3.11767691933
5.50737597817
1.87269665161
2.15027334797
5.50289147999
2.35791052261
0.575530934613
0.183400513139
1.07663847657
0.899390175007
1.90951588482
1.66925117187
3.75793833728
4.45201922953
3.35111538041
2.37141615222
2.15851308871
1.19779722393
0.891016668407
0.611361899413
0.421044546296
1.3785663899
2.74288362195
5.53404737357
4.97828676412
5.44205479091
4.19953856012
3.28446295485
0.554487673333
2.19646540296
3.96977086714
0.595051113865
0.0499752089381
2.41683781054
2.45553424349
2.87501746928
3.48779734015
5.25550233852
2.94267790602
5.14327180013
3.45624884311
0.788279507309
0.0166408258956
0.0
0.262083162437
1.86336304445
3.18656646163
4.47161811776
0.615909489105
2.74880151288
2.58857380087
3.14967733482
2.91318043508
1.62813569349
1.59609187022
1.01905679906
0.0336060852278
0.162179961801
0.746012007352
1.62037350226
1.08860343789
1.96441227075
0.533633513376
5.01630553603
1.2907409519
0.0140168918297
0.686876786815
0.471745327115
0.460721647367
0.0
0.95672696433
1.51896678191
3.57412541821
4.60797438864
6.0988939479
0.045800011605
0.219751808792
2.06843292713
0.303969491273
0.713066291064
0.173308826517
0.441720709205
1.43145628273
1.95147987152
2.84418615571
6.12390880333
0.647519272286
0.0187287088484
0
0
