0
0
0.0
1.21077671228
1.31617061049
1.22734119603
2.49553654529
1.5214798206
1.26239664014
5.15604245476
7.46001412161
2.15610827878
2.23038279731
0.0
0.828538572532
2.89328225417
0.772624354344
1.53194718249
1.54487617454
2.80189789447
1.99262158107
4.96426987206
0.158579323906
1.30742444843
1.70698820427
4.05465969798
0.28621908382
0.481724455953
2.60014283657
3.22047361603
1.9120345228
1.42602257198
2.21249933867
4.50568335317
3.42176143918
6.06684960751
1.63658517646
0.585420317133
0.985239591217
3.34466902539
3.28495245276
3.02919862606
2.89205388213
2.30384784704
3.29151765234
0.84980675648
2.48261455446
3.14365263004
3.07067060005
0.0197647639434
0.608666711138
1.22937001591
0.881734732073
2.14859150408
3.80712638551
3.79716599418
2.67176598927
1.96132432343
2.01960221305
3.70426716004
3.13960918412
0.367037811899
0.0636726653902
0.947517530993
2.46705541667
2.25185882332
3.63653576386
2.38855235651
2.35061411234
1.71498138807
2.63759830716
2.13633854559
18.4452412159
0.300909493119
0.385342337191
1.0728369244
3.01618900709
1.35303720378
2.33466070925
3.60214566533
3.08583974605
6.77376219817
2.4139613742
4.11003889376
2.9593864535
4.00792129431
2.17153838836
1.26635785052
2.5948925484
6.63376868702
8.29947359674
2.0692847427
2.95855904091
0.508361778921
2.53586767078
3.5433019367
13.6385184361
2.63640923239
4.08241217886
0.897631263069
0.380928171799
1.24857149576
2.72798548057
3.70422726683
1.9930819131
2.68259019242
2.92585270386
1.86754094227
3.83950255439
1.37693591858
0.282167068624
0.965945621312
1.89552375674
0.784334413707
2.99813449499
5.55693533085
1.83317676745
2.12956020632
4.92640614253
3.07795229089
0.756246684585
0.329165175091
0.770181638538
0.641300135991
1.93314932031
1.69084455556
3.49455369101
4.18561218365
2.8053034544
2.42095696134
1.26092061773
0.478162243962
0.845870673656
0.754771325272
0.324789187638
1.15406949073
2.57746200915
5.57984242652
4.79398483667
5.44179257099
4.05193910934
2.81793225184
0.491347963165
1.82330043614
3.99908512179
0.119166525314
0.158714378253
2.48713531642
2.68473499734
2.4982827176
3.747168798
5.14890936809
3.2822588936
4.34000980714
3.34432605095
0.523511616513
0.0145401870832
0.0
0.258630313911
1.32025347464
3.50691554416
4.3534002509
0.574877801817
2.71156939794
2.51957085496
3.00077973632
2.55601006537
1.98594408913
1.71297951229
0.881148212706
0.0591949095251
0.105703845504
0.901893232018
1.99740798648
1.59607798979
2.58382973162
0.872322127223
6.44550590031
1.66241808608
0.0162105278578
0.665619188803
0.10717459023
0.428786359727
0.111893713474
1.1801234493
1.41212220304
3.06499340525
4.22190698236
6.429709455
0.147254765499
0.960497088265
0.316156673711
0.738612815738
0.978861032054
0.132721706759
0.727386400104
1.39437598642
1.81350279565
3.05806536973
6.74587511783
0.788706106832
0.0306910262443
0
0
