0
0
0.952178017993
1.50978969038
0.600622414611
0.474401800893
0.955043560476
4.30047625862
1.60295761004
6.37739570625
5.23886565573
2.5688096832
4.42442257749
0.175380289555
0.210191098042
3.12686839327
0.489699641243
1.85580525058
2.22673950717
3.99078942207
1.52537772362
5.94809407741
3.85286385054
1.94309252873
0.962446752179
2.18828362226
0.341833203332
0.0988510526367
2.68451374606
2.30798652954
2.81430612481
2.37771657226
1.90716117504
3.36787911761
3.16484667873
2.85180546576
1.74215506134
1.23779460415
1.07575763325
8.41616090387
5.22638425778
3.26143406582
2.76828653063
2.19752929639
1.64472677256
3.53044040129
3.94806657103
2.87203280686
3.97293512151
0.400187293999
0.859317703755
0.737035688013
0.842549699126
2.95434841805
3.36480133919
3.82600322098
1.58146357327
2.21593843581
0.909060174017
3.38450632646
0.957830445317
0.606561172754
0.0361712849699
1.07541205839
1.32774924906
3.21103113581
2.96028720913
1.80071461678
1.58570490114
1.62622079928
4.40863646567
1.19817136705
15.4482066521
1.6953881802
0.659600551473
0.921556342044
3.60530847649
0.91729328339
1.90062307566
4.71192148514
4.17874976806
5.76671815291
3.93401858315
3.48087385809
5.83644086588
9.43266132032
2.09991757604
2.88638130011
1.84752244566
4.87556180591
7.92619816586
1.17850394174
1.95528249256
0.280716955662
5.25582637102
6.4934140984
7.55778732721
3.50558184274
1.63703148183
1.41598413908
3.99982531212
2.27293957426
3.34977457905
3.23434000136
2.63878317236
2.48436642811
3.19798496924
1.93781632488
4.63382332772
1.76653373241
0.79029393266
1.76983929996
0.946729206888
0.47648798686
4.13388619944
5.36948725767
0.775871962775
1.6602833831
6.11211757042
4.94723231019
0.601287618745
0.0596935958602
0.260628222954
0.869103374891
1.57272115641
0.958787483221
2.86999060231
4.95486141066
2.78966571297
3.70315534598
1.00613230281
3.38760399818
0.474896549247
0.813195124734
0.585654359893
1.10689222114
2.82006461447
6.07841308508
5.18625482731
4.23010833049
3.72522669029
1.77062449485
2.1644093761
1.6470447313
1.54271946079
0.0476546748541
0.105066429591
2.68667729734
3.91877330118
2.8687657977
2.90565769095
3.5347296556
2.72916281526
3.65554916079
2.84764307854
0.489350774325
0.296547677834
0.00299571105279
0.0
0.852243317873
3.25474871046
6.18737638416
0.59896571748
4.24631683901
6.01485447912
2.75763628609
1.32161821297
2.89686264808
1.13625949342
1.31555381045
1.17939521186
13.7414612207
2.58447509911
0.352542750537
1.12215705845
1.52149933879
0.159616158344
0.62370288372
1.53177416325
14.4489445686
1.9655360356
0.31553645432
0.0
1.62586944364
1.15105809498
1.22265951562
2.47689391254
3.85575903952
3.34733300051
0.0
1.71595190343
1.28227495961
2.40311599639
4.36447631149
0.266919826623
0.639772398863
2.12617791118
0.993108385708
2.62267892086
2.46992480522
0.640326596797
0.111977659166
0
0
