0.0
0.0
0.0
27.4319127648
28.8220558762
30.0359267928
57.1082838401
40.9601600412
26.5243930778
106.885858873
196.085359678
40.1755048334
69.6446275022
1.61194306612
27.786098183
62.6389577966
17.8634639885
49.7299561946
44.0509251814
69.9405903295
36.5656218677
123.232693344
7.27256441117
31.1280188263
44.0358582605
91.7419993133
6.73419898934
10.5753399292
52.4229443484
52.7951725087
39.6433976381
41.379465066
59.973734172
89.9636201822
108.744925607
128.792982627
26.1056052809
14.2183340862
39.3567461652
73.1028274632
96.5585832818
72.3306702374
75.9534112942
52.6119095357
65.3186738045
14.4219464175
74.412231149
65.6748078055
97.3883029819
0.880200780463
21.3807455362
31.8715311158
31.1089282637
74.1388898981
90.8309820593
94.2857291429
49.9191555809
43.7470802105
38.6338095254
85.2728765587
37.5631728898
12.0874434561
0.628593571018
31.1404002607
58.4057630002
52.6145485248
86.4677703382
58.3843180966
48.9182593301
40.342521552
78.3581990674
75.4623233938
489.37975601
6.82373811958
12.1845617294
37.6103733926
72.5248359406
30.5447993722
49.0202939585
102.901626863
79.120173432
185.200960513
74.6775275935
91.5039192886
71.7352765399
133.552416947
57.2396562696
35.8256384515
59.1285344436
160.18799606
201.290494468
42.4481432642
71.3082363679
10.4079174623
90.540044479
102.854334813
352.998726475
72.9682719194
80.9879982379
30.6400381085
10.2662872039
38.0915694538
72.3024324355
68.596178323
57.2128914725
50.5001181727
106.434851328
44.1858698662
105.831169831
31.0082027054
7.64508310241
23.248084499
43.9588218257
24.901822038
75.4522729219
122.344844854
45.4618592626
40.0951328762
129.841100916
83.2113174862
14.111769693
0.887915968896
16.0340413651
23.7682447024
42.9115680247
33.4869789742
75.6063054857
108.054249151
58.1315869577
45.6131531707
17.3459778428
59.5861679614
11.6194167137
14.1220421791
8.10002029034
35.2467459665
75.0223542298
118.942550652
118.076993588
138.791360613
104.124978382
61.7495415622
12.5245902277
51.969508837
82.5533446447
10.066873935
2.6091228684
64.990793088
43.5023643562
63.2911844998
96.6701809858
140.330044918
77.5734077822
115.720250471
72.890156351
9.70506361128
4.48060911242
0.0
0.485120345839
43.2030278623
97.2883397899
111.186445104
8.79810996679
76.2524211557
48.4828144536
56.2094633897
34.97795433
35.8584025903
45.2236743941
46.5998921441
2.94126744569
5.9066902399
15.2508894168
76.917536147
23.4004586286
42.3688688083
19.7762441486
145.596424028
27.346666865
1.38209288567
