0
0
0.460126206278
18.5491668822
30.5230490976
24.9979762416
45.7216851545
68.1862552296
25.5524691046
119.561839957
168.631158143
55.7254934906
59.6510338114
0.0
11.7588679008
62.2768667266
37.8046701998
55.6979315914
66.719401896
69.8359883578
32.0869405567
125.513312906
30.8469599561
71.382221628
24.9211385837
55.7943440974
0.0642581954599
34.6891902024
49.1979495977
51.544422811
139.906700481
57.9189477862
60.9493587389
63.3370203115
94.2663814946
110.011715232
22.3349719494
9.95486141928
82.339924165
99.8207895643
88.7028581892
82.6286282585
75.8501275526
50.9769246317
71.7026566788
11.9631945987
52.8429744578
69.7401535632
126.252515003
3.03507275366
16.716549743
32.396967642
32.8793751485
87.7877452075
88.6165032293
89.159771869
55.461255745
50.0030174916
57.4605567233
39.3610998931
54.565835243
56.5430873035
0.843718349933
16.0370479971
44.3163320124
52.0599742332
87.2466875016
64.0873415172
43.6424531378
31.9265975654
92.1917406684
30.990861618
336.198070944
6.04066174802
10.4907846451
55.65482229
48.3039666422
25.8590902704
45.9710366345
116.197910269
95.7081027254
157.260963572
70.3923050527
93.5369503862
60.9281561714
102.090542346
97.5944604055
49.6748337682
39.6944389399
145.074603081
203.403191675
33.6298972908
76.2693197318
14.746645242
87.794230733
195.228073695
272.598131957
94.1819433029
76.5924639254
61.5064841508
76.8900353071
54.0216409507
93.5650920617
81.206772155
47.0167993325
59.0596879805
90.2691175193
13.2544679549
123.427581042
8.30234814809
14.327979072
43.4221420632
32.19025152
29.6162566092
105.087640548
91.1785238162
27.0477616488
83.8697465882
123.0646698
65.4304242096
153.611602843
2.13284446299
18.0799459051
43.2085127234
76.6609662809
25.78928544
74.6900910718
120.22396338
70.008786751
42.1293632537
27.0212716162
202.488736153
21.8089891551
20.0684922226
28.0400342458
63.0714365244
77.087079347
129.81697762
141.372304151
136.365090486
114.007880816
55.7376953611
19.3348978926
155.335976469
41.9580542129
10.2571219895
9.69362276047
68.904626695
55.5743602999
64.9188016061
93.3078085966
114.192445926
57.693750199
126.842466053
70.8442216906
13.4594449997
6.19535180786
0.0
0.0
90.38192676
136.686159342
143.056365956
9.72254317068
102.322360396
70.253366556
76.3102012574
50.8316113063
38.0314078498
35.6738770512
41.1636765521
27.7080971227
111.108644463
90.7381763086
30.9667163976
22.3608431157
43.4167369654
11.2657960877
58.6799115838
16.9845728874
77.8495836631
20.7614542097
13.52643013
5.64244195819
134.251035422
55.6618026048
20.3172180103
62.7068465798
103.549834572
152.949025367
14.2172616944
0.406382158399
29.7819217442
30.3987601474
58.8814364746
22.2082111537
195.014102608
36.7111735939
33.1215944477
108.85556793
88.9874564074
30.8485616846
3.58467140234
0
0
