0
0
0.0
2.02388362028
2.37842135644
0.775512719527
2.05919785704
0.78721710667
1.08407571074
4.42397622904
11.8083935103
2.61665365566
2.55362248048
0.137694463134
1.42919133126
3.10742623988
0.812217779458
1.67917360365
0.849271893036
2.82489142008
1.94699656963
3.3405064987
0.583945117891
0.71239989996
1.93448015535
2.58977843821
0.266749024391
0.460372814909
2.94705206342
3.64091034699
2.2840264946
1.20811057079
1.65518520656
2.84341303678
3.16955713835
8.96582573827
1.1260361711
0.0451337797567
1.60223049042
5.1385131306
3.47446764586
2.89408875827
2.60516553686
2.26338392752
1.97739189491
0.738428108743
2.99570303923
6.44505340047
4.04505012685
0.227429119754
0.968157661264
1.28560381097
1.08571826987
1.64170164801
2.58546631102
3.41906094644
3.11286011245
2.86447629379
2.26814462966
5.24421046901
1.5833371178
0.662337441463
0.0565703541506
2.20303089917
2.2641389654
2.77749393461
2.77210653387
3.09537811019
2.08049026597
1.8189972979
3.48433968704
1.65753881016
8.07681564172
0.727848932147
0.524867216824
2.02083355188
2.13194872066
1.7348139924
1.82410744485
1.85590384668
1.60821218789
6.43338541407
4.00804140838
4.4741536628
4.08412394859
6.84845987894
2.12625661184
2.0259305411
1.91743229236
6.95523696369
6.89896355383
2.3581231148
2.51878151856
0.251327933744
3.94459791807
3.31620100979
9.77880086942
1.50972001161
2.86679853871
0.615308063396
0.078311538673
1.62232484855
3.54873427586
3.69784763572
2.00654553494
4.07199932006
4.85636547417
0.999202254228
1.84371936554
0.444996766048
0.534217164794
1.2565671035
2.46920737997
1.08140856773
3.19582248898
4.79250512458
1.56866053306
1.22628989385
5.14783615689
0.720578414388
0.443888408132
0.175806168467
3.3645659794
0.670433474705
1.58267917368
1.46178454906
4.41543057002
4.83605024125
3.10033986438
3.29728038842
2.19749894366
0.643489070237
1.46629184834
0.347546640842
0.473017628072
2.03667984856
1.98641544487
5.68289340707
3.49554562592
5.80222013756
4.30034586694
2.56687209662
0.757454156468
2.43775726785
3.36003599945
2.12189468276
0.305210310034
2.43305792892
2.92132808361
2.21281424351
3.79072278086
3.74534922512
3.45284562744
4.52666771412
3.57031968934
1.13008024916
0.900220572483
0.257130593061
1.38905743818
3.37545113219
2.74589782907
3.92522858945
1.12058541318
3.46437057224
2.38167776167
2.76842388324
2.17041333765
2.47549375973
1.40811702108
2.64696046896
0.138310895913
2.12282934785
1.14419529773
0.839114265284
0.997547794366
2.22947470611
0.972896151245
3.21588273346
1.34046928957
0.0581732746214
0.658811336383
0.0943035744131
0.0847351684934
0.204030958936
1.18734977208
1.25477241667
3.00600344501
3.86084753834
4.15542383771
0.0339122954756
0.400697560981
0.796666713431
0.593665546505
0.195585612208
0.128801317886
0.870158851147
1.42555433512
1.74108240008
3.01933377841
6.33234279603
0.624598312657
0.0936878994107
0
0
