0
0
0.0
18.5260593854
35.5071219876
24.717610932
47.0913209338
55.3541890886
31.2321190517
120.462458655
192.391857594
47.1536537558
53.2911490538
0.0
16.2109087408
93.2446747721
28.6438413766
61.1121616178
60.7514597726
73.431321714
31.8886660003
116.444427833
13.339700114
47.5403515399
39.523424755
60.3424071986
3.29934856296
32.0882358514
58.8466222846
56.5481747165
97.3843767811
52.073332267
63.7607215229
68.3669404183
88.0857166322
125.647275589
21.1799043641
8.29599491134
80.7218976785
70.0682645794
84.1371382958
91.7240324215
82.6578252298
50.0523495487
78.8956748844
14.8871533228
70.0317173525
59.6180360662
95.6229004562
1.72654102184
29.722131539
30.0566219016
33.8921879678
86.7036477216
84.3660558667
82.1269965413
54.3262161026
37.3513824725
46.1742575839
32.6864991384
41.1717327749
15.9223279953
1.82680338621
26.4858078806
45.8254269696
50.8436496806
82.9520206378
62.9189336522
53.072149627
44.0053486973
82.6491567938
27.0886227089
273.704909563
15.5424676761
14.6202625036
62.0945687592
51.6575490274
26.518726579
51.0572365634
104.496161118
94.3745061792
158.421304107
43.5978481361
100.554906562
71.7748090793
121.639541763
87.6881028386
34.9087182298
59.402120987
158.44731591
209.321024179
38.3511079253
80.9013817013
24.1940447885
96.5314241484
119.646897074
385.968496826
94.653453961
78.6456455738
62.493636109
40.6825751234
39.1301947301
74.0316135557
89.4073885577
53.471146049
50.5020432528
81.5126119853
27.7430816134
158.288103606
28.4593724011
15.4642284382
46.9432657202
40.0483474898
33.4352184367
103.293028884
104.66274466
34.0980177372
71.9976561962
134.865790345
58.4923082292
138.60636488
2.05904630944
22.8073175093
32.90640864
67.507978661
28.6445656903
78.3265669382
112.876342652
70.3672052398
54.6568936742
17.6978437956
104.886291504
16.1808024645
16.4831735417
15.5450146962
51.4335230515
78.4406885839
112.576552614
137.237053536
129.135493968
108.129268494
49.7394377784
19.6916638613
153.402047999
62.4499972613
4.81119005755
12.8150905743
76.5619455319
56.057084905
69.114149873
92.0237826034
128.665017653
71.0864125025
123.559419714
52.8969683647
12.4882745147
11.2866124771
0.0
0.0
121.292186961
125.45560547
133.706879385
6.26771738381
94.4015840851
56.9809327908
67.3877564594
45.5249994658
35.2444463326
45.5123053584
51.1402482278
10.6197697297
61.053120911
130.436556369
49.0044989659
41.8471009656
50.8616445749
22.452254355
78.3744949402
10.4555561543
81.4751980781
20.0478721261
0.0
5.7203348279
48.5231339518
32.2187107577
25.0308921319
67.9494118094
97.360493213
151.360017031
9.59732794762
3.17872703076
10.6224262118
47.1771745608
27.1361640506
5.46573677659
114.579159535
29.8781754636
33.0691165198
104.280404801
120.363288425
23.0429039039
1.15376078384
0
0
