0
0
1.37916221598
0.903829141287
1.44602005184
1.98096151603
0.799801881425
4.14016730059
2.05669532437
4.43095712509
4.64215057064
4.00148957968
2.65429596556
1.79883699119
0.85493164364
1.65152444132
1.37407484127
1.37293020636
1.74047496496
3.34637782164
1.31367263012
9.6587913204
1.85540846782
2.18032798171
2.66996083688
3.29907920118
0.698831095884
0.7049747454
2.68547427375
1.72390509769
4.5904055399
1.85445361584
1.71300969087
3.98431056482
3.3092733887
1.36475549731
2.25296674122
1.19017329277
2.55943400873
4.5927495248
6.37201412045
5.04259416461
3.20538468193
0.668673408218
2.59986460675
1.46884077461
3.50964029506
2.34214523947
3.00007756194
0.645464003319
0.956517682178
1.34799547773
2.86652957962
2.24403579929
2.27242955472
3.85854786122
2.78202530416
5.29313303396
3.47346737282
1.03220778692
11.3382102025
0.958490665769
0.0993301792769
1.92597458814
1.68545836932
3.8377171304
3.13040301096
1.40244283818
2.76805932866
2.60140075162
6.08988726418
0.752709621098
5.35784663889
2.31836354244
0.440659284592
0.312277286546
1.85559315665
1.84790974075
2.07462525228
2.02660524845
2.26804546593
3.49023854127
4.21138796769
5.52142669819
5.28172269044
18.6453747218
1.11276206933
2.90081622766
2.76426824456
4.47309865872
9.6161049779
1.50197799504
1.76210795715
1.03296974348
3.95596544677
4.2576125809
5.64446587232
1.24155218096
0.460557710612
2.06103877479
4.89764913882
2.618494928
3.42371309549
2.75792481448
3.20028112212
2.42790427944
2.81336248113
3.78953146911
4.66785845463
1.30922081094
1.20117129758
3.07201602205
1.01841313951
1.13003059581
3.37484048051
4.25262559904
1.35323052364
2.28159555106
5.42452639155
3.897656966
0.0532181640156
0.289269703208
0.815996150603
0.937256877311
2.18141642277
1.24743602891
1.97670774566
3.36041325284
2.23532842519
3.87189159729
1.33995400183
1.33938666619
1.11658357258
1.43854804058
0.219170056866
2.83505349827
3.56469176206
7.30659318611
4.19128560834
3.08635180863
5.81311651785
3.59708338667
4.07500013337
2.69992792723
3.79530283436
0.158753727446
1.13605181157
3.24113782219
4.02068012068
6.11494957353
3.24699643278
2.32205503504
2.99803814059
4.8170747566
4.16541053052
0.400681339204
0.483912097174
0.431532531977
0.0
1.69205017318
4.37069376186
5.94748196611
1.20668877894
4.38942535874
3.37280278746
2.96962494776
1.06522399001
3.15345379419
1.14807506464
1.06817253173
2.45698293671
37.609862946
29.1933422642
2.06578567438
1.10653516301
2.10805573431
0.919722847641
0.574446678162
9.84126987401
10.0169722256
4.85970953322
0.121449742524
0.626898916438
17.8898729384
20.7629430853
28.6965914899
1.36838910426
1.27271324117
0.567718103528
1.95301381778
1.83934142673
4.479569235
12.7770127552
1.52468039934
7.03943207255
15.2951528076
43.8035562895
1.17060011858
0.340382582974
0.096154701896
0.0113201448694
0.693401404889
0
0
