0.0
0.0
65.0180139542
58.0457655103
18.1641313797
14.2065653913
23.9655362321
70.1195346192
37.612769857
125.275410354
131.921228131
84.156859098
115.232985757
0.82588765025
15.4120620992
66.9823723678
11.3285445124
32.0082204883
33.4496655017
71.7831777893
27.3151766359
183.726538941
61.327192068
50.0142153763
43.7649123058
43.4374351502
1.64708860125
12.816194091
53.6893279106
42.4680020772
55.1752376407
46.7282757907
45.1216332698
83.9691636461
84.2779888195
70.0612537908
38.4568790719
19.9566461965
42.6966962633
410.186754852
135.664166224
89.3693504194
70.8170620284
32.4410062284
47.7003269093
95.6105323308
75.8260704036
62.5885939999
82.219020456
11.0653902996
21.949686097
28.8978524935
7.81257084199
65.2952693318
80.1660433318
74.4835128598
62.2847382444
78.7642972846
34.5013820165
48.0857758339
56.5208666772
30.6485050992
9.37690787762
46.0456877052
41.783635363
96.9168417281
68.5971879722
27.3032517134
45.0117401489
64.693846129
111.295755942
28.4874669564
245.647021315
35.392503865
21.0538493232
13.6819183901
93.6723516722
23.6957920678
40.3688249016
90.1498288884
67.0471002907
78.3610769213
114.598522802
79.2398846448
64.9915364412
174.706059569
42.6413516393
43.4499475658
47.6685788556
73.1810744405
174.348185889
24.8261111676
48.7789189126
19.4128986017
113.304264492
148.079217606
163.376737197
88.646261707
19.020998396
44.5774047893
116.352985681
39.038455314
60.4540178832
53.6967675677
60.1934013293
44.0371093502
144.549876966
16.5428757705
99.73835814
48.369285822
25.6918056578
38.7771107918
24.2135523996
4.26578670787
64.5295346863
110.164846329
18.4939291086
39.4549837075
97.0006964933
97.1127658188
11.2081220783
1.74032757059
9.55258851406
5.68007552995
18.8113535922
28.6889934833
54.2959355609
85.9552798625
37.482060587
71.298024036
17.3108278373
19.7600483894
42.9708808008
40.2807378341
3.81678140537
45.9126124253
70.1814144538
148.331961497
95.7043989245
72.6911620908
96.2983011576
44.6293618586
75.0831190925
294.460938871
41.1441219394
9.29824344814
1.52162539959
90.4984565098
55.7936849808
55.8023642263
71.8736815733
72.2569679729
55.8497535036
90.8349587246
76.1195564846
17.2839664668
5.77989019872
0.0
0.0
17.6438569436
100.719711319
102.360385417
27.1843031645
72.5980593413
94.5179737397
60.8658282542
9.91995604382
38.9471677159
53.8003723697
18.4668415412
2.45208853483
348.707571811
185.5239942
9.31981956214
12.2871033903
34.4366623946
2.0766498819
2.9746889323
10.5884696245
167.753128124
53.903713703
15.3399396082
4.77596940101
71.8921006769
49.4621890099
64.7477371058
44.8621226885
45.1985601336
58.7039094866
0.587665691971
14.1369279879
41.7870334982
80.4016504214
88.364723839
4.77779162676
22.4904365167
119.316664849
33.4617614038
37.6298714093
30.1170191914
12.4891579226
0.629489153623
72.4399999999
224.74
32.9299999999
8.7
0
0
0
0
0
0
0
0
0
0
