0.0
0.0
43.4211300686
41.9648867323
19.3631404638
72.4966749475
27.7182339672
84.5741684921
66.2319053561
107.714724988
90.8227358311
68.996307671
60.7964788378
16.0936371088
17.6080458015
39.3244217969
17.1947708591
66.295255188
41.0668156632
74.9836215739
44.2681732289
280.37380439
82.3742837347
22.2158241123
67.2652370743
133.60260738
36.3373068552
16.7883936111
64.1207581759
63.2821177142
55.0946669652
31.1231802106
32.4478896372
77.243271187
96.5779273231
20.1959380992
109.861018125
6.70041433721
25.7638797826
33.1555267442
150.746270359
134.590496153
55.5945193805
53.917252019
139.598004972
14.8807695522
63.8768771897
93.5144021698
91.2811626065
31.3653536537
19.390862924
66.223254539
46.1029802318
80.8165440504
61.7109422818
108.145500083
108.933757536
87.4950740292
191.451610677
51.1589844775
308.063074853
19.9402126372
37.5079125893
54.0592097962
35.9761152682
66.131416081
64.4948698478
42.6754819807
83.740336921
77.2835642136
165.494175598
21.9124257085
70.0382431308
40.3778178274
17.8437390835
18.1052797241
53.9418186523
64.0365771422
44.8266076651
16.3717965335
63.9648827388
114.667786315
208.631531283
188.697349962
110.951772653
152.808746114
18.0985915549
28.716709697
181.250622156
107.456834044
267.143226118
87.0566996635
122.90437042
51.404314153
116.972779227
106.531600418
62.2695663794
75.7451048429
28.4706644899
63.756551663
37.8147478248
99.0008533896
79.5683105021
82.0084520309
93.0405620746
164.8051215
87.0044657131
185.613532003
123.460661581
8.7889074264
22.6354874969
29.5756343537
32.0905615949
78.3794214427
69.8314086199
86.817052368
60.5007156535
71.3404870591
194.690290187
25.8553806468
14.5876584984
1.8975995332
33.7032384917
52.5686821486
9.29187426204
60.5389505681
59.0397598826
95.6320857648
58.6044922862
147.790619127
44.869203575
4.38441821561
47.6023673974
46.710857341
9.16754425318
70.1707825166
98.0749997534
171.446974436
80.1752743162
68.7245593783
146.953237027
114.716607861
159.508855537
126.401899204
87.6542344094
65.9797924162
35.6705842315
71.7611201854
68.6017354466
87.1414379357
116.396905856
49.1265588662
138.564948834
85.6755992621
173.154890902
30.2685374244
16.931693736
2.69511803986
0.26976735145
60.5594316576
83.434886299
111.235726207
45.0438551093
131.370627992
117.37157625
96.4732496947
75.5429202766
119.182119886
20.8854728043
61.6258314286
140.305299684
20.0256283879
33.881230368
48.7074744814
32.1010018754
46.7592751702
21.3295259178
27.797237143
373.939607486
154.922254689
