0.0
0.0
47.1464269346
40.4800698682
15.6566616297
64.887806436
22.4393460788
88.782890629
68.3700706848
102.758759167
93.0453455429
63.1198227703
58.777153775
3.55194743537
16.1930190325
34.6473411396
20.100355804
38.1468113177
43.3848825312
79.5685958806
34.3255912418
289.164332114
66.0310324207
30.1166086346
79.4956976249
127.27894181
33.7010855935
10.0096738525
67.2307255044
51.4633597908
63.8512650691
37.5667503365
25.6023984811
64.1430075466
90.8523660991
25.0093444214
117.934514564
2.24209274165
22.1816950659
34.2743624076
109.62305662
150.942992628
60.832695893
46.7300256192
116.687862195
17.524526054
62.1524002366
103.866877534
77.1630980093
19.7300722394
16.2199989818
55.7145015077
46.5627841231
69.8662815475
51.0823629149
109.744215627
100.69223354
99.1937259602
160.792635552
60.370090345
337.898028955
37.2397874426
25.2513283258
43.2704676389
31.7567973175
66.4555893838
56.3519682703
42.4202499418
88.0116883171
73.4455087334
163.24922261
33.6537690852
89.4438968618
39.0607257485
12.0518945307
28.4641220443
56.6276344476
72.7450053454
46.8841696778
18.5398999527
54.8759542106
123.119009838
163.879549339
173.072762288
82.7579742149
319.280783237
23.2966495268
22.8767378158
164.408129834
111.442754567
267.704209954
79.3657603786
94.9113613666
41.5387962163
117.572997674
82.3690587804
65.8484282455
95.8595591225
10.7499759402
58.8966087406
46.5955450166
100.34869949
79.9093768001
64.486150453
90.747327528
127.948744476
98.5157832065
110.11108626
158.666447505
4.26700828224
15.6948465449
30.7702112957
26.7016703803
80.8316283972
68.756793444
98.4904450066
47.8469434361
46.5197866224
193.954142058
15.324055396
53.6677883472
5.68069515377
28.5774692902
35.2525453157
8.97890496814
46.1319221556
49.7793798996
101.06974601
56.0856796056
135.786874495
40.3774456848
3.63878917694
35.9111495465
38.5429323893
84.9153887294
68.9055076622
82.6153112767
163.195326353
89.4074196852
62.5536528979
143.842851341
109.709812045
147.770196743
98.1779206116
78.2971930505
37.6030961573
37.6221646015
60.2194970074
87.2497265563
89.4814804663
111.100183189
43.4269760604
126.562090516
79.6033506655
148.834427856
27.7508109883
16.520513515
1.29314857721
0.320530001074
60.2052865774
76.834150739
98.5160584711
46.1676135845
134.817499705
99.7988170757
87.1183034693
70.1491682566
102.562249353
13.6124575585
54.0683471561
68.0343738199
119.583861306
45.2593462094
65.7620279006
38.7703601244
40.3743740525
17.6088497266
42.2570667564
293.30296927
156.20411177
