0.0
0.0
11.4160236348
21.1801091842
39.0962258578
57.739514851
17.7099997345
95.3921649233
60.8358746321
94.0058204165
67.2872159892
82.3730962872
60.3710600698
15.3524594698
17.9726755628
32.6390066743
19.4815794798
48.2984922622
38.6501866411
92.2285998948
24.8102529043
224.447913308
57.2108105532
38.738543652
109.661950837
93.0601138025
17.9366772808
24.2225598245
62.3760796488
38.9263950828
69.5824263096
47.9364717007
29.495464325
71.8888052702
78.710438501
41.300453849
78.931022929
3.69143206627
55.139934769
57.3158026301
142.480580918
128.221376784
80.0092912428
35.3662707881
91.5603363142
22.2678947412
66.8839239814
79.8419244401
94.8976331054
16.2382537373
20.4882982001
39.6544130654
51.3286375896
54.79306167
47.8694195431
101.622545354
77.7758502737
132.043649049
120.067906179
13.7863239963
327.468196346
46.920256896
14.1929097064
38.5976856686
23.0910950918
85.2285308861
82.630981584
40.688866373
76.3932209028
67.2276406289
180.5841618
16.4181236364
104.059636133
48.3859780637
14.125831224
35.3124481891
43.8318199747
82.875095699
58.2663620486
27.7136566267
52.1742736994
116.634327605
109.233689077
135.640474711
165.001556486
366.407150825
33.637752654
51.3218319454
112.105484409
114.71549157
256.904596733
60.5460424349
75.6655094549
39.0769529789
89.9265802056
119.944601946
71.8761744461
34.6649754149
11.1463574544
51.8889724183
61.0442222021
85.8415691508
85.234384764
59.372629512
80.9505364392
108.501421977
99.6850367635
89.2839367726
154.53572993
6.3880058471
21.1838181918
37.0567692295
19.2655711323
50.1219833717
57.6688440722
83.9624639405
28.8089123592
39.3191905673
155.773294313
14.5362917259
84.2587407679
4.6039068997
30.9864929616
27.7302045502
21.7632790357
32.3183521181
50.9876398445
95.591649413
53.1946648433
104.566920251
38.8976214636
0.145119868219
44.6452415138
46.3334164918
41.2489368982
107.86246115
89.6101206941
172.376825977
92.0124296621
61.4522451936
127.95399324
95.2630996183
100.768085774
75.6836477705
95.35365057
10.0511908662
32.8072291267
66.7615657229
58.6023773477
102.771173791
100.10098179
50.3818842173
83.368940413
107.48687768
112.503759015
12.948325038
13.983663504
4.4639956355
0.432327613234
52.4594851154
91.3873360176
134.094982655
37.3697305872
115.411111169
100.512117022
80.5218354463
32.3664608448
114.422538295
18.6841744892
33.3697894598
47.5583350807
295.236190529
464.002211018
143.714155532
36.4421163127
41.9355856106
11.1714956313
131.387771398
315.434182673
203.98914729
170.034731694
22.4190277057
34.6348169892
1220.92149858
1091.6982449
1424.04862149
74.1755577139
25.7121081725
2.74644637294
180.452888243
121.181336727
108.639446162
181.999775112
25.2932179123
480.459620621
529.769783556
2997.50941176
123.019002065
0.104134920984
1.72002658993
15.1528754979
354.197029085
75.18
318.0
0.78
0.0
0
0
0
0
0
0
0
0
0
0
