0
0
24.6471412601
27.0585164354
25.2409551144
46.7348378179
19.3058919646
104.530222938
56.0940453931
96.9678462166
116.59709285
90.9349719286
71.9694799037
41.9110690356
16.0568757453
40.348917894
28.7461646009
39.5546923858
40.7880570778
71.3286425472
37.8382757753
254.383291896
98.073493693
41.0693692994
46.8432375463
75.7455521767
15.4471266833
23.1663501039
54.7384218816
37.5589673928
100.529098559
40.2380737625
39.9982529282
110.586755589
84.3268177138
46.7120665536
31.6587809455
10.6056240946
58.7202092554
98.1281712391
143.91464005
126.162056582
75.3326336983
20.2772204317
61.765983738
40.6305752546
75.9298524857
54.3574391808
61.7706786319
14.0513412841
57.6038143615
36.3380843662
66.420257748
61.5126018002
64.5235917437
79.5974919331
58.3033219949
115.720132437
64.148189664
41.7327753185
269.787131563
11.2099406496
19.7444479479
43.7859752503
34.1608129776
62.7747219451
85.237544437
27.4476967253
67.8485041111
80.907957198
132.33090887
30.1637291153
162.152358698
65.188907521
16.6634482741
7.75983616243
64.465079695
43.5936675821
48.9659329802
55.6948642954
60.8084760233
85.1085712015
120.042179368
157.888664693
110.704910114
245.156003818
27.1646821798
94.1868811464
84.6164407992
108.261562932
188.548966077
22.4265384078
40.4043144732
15.3437832668
129.459632378
97.1565226166
124.286645506
36.3023918978
18.4153009783
57.8576242555
146.610048397
60.6639413726
71.8304683306
68.9732005466
77.9340476095
42.4664961482
61.5763876308
62.4170030225
147.319148434
42.6557875342
27.4352141311
86.6550909485
29.5835907888
25.8835579176
80.3316119537
92.6148050268
30.0266893766
55.0758760766
128.304671846
72.4850174525
1.1501261238
6.21987447516
14.7326184008
22.095918797
53.5029593614
31.2649423332
51.9583172278
77.0389959588
45.9199290778
89.1316045922
27.623420952
17.8680224419
24.3999151625
29.7627687547
5.46215327549
83.6555458205
82.8942843235
173.552695288
102.158045486
74.0488628222
151.992135242
84.4602000732
104.37267354
66.5782398173
84.4902603552
0.0446002772078
3.81443406456
60.9571498939
95.0610372574
136.962187624
74.6118012686
58.9883525669
66.975092059
111.137851132
96.1149791117
13.8925482631
16.4924551696
5.60726416111
0.0
35.3505329518
115.047336923
142.411250174
22.314212339
83.3413203658
84.0530962274
60.1307196914
20.4042995833
75.0506036086
27.120491311
23.4986985912
45.5356674492
628.272018938
748.202206805
20.2230743751
20.8752146121
39.6199494302
22.1491253078
4.63692453504
209.85284324
519.607208916
85.8254313859
2.22785919439
12.2318668663
267.326681971
105.128239967
223.250141189
28.5856019854
36.8410950043
18.419085592
15.1308060139
84.411558833
83.9471755418
86.5241392068
40.5603906737
207.893045667
250.496937542
617.96441424
42.0638819933
14.1920547187
3.85909091681
0.349322609604
11.7643319741
0
0
