0
0
55.1138183177
66.3952667098
14.2922205068
65.6918551774
51.4163653627
76.6913353241
71.4783967584
133.274335664
96.7310231868
70.7107996344
50.0073468089
29.6105048062
19.7979594469
21.8970449567
17.3459750265
69.9578370564
43.151361689
87.745980084
57.253227666
315.664386782
89.5213000774
27.7838559485
72.0257801609
113.167587787
45.964419365
16.0957958121
51.7640439737
61.7104859724
40.6211249604
38.3403010258
46.5211300291
80.4963098578
74.3961580171
19.928881729
124.132797019
23.8366214885
11.3225816405
116.87400103
147.379878289
132.63720469
39.7627510987
52.291483747
180.95782896
45.743997719
34.5517190206
108.176905847
115.752977578
24.9667981589
36.6006151709
74.9654224771
56.5096536941
102.035798084
95.9210730605
119.916269341
115.790035687
84.3778409342
181.664660367
106.590697434
252.546624305
14.2699414473
36.7489856695
53.2899422386
109.894320921
80.5991693158
76.7334621089
72.778714925
64.3888915702
90.2193775176
337.893848777
26.3664444778
104.224804726
54.1591543481
10.4109465592
15.2577860328
47.3920566737
64.815053658
60.1291016294
30.2033978215
71.1586039961
115.614981635
302.504230051
220.318616047
192.707721267
97.6222218833
37.8589917161
37.4452878674
159.110330618
144.211516555
244.418171604
112.773707315
184.52800633
67.5474779383
149.006465312
136.879832346
107.178055292
85.1124841925
121.340974096
80.8118380183
23.9964045505
122.802415889
94.652888202
111.849730902
106.83283578
152.084725387
96.5504270419
293.805767081
125.954665862
8.85710249004
27.0947973329
22.0682523635
29.1707006134
95.9530233442
84.4629995172
82.5415654457
76.1319915564
105.28782999
183.638599142
50.6901540336
15.913684845
3.75633993744
45.0583656226
60.7814495321
15.9231776171
79.2018814087
81.7277326668
73.010745462
74.6179063562
150.54268726
38.8559192978
0.206222847104
47.7620050766
25.8173648268
20.6079025646
79.2280355254
105.145739274
179.69463415
73.0376166254
59.3727895226
175.350258618
127.707967848
165.960419487
139.939718803
89.0003247857
54.725550888
42.6503399983
56.9326828654
66.0572613626
84.5047358851
108.457860519
68.9145596455
196.262855552
107.879162857
166.96204469
58.7980568585
22.4846535875
0.239056009334
0.11677910015
76.9324498898
99.1668651401
109.603745945
55.3810845874
118.420434661
110.134557087
96.191607859
107.457983449
154.0570258
24.6609813998
77.5228426382
175.615839086
135.908692455
327.683814096
17.0357664898
20.9453189783
49.4368473329
40.0993194132
55.4961175471
337.750261555
297.955789591
184.50139457
51.1142014778
285.029478751
1138.38879955
323.05132489
325.431105098
37.3463727907
17.068968907
13.5080712726
39.2908798567
202.888731994
274.529490946
53.9464638233
13.1698959377
255.874411778
108.272825003
874.918709098
23.6415959671
4.41885263287
3.31942931191
45.604254227
199.333963215
0
0
