0
0
94.9612280033
46.5402157008
23.5477962261
14.4218968106
25.7218371648
89.3238661085
46.2214017101
143.869475652
119.334665816
56.0306595386
115.371762229
1.64215868712
9.04229782987
76.469138749
8.47616580874
41.2545744403
38.496377184
82.9894651361
37.1509555507
174.697650835
99.0829637647
49.3964963928
34.271344386
50.85959208
1.63380075479
0.453128429129
57.2956414373
52.9516509398
54.0041830279
55.9831011816
47.0272146576
83.0428481251
99.8502977863
72.6883701583
57.6241646726
38.4466538652
29.8646160029
329.01269225
139.959514985
83.1694327668
65.2560115094
41.100423798
45.6794245764
99.1633096486
95.8183922935
54.2914181537
103.354551807
3.10992206354
19.7034361102
33.1237210092
15.3252689308
58.7831640732
77.3979415409
72.8293946945
38.6449039802
53.925040475
29.0626453478
41.9912196742
43.9905717065
16.8530367315
6.13794359566
37.3646865785
41.9485634398
75.5881818271
65.894410207
30.6980133578
35.3994214442
46.5271156776
98.2629548906
18.2719211429
295.260462653
17.2722734436
14.1186059564
18.5852772631
93.6984575678
17.3883456727
39.0598937078
101.115897171
77.7307522147
149.740614295
106.435390139
89.858077459
108.770167334
249.009184202
73.317227885
73.8800437433
94.7484019975
91.9240593967
181.971386019
31.4594537839
42.3029576064
5.31682692468
105.431274774
138.480061683
136.553185109
114.977314085
28.2699012737
48.068778961
147.044581739
38.7149228942
79.0310489964
63.8828512598
70.1413613018
55.8690772802
96.7414790983
32.4556706474
90.6702195703
43.9339648783
30.3155186122
32.5363767379
33.9669791897
4.98834420182
77.0415093871
130.785156213
16.0468639657
59.8857515278
108.097723397
101.742087811
13.1399656422
1.37361298688
6.53645839356
10.0091873109
19.8611521851
26.7731390746
64.8311683322
112.10454258
54.6301638564
96.6684156396
22.8671263196
50.0821437835
19.2951684203
27.0289506912
13.7071597064
33.6323119901
69.239151739
151.71498849
100.16772731
86.7433269192
103.668438683
44.5029875971
52.0555957798
32.043851383
53.4097210094
8.36873825268
0.643068135715
90.8564388938
51.7612027627
63.429225091
65.6145323232
74.8180378339
62.5229325089
101.752875963
85.1345837354
6.74927974027
2.75402839668
0.279636359309
0.0
17.483667288
71.0896211731
123.129145738
25.879617624
77.4026981146
116.538001511
65.9807281481
23.1581932367
46.4484647681
34.7783908322
15.2022934528
16.1593228429
365.886980386
180.550975151
7.91536877676
21.2788800951
36.2871071006
2.16567765176
9.87789329141
6.50220751762
93.8447881406
49.4327650666
3.27421331405
1.6558804661
24.3812198863
32.9665819416
48.3225189737
60.6622639709
63.4410722628
74.9101890809
0.53890684247
36.6650198736
56.972315669
72.1157057918
84.0133224595
6.08461202681
29.0388092995
76.0620761254
28.775886096
55.2449128702
46.3072046376
19.1872429848
0.457317978144
0
0
