0.0
0.0
30.1616077423
53.4836864993
16.4355459809
24.1622568146
28.1254173281
78.8468085341
50.5699844957
104.156818002
108.794188815
103.946323452
116.024853565
13.1937149093
13.8897894099
61.6329178735
12.1420117524
28.3611370157
36.387412062
60.8773766309
35.2562375664
193.190114222
125.70747757
39.3295415081
52.5319969178
45.740033269
24.8178432682
17.0408201404
57.151246626
32.2610003971
62.5596843086
33.7158585079
24.8075360657
83.7174122748
77.3793801432
69.0307103266
38.323091939
26.0537795868
47.6525145967
352.288603786
135.739985484
98.1866299901
61.7389764386
26.757671239
42.2400240674
64.7498690681
74.433128586
65.1933777127
96.2756112814
15.2743692845
31.0671371074
25.0515398383
31.8102903442
48.2701946986
81.6471735612
73.0722049848
53.6398605444
73.8175633577
44.5570542924
28.1339487826
74.5396114738
17.5966355167
6.40132485331
44.0383566542
13.808390812
98.2389147012
59.2532370324
32.3971972166
47.9478100241
63.3793146907
155.333156283
33.6796200425
255.892424846
36.6539524142
17.4102973938
11.8034947682
58.0522655602
24.9744070536
45.6544023938
80.2126349508
73.1459549366
96.1574463062
99.0101505686
78.9023599606
51.924174618
245.179497317
43.2595646047
32.9111040662
52.4032448866
68.5781869366
177.544845544
24.2249314673
19.7277832143
17.5587762049
95.8157837866
130.882419426
167.158650454
78.411659237
18.789664384
46.8958065826
106.247869165
39.6107475674
60.4692333564
59.3493188414
59.6889337598
39.942180653
110.063971773
14.9661251418
86.4567161278
35.5785612612
27.9061795658
34.4363408563
13.0272399886
17.5854951781
55.8474937008
83.2569966876
22.4135977775
67.1346997354
112.805879763
95.2885443271
228.379606616
5.46324462444
7.12139235343
17.4115069024
17.6771634137
24.8388590338
55.4079301246
80.3343742154
34.911679633
70.458827449
15.5538318492
25.1564038397
28.6953801401
49.205471903
3.31715433485
54.043560097
64.1963690976
157.30353846
90.3994372934
73.3800728359
93.9177383556
56.126196228
90.4864549572
163.631206691
98.6786279083
2.62411155737
4.84125078655
69.4770350083
29.3759925859
60.4860025229
79.2184839024
71.1019898726
50.5300317797
111.512039691
93.4746346548
21.9943911061
4.09356335923
1.44540399313
0.0
25.1879460756
122.435342878
114.484533559
30.3007357121
82.1185424645
76.1085487771
54.6214629727
8.10668463818
55.762932337
48.5663284846
16.9796974333
22.9891394153
344.556693451
262.524931313
21.7997788265
28.890998047
43.3768214957
6.15769064426
5.16771554947
125.901189588
278.598270458
90.5764234783
11.8757128157
3.64937755466
86.1165280826
45.999756407
64.4474050608
37.5442276932
38.1196126565
31.0570238381
0.0959281437098
27.9791503697
37.7201399566
68.2236301639
64.962034721
4.51786704362
37.1701176166
131.726466112
40.6433857082
24.2570404932
18.3128109835
0.0
2.23937413842
62.01
154.62
15.28
6.34000000001
0
0
0
0
0
0
0
0
0
0
