0
0
74.6785268448
51.543799309
14.929551132
76.7321978453
42.3555692285
69.9401957988
78.1644914578
134.484500684
113.707116455
81.0926975234
66.4887619392
34.0681258142
14.5243935585
28.4263499378
15.2243691087
74.8706718775
37.0980558581
100.639485961
56.8720302209
301.066440391
111.855154395
35.0889994037
66.5675716548
108.474121928
52.359881401
17.7751250994
48.9875673427
63.1237755026
37.9902546919
41.1466550244
56.3378809913
77.693407651
93.7660198788
18.6196674071
117.928000834
17.446184455
8.184826002
147.268286459
125.255938042
130.180265704
45.6216600175
53.8731245287
212.211323689
50.6039588974
45.8263597776
136.328170572
114.498830994
35.1739659905
61.1647545509
95.3878845192
69.6205522231
110.652834839
122.863239513
124.161306359
121.000111207
84.5940147811
219.107853463
137.9036154
251.383245602
45.2217676454
37.3314123173
67.3989684466
52.0042846742
102.260309237
74.5222336733
78.7683422165
70.5468876398
86.934621647
313.532746834
38.6796633526
91.525233767
56.8378871474
15.1490811277
33.2690477762
42.6764781223
69.4601567904
65.4151236322
41.3941386715
78.574715227
131.247118017
313.420582394
227.342902218
174.122384224
88.1532505229
48.5311355609
48.7489163093
117.843113774
178.464406483
232.938912881
117.70013427
201.594599784
74.6327038351
126.395405576
135.885125343
141.252755413
72.5033425642
179.984817512
78.9426361118
42.3604407991
122.767547827
106.2397226
118.169693601
142.083205638
187.152333302
107.239387784
263.476325573
148.034521043
8.68408462219
37.7393613552
22.5412231889
35.8542311266
101.873900056
87.5487883464
87.5066537623
91.9300162978
111.576769128
197.161163634
39.6097905274
62.1342296676
2.39891474135
32.674798267
74.1954836995
27.7450187354
88.8296082782
94.0818275465
84.3801841457
116.44561238
155.778765097
41.7937434689
10.2197842374
42.144408144
28.3162508011
53.2029405535
102.361459949
109.468308851
175.644006649
79.8714956045
64.8922218802
203.134307183
147.92889449
190.43014257
159.082677036
119.960357755
67.3530613678
49.2512998582
62.4868032178
74.4897521138
86.3977771997
120.473416317
88.628190972
249.493360183
119.997838332
159.822983947
73.864496531
66.7748529744
0.391455633101
0.411315277219
88.5543925277
126.915697044
151.561431091
55.1444275138
131.866967697
139.998798156
105.002224356
118.312946412
208.367851747
20.4832593519
77.9665407012
327.402724447
363.29538798
235.82648774
23.0381459948
28.3605781272
48.3153023254
57.163171649
115.886801764
362.892856478
359.182213481
276.701635346
43.1888211854
213.898020789
1521.63552046
292.208404877
315.829560929
38.0189559626
20.4630440287
22.4149458166
39.1242735163
226.780958712
380.37653423
59.4405534156
8.25522545724
241.048074154
95.0766793778
539.824964784
27.2620920986
3.60357558914
4.45616672561
56.2505506351
73.9271253403
0
0
