0.0
0.0
44.2886043638
64.3244503085
19.3644758631
52.2496004441
33.4419647791
94.5428911596
66.8109915442
118.39191699
99.9132070541
70.8689550161
56.9792720676
25.8513232469
18.6869087219
26.2336069644
17.4386771321
70.5059616454
41.8315239922
78.4892108794
51.1572456098
313.699423817
78.0339998604
22.0787912831
63.0616952078
123.948209323
38.9331409334
15.4596709572
51.3633480706
61.2592518758
44.1804561372
41.1254558376
42.5675833226
75.5659462586
88.4468464572
24.0468544308
140.835484715
3.65688193961
13.5764681473
80.690014422
144.330032389
119.636107732
47.4545484082
53.1421933529
161.210461577
25.8429253289
50.2052490749
89.8149663833
80.342366849
18.778950701
22.411337547
68.382194465
60.5371815619
95.4488835451
80.6175226997
114.443786943
121.882434457
89.5013212498
198.245402209
92.0032233665
308.462473682
17.1730976421
24.6373835498
61.0868253694
44.4357454246
62.7775502088
77.9382133008
57.7497986806
70.7996642059
80.4560635574
294.953857495
14.3597592954
100.998370674
44.3682839676
5.52355900034
14.2312824684
52.5880012214
67.4326854511
47.5652264971
25.4866712527
70.6038054228
109.450605428
261.634840428
209.401534859
154.065920714
110.061488125
31.2719029344
29.0829127742
149.444562001
146.712097239
254.026193782
99.6115278528
159.506932408
57.735019572
154.247982674
133.06764695
72.8930096515
68.9481141698
76.0843667714
68.2489439417
26.6765399258
101.949710361
95.1583177651
96.9228188842
105.181410905
167.224222709
112.969686326
274.116017952
132.489672571
8.18775777799
24.5729213599
25.2113558119
41.2295825359
99.0028018356
75.8097752294
87.9392900616
70.6722239899
82.6065275856
206.035517223
190.267711245
18.3788738363
3.56194250285
37.4106710237
50.5594724532
11.0779147893
60.7938283514
62.7019633222
77.3603524099
58.7082937834
147.066509038
41.5392783614
3.9692099467
40.5846877433
27.5142690566
8.79972324847
70.9999860703
109.479251895
190.683725685
74.9019719436
62.078519179
149.34730429
111.215100311
179.839524988
128.94706898
78.7342550755
68.728756397
34.3894437254
68.9701367988
62.0569465757
90.7463085317
114.462441654
55.6480969303
166.584044728
103.486862216
180.267920852
42.4539717324
19.3976789452
0.851057611406
0.325621247292
74.1782142031
87.3741483204
103.734615237
51.3920748602
124.595503321
121.144309759
96.7516835695
88.6740961466
146.490080126
24.2122190707
69.853716048
194.426904179
161.984085482
323.626337282
37.5657719448
28.4623301066
50.685528757
37.0432262422
19.9112961888
346.827712198
141.564205427
