0.0
0.0
32.5084590912
35.2410896122
28.8194907905
46.0140655423
24.5838779741
96.0154905953
53.8011602462
90.2684004418
109.854341878
98.9179508686
75.9409843795
44.9839131833
13.3040092117
50.9937257767
20.2646974325
39.1461199243
45.0785156004
69.305115955
39.91022655
229.671579994
91.49058933
42.9754958153
52.6919422942
50.7694289983
27.8967030756
22.6617714688
60.6054080407
36.046458949
68.6708059958
34.5839958451
35.538360715
107.253042245
85.5372930401
48.9440368116
50.8717364575
11.7485538796
60.8996285806
236.653547868
139.526920591
107.412022904
75.523177673
19.728707023
55.6777479014
39.7660164422
51.7861074619
64.5829614737
87.2246149555
8.14073211886
118.770236313
33.4872817174
62.6309387167
66.2483198311
73.8680526763
89.8277515433
62.0537945191
110.949399702
45.782623225
35.7245665044
224.33158914
18.7387549952
11.7799549699
31.4671358988
35.8560719491
61.7152236715
79.6030577347
28.0357268136
50.829019133
72.6486843209
168.69291181
26.8857198358
173.705021493
63.0173640526
14.0489843041
12.4359283447
73.4399574072
37.6850763223
52.1686690226
62.158891596
66.2293306589
86.4291094466
124.374053305
116.865203641
85.5282641352
227.883143865
43.0050398782
87.304275264
94.311814926
109.257261559
181.451308223
24.8839851022
12.9233792424
9.65351601876
81.3984814687
126.618379556
135.91992069
44.1942628027
27.3704803438
54.5287221094
166.230444859
61.8306348547
61.6903219354
65.7466293946
77.3744596392
29.949337123
69.2292622178
46.9338364675
141.057885261
47.9832380208
33.5882701584
81.658488907
37.3666807116
27.3586462279
70.403787911
90.0849272813
24.4608471617
49.6266941681
125.361737012
64.7294501066
0.841923248023
8.12969136984
14.3761693463
26.326224491
56.6717473102
28.2433392461
52.656493626
83.3332810699
38.3336548805
96.1763318851
22.1575185796
16.216994226
27.0386752776
33.9182237964
3.09143107385
93.8234399194
68.049985813
177.526919824
101.361589272
72.3859025928
148.748576154
73.3477991921
101.517563649
81.4281839131
100.477858476
1.14092381671
5.84324245714
61.2420049142
79.7784266818
127.452648673
78.7138277851
60.7337606885
63.4857725194
106.90325929
95.1065679341
13.4039617181
18.9301784104
4.30100378395
0.0
33.3757307009
135.865962524
130.579584824
23.709750345
73.7286639734
78.8094891607
48.5055143014
11.3445567973
77.8444929142
27.3646746353
22.4358717799
35.3144479394
382.709383339
238.735377118
22.1603827849
26.5723976213
33.5413744637
31.5160737634
5.43307073414
196.683382734
630.818991322
