0.0
0.0
20.6027383804
71.5685418415
22.6290385723
21.315823853
26.4800254426
74.3561485558
46.1244746671
121.27888288
131.81409259
99.3433655854
119.361079741
0.796761274337
7.9882841315
57.8032374679
8.37464108364
34.1975234225
33.761670677
62.539201241
27.7227002419
172.467009097
93.5552476644
48.5409002825
46.8278485901
32.1642910838
24.223418137
10.7699888963
56.6232473551
36.3351803496
57.0216666862
38.187769644
29.7988327901
85.5130751767
90.6599212567
59.886136897
42.5771706329
25.7456001564
32.2362278388
452.496945122
125.645377955
97.6905888235
67.5513698849
29.79377052
41.4967638161
75.6198970378
76.3355658799
71.2476911266
93.591097176
15.6159996539
21.3159678443
31.9799225851
14.7019159526
58.3451237474
75.0413735546
77.3635167182
62.8396742362
74.525182853
41.7323528146
46.5743844871
74.540434272
16.9767944701
9.56344449521
59.7980909832
51.1589157852
104.726480722
64.562154089
29.7071182764
46.7500124126
64.1529173758
92.5322244648
23.5858676434
250.146165055
36.1060778686
26.8875489235
14.0590462633
62.9020715878
25.2735771518
46.2694938629
83.4165072442
75.9543833546
88.1498546618
96.9890275541
95.753260363
77.3899936025
236.940084335
43.4285031161
30.5889142099
43.2070654915
77.8187310929
170.331666224
25.5460381956
41.9636829374
19.1457194472
107.01800914
130.38956491
143.641479492
80.3173727988
22.0671463218
46.05840354
117.98405447
37.3397958046
57.5643183814
57.7919561165
59.2030616998
43.9106810688
122.36780443
17.3460101522
84.6218299157
48.7340884656
25.8946280369
33.7652459695
20.5442757737
9.40475640446
59.1920949518
96.8484248278
22.8765553348
43.7613393605
86.5197787733
101.716060728
108.363459259
2.98756822944
6.99275193828
4.98908902332
14.9790526293
31.2413391996
56.2840584833
86.7688927186
37.5509453359
73.8772596886
17.8834552215
43.1567430497
32.9423680901
40.401374191
5.95167277102
43.7227199412
69.5501380632
149.544352021
93.3450317794
68.9364142121
94.0472535187
49.5094543063
83.6598739447
185.154073946
67.4598699286
10.9859361034
4.85744293594
80.2981118561
22.1452818266
52.7249681772
74.5061366642
67.7377703638
45.6245033573
84.7837103438
78.5312871562
9.20865668357
5.22359256958
0.0443096933887
0.203373871744
17.6748233805
108.408103242
106.298164305
29.5612238645
79.8807298466
84.0093696266
69.7837690171
19.4437027434
52.2257994418
56.5700587481
18.4634909467
7.90350580214
342.277619429
355.462064981
10.5555127412
20.615987856
44.1982756277
4.23588419705
5.70596659183
90.8734012843
172.129151819
55.7357803406
14.3637312586
3.32319509983
93.2245662343
57.9885566868
45.6966038681
47.6956955362
36.2902781366
44.5045314096
0.203150421381
13.4336050004
33.7968927137
84.6306208726
59.9264726294
2.88862806559
25.3892883583
148.648982227
40.9106429146
32.9386413228
26.5165455043
0.144650872797
1.12310189009
58.4899999999
184.17
20.94
7.26
0
0
0
0
0
0
0
0
0
0
