0
0
118.568907468
57.1476846187
30.6185325086
19.311188316
26.9095521192
74.8759955539
31.8734613955
132.761369701
131.35065362
58.7874311926
121.797236804
0.275717072189
8.12238934078
74.1566186194
10.7128315712
36.3869787622
37.6810051846
76.3759848029
30.9380675539
180.449929308
108.453531504
53.4415902569
34.5959516731
61.0749750137
1.89765473921
4.77003218606
62.9773949683
45.3275442235
49.4177945628
48.7842289656
44.8445143886
60.5790305491
118.77160854
69.18084813
43.4190937243
36.8823311851
43.5330133466
414.232867666
137.21344652
84.4049015316
68.067961919
36.951843325
42.4253011615
92.7325470149
83.4789960869
67.6235466154
97.5012475848
10.6104692314
21.6761253113
29.9850605777
10.4659587904
49.742915771
76.6547729597
76.1597971133
48.6075844649
75.2728386833
36.3309519365
58.1428581734
33.3226136249
29.3621324302
3.85869947076
44.5404360965
45.7764904351
85.1927158562
61.4031818978
25.235381741
35.9189850586
57.4674465888
109.410928616
15.4897689354
258.107290517
41.3926450274
14.918190063
24.5375926188
102.021088265
19.1859964253
38.4241940794
92.3182978145
75.3163990303
91.0657196045
109.248925041
55.0278871358
264.091692967
212.773272766
55.0110881926
41.7297888211
77.5333407902
77.9731151686
182.705075193
30.1372827775
42.3475251998
15.4631005973
117.418799445
166.404688201
148.510674035
110.743112862
23.0814460292
41.2440410074
145.143761531
46.384422144
80.5067611356
48.0736258718
63.3061511256
42.4729959509
108.3251903
16.1054248922
108.099186078
42.6645696312
26.1424839814
40.044004253
25.7863786267
2.43699878174
70.8177995654
118.603840046
15.0063267052
45.4541487917
113.12850827
77.6399785198
13.3878909051
1.79231772199
7.34797428314
10.2163926959
13.4076721966
28.7110137166
61.2220233233
98.3842452876
41.2876754995
83.3125367482
20.0468326178
51.5057601929
18.7663067691
40.796168357
9.48348139879
47.5933696939
84.5004002018
152.784145849
97.5961306282
76.4593807133
84.8618010823
35.4338270947
66.5114963119
291.994089694
58.8998331986
10.6209676713
1.48647244088
86.2225642706
58.0251175342
58.408884108
65.1461081918
69.1042575091
59.3171992433
91.2047228069
87.3304881266
16.994163841
8.17146994639
0.0
0.0
18.2133426368
78.4726748093
111.906642181
25.6860482767
73.9249286054
107.636860002
60.5382990427
12.6875717836
43.1891567033
38.9461135826
17.1684456077
1.81189012527
323.372492731
205.947594434
10.2574390992
14.6498115789
25.2066575554
3.58574402333
3.13849342615
5.54930269718
117.041303298
53.3755345344
8.64872610847
1.50702184439
73.4326397405
38.4788068486
50.778022075
52.6557552293
52.7283685282
75.6282948778
0.398275360464
32.0605363212
74.3707644938
93.5667152366
85.2335051225
3.93297057041
16.5168010108
86.3179408126
30.3259126637
45.5680318774
36.6333131119
14.7832869887
0.38399322331
0
0
