0
0
29.0750569627
35.8725172207
29.496911645
68.665689703
19.6701921746
96.8623387591
63.6556291579
106.233815577
76.8573434316
72.9604979753
60.1352126765
9.49893593789
18.4856512248
30.547265437
15.0011857529
44.9743713142
39.4964479572
82.3850856274
25.4374105603
285.617503111
57.613196131
28.6274149418
104.838771908
100.883317329
26.1318557868
24.3082827888
64.8917828501
42.9538950641
48.7390723229
39.4661502634
23.6313337013
58.342297241
82.3350217044
29.686974965
103.598875601
2.11312105693
34.3302047777
51.3794392013
135.704433362
119.292102031
65.3897679727
39.9692412278
105.386468981
20.4148290362
60.420060793
79.1757615432
86.1985033471
14.4322565244
16.4330597562
47.4764621818
48.6048568385
66.2295011244
48.891761941
97.8025942985
86.2127755433
109.051334666
138.964387245
34.4727906437
298.603981822
45.4909748342
4.31405929663
35.2626118138
27.4151179987
56.7116486338
74.0416824343
41.0506010222
81.678269905
63.5999842733
163.997286452
28.1692082359
121.931613006
33.483269401
12.9720118381
20.2926500947
47.5207427731
72.7677061152
55.5195295438
25.3430408165
43.5024957509
116.412160724
158.866961572
151.290027648
110.078268305
339.603766087
32.8789495714
20.1296009179
138.867401236
108.386316854
254.059552932
74.5194959342
88.5500348098
41.5093501824
97.0514839589
123.80352195
98.085223049
70.426326709
11.1176264584
53.1352884346
41.2528185756
97.879936589
86.8845968954
60.884415809
80.493247422
113.420505585
95.8754664408
173.732757021
169.151606932
4.84257074633
16.3953526318
36.9989225402
19.4136011554
57.0099130421
65.6870164121
84.7416378502
41.6363802581
40.4377272091
154.035444913
15.5184526406
15.7238043845
2.42057779805
28.6500965743
36.5408705666
17.7151884707
42.2070947383
50.8235779646
94.2544313371
52.8314505816
134.145121448
33.0334476605
0.266003921628
35.0105726234
43.4351668814
36.4380269693
71.9868603497
83.7760887276
166.416695422
91.763023194
69.2259878916
133.801117826
102.935423344
108.140934069
88.7859739848
72.3088781834
28.787419363
34.680616865
69.3655126901
68.1025039418
103.889507728
102.261990918
45.1693104432
86.1392416543
78.8194376081
118.161378723
24.9558694214
10.7572624236
0.959737569094
0.292519234121
57.9424995259
85.716203034
108.919705868
48.9006092911
112.734075666
99.1999302674
89.6557121873
36.685636662
107.436164226
11.8559313342
50.334233106
46.1958351732
304.661258071
35.8531200941
131.732203066
58.2489427886
34.099238574
15.5617866218
117.326887563
291.498335146
114.720037647
188.803807989
23.3584177229
41.053243423
1109.48389987
907.767721205
1355.50552243
71.4246115274
18.1637350582
3.49803375454
162.147701964
164.795150433
149.510162294
55.2429201761
25.221070435
436.034427434
223.575534582
2617.60493964
98.1520149708
0.598265480251
1.57040065527
16.3006038666
577.767881959
0
0
