0
0
60.5889322438
48.0211258829
22.0414691577
10.8995015826
23.3994013863
84.4859496206
41.1677689478
157.105516255
117.27308445
68.6136199207
116.069309861
1.14217659831
6.61105725355
72.1359310056
11.3798525334
48.457018279
43.2693641671
82.2496286659
36.3199787875
158.67744397
75.1695640682
58.6911513806
55.078637587
46.6317284702
8.61191436137
3.78532643616
64.8604195063
52.9399148338
64.359546773
60.8214933648
42.5204236788
101.514737522
95.9683103263
75.5178612065
50.062074311
29.6119489073
34.3330230242
261.489518938
138.536761838
76.1411965051
62.2983473736
46.4844462835
40.6589955055
96.5196942379
104.068291814
63.4933135975
87.0753960461
5.8555663093
22.2374689803
26.6139262975
18.6162038175
61.6083924166
79.9312777855
90.9148657992
32.1199448482
50.0981750827
29.2006728574
56.824303614
37.0227520884
16.9324862994
1.96182294935
32.751146838
30.2290481328
71.7598554958
70.4213554231
36.8733356986
38.7959900926
43.3249901532
115.718556739
22.8359306781
374.257295719
8.86529454588
11.3362887511
14.5095951883
84.4469646708
18.5524206888
41.016097963
106.040934473
93.3709966075
145.571514666
101.515628784
92.1171790493
105.944811948
258.657820025
66.6761803224
71.234036129
68.0485714394
104.020860781
181.575663775
29.6476766467
47.7503675335
5.47106439386
113.901976168
159.086662633
175.808142741
89.6386929787
45.8054104094
43.7843492045
127.766835792
60.2221964551
78.2490227558
71.9697824177
64.9535389469
63.8156351146
90.3103265035
54.505557563
107.596860185
44.5024394988
17.208917778
40.4844484836
31.7537163701
11.0220567374
91.4351821282
125.482612825
18.8961278982
40.4638437862
124.036326528
98.5276767166
14.2071499117
1.29861988127
6.03169916338
16.2470903546
30.7722553274
26.0681336854
62.8943919931
126.095015595
64.9835158234
91.0870899708
22.3165621553
38.2715091706
13.5063647367
22.0918441191
15.8961593583
26.0062103458
74.084231453
154.336237254
110.408656798
90.9138596803
94.5037925597
41.9477990702
49.4238487193
28.9481730089
43.3856380145
1.53356996924
0.25178531371
81.7230127836
76.5801431983
67.8104781545
66.4564827718
79.4159411566
63.1543824271
98.7108861012
66.0866689934
11.9939532504
6.92361245491
0.0718761440366
0.0
20.2957719318
75.0657171845
127.23290281
23.4910347573
92.133713767
138.109352008
67.3093229695
35.0206718822
66.8757781615
38.959677145
16.9720122577
22.0814917982
585.610666874
120.426196709
8.02228351682
21.8110658918
44.6828068296
2.64522957802
12.4326404929
23.4329938889
353.510152286
