0
0
3.97309700679
2.4336820945
0.83878984116
3.94373308844
2.17229864653
2.27959686716
3.47723327519
5.69919905066
5.99863497447
3.43436831795
2.75310634065
1.15787302144
0.664766833186
1.17440032959
0.704564966261
3.68217408471
1.47181683686
4.59737402573
2.28570757527
11.4814957404
4.91655861586
1.69843940763
2.36461044988
3.69647149224
2.08666611463
0.934257860528
2.09949089214
2.73446050263
1.46998014965
1.59824948886
2.69929455384
3.49025593372
4.57607896416
0.627809531754
6.47698792
0.181765729794
0.736697907734
6.35015579313
5.46584882285
5.48596790107
1.84922500723
2.85245823348
9.62692588603
2.76840477623
2.77887805353
5.17006140505
3.50741538848
1.68714933144
2.98239926912
5.62740217178
3.00604342995
5.00591462239
5.49440839002
5.1896857284
6.13810785563
4.37476609065
10.5304402919
5.23244285607
14.3750100966
1.28163073747
2.03795542207
5.92843529984
4.5445949228
4.3844895059
3.19878298277
3.70837200992
3.34818510292
3.96707822825
12.0961429577
1.79454717669
3.58278880711
2.83742802963
1.40784710541
1.54511017766
2.31924463063
5.83319419762
3.29434626899
2.41886227857
3.30300715647
5.21767954039
13.0266996231
9.34534824663
9.39337215869
3.06632692181
2.5358975844
2.47393938544
4.85894279252
7.6385940733
10.0812762338
5.69771067891
11.7683669564
3.62527328188
4.87746518571
6.04015572928
6.37798748445
3.2031566411
8.8801319832
3.59597200312
2.24542303215
6.40098139422
4.20303125062
5.19196448009
7.4046555527
8.02446090663
5.34957272653
9.9316827833
6.44314483181
0.309957224992
1.46867887158
1.28092715098
3.1746021919
4.71939849993
4.02569970628
4.28239153489
4.46007595689
4.79904501582
7.22334654839
1.54730878957
2.29088826291
0.0971232200973
1.25355298026
4.57567692688
1.93621107005
3.79044253123
4.26280814491
4.2482983009
5.56505227694
6.54899438052
1.55072719278
0.441220086999
1.98699108418
0.90884275944
2.31837785459
6.04080964404
5.39470309485
7.68974892033
3.33375450596
2.65715496649
8.57969887054
6.58646204416
8.15973406844
7.70975920116
5.19802719168
3.5582327717
1.40282472223
3.20602219447
3.45898297895
3.80511290021
5.16532987915
4.29715201166
11.914365198
6.14675473259
6.7272823737
3.59478039807
2.89483769529
0.0135817948612
0.016653155908
4.60687272687
4.79902293347
7.08115340397
2.11405854765
5.80004827189
6.78451585816
5.00473728601
4.78622295972
8.19997541024
1.30396977603
3.99981435342
17.4218034326
23.4826548109
9.77178264782
4.7253528174
1.1338775492
2.74183295062
4.16885641031
17.1571912291
15.7574530345
23.7715723221
14.3238641201
1.94912125589
15.2339752438
55.3871440962
14.213982055
21.4672918431
2.14144367445
1.22328666924
1.46254735766
8.51391786546
10.6002773819
17.115402472
3.48864961963
0.829423773102
9.52385151963
5.24835043261
39.1208723721
2.43082676828
0.294313927181
0.801696063834
2.75956809893
13.3859927268
0
0
