0.0
0.0
21.0799591471
18.7561190184
43.6207160354
54.551709473
18.572710678
96.9424576387
56.6940706483
85.6378026778
76.7796978391
81.2843064665
49.297195986
19.6643641144
19.4115341026
24.850542426
20.8710089922
35.4719637149
40.0448366906
87.6779803522
23.7139044106
230.291941926
67.9815267473
45.0345052555
87.5845200811
112.333848104
21.2653540112
16.784443913
68.873319581
39.0359884555
84.0199373066
50.148179233
30.1786571146
86.5059062542
67.8190972769
47.6862685046
52.8785023111
18.4152302295
64.8325190129
51.6746259564
158.657961046
121.281801749
75.0227911742
37.201572463
79.389244398
37.1878704679
64.3191290906
100.618476961
114.929109782
17.939431556
18.9728881661
114.780552998
63.2685063499
42.7352264066
56.0511927847
103.573696855
64.6202493199
138.333451409
101.270080849
24.3326926901
322.017436579
20.5058960421
4.60542448937
47.1077435798
105.93794514
93.468861619
77.7555853464
35.422742046
63.1639801786
57.8146759272
185.040795028
17.3156331629
115.683081306
38.6362797785
15.4806522131
15.6175818262
43.3571970408
65.9109113134
54.7311107945
28.5913843363
57.9460033961
94.9390024692
101.360404238
132.680736355
117.704403374
445.532403154
24.2938738615
66.9031587782
83.8498488329
113.626551258
262.710355433
52.209390901
52.2560866289
29.7075336948
80.4697622806
142.794707716
49.1050861291
50.002822266
8.43480118085
53.8266892238
63.6858508174
77.786896211
92.999828333
62.2987161857
82.3761137837
76.8014364838
105.345339596
198.498200739
138.211194456
10.034624543
24.2179814222
37.9420310527
27.6917008013
45.1635248513
60.6109757815
96.2123532175
28.051136951
57.9816226958
135.241014663
71.3787937872
75.946058669
6.57408140971
28.9938196548
27.1477843774
37.0489486596
31.4358336646
47.2498371787
88.941571176
55.2042406574
113.609014258
39.4088403302
3.25035434962
24.7475067134
33.635071367
38.3476219476
99.4188121519
92.5594270471
171.548378974
95.7080226391
70.9770899098
143.989129957
82.6696065924
110.078411087
84.2680753469
83.7688600793
9.93143618618
33.729380317
32.4849313992
68.6851886251
118.795591389
86.0257882351
51.4491409063
84.4718453474
97.2677478679
101.85114054
12.7611367889
13.2338308627
4.69878530503
0.248694039881
38.6904627226
107.080746889
149.163516959
37.8592290216
120.903004602
88.7861149908
71.3634136766
40.9610801563
84.0174190666
12.8801208883
43.3978285078
33.9371521733
534.961796098
652.37501819
126.094515078
46.3447073122
46.1892788359
17.1144193858
48.829626426
325.083596126
173.656322775
