0
0
0.918547987938
1.6709880936
0.931406375021
1.55694911396
1.09151816461
3.61105946451
1.8736993093
3.6561344387
4.33609620412
4.50696185976
2.99813194177
1.26728048548
0.52110961196
2.2542553395
0.684480116703
1.38648008788
1.7259704452
2.6930455775
1.59919705801
8.84895178489
6.98138135672
1.83828846365
2.37897587591
1.09110160853
1.36542154173
0.582453597221
3.27964712749
1.41441929986
2.65070893196
1.46710464265
1.47074462008
4.28794215992
3.89300663141
2.24048220646
2.56415994372
1.5595543161
2.34663948504
9.48023724277
6.53064727713
4.38567309373
2.81392950751
0.963323883712
2.25470396364
1.48377365805
3.28851497499
2.88870467467
3.77863957733
0.32511096797
2.23396531679
1.24550706497
2.37938660127
2.95891630562
3.27206311747
3.41321159853
2.73714902101
4.17083571618
2.32870495063
1.62200357096
7.47038619657
1.0518481615
0.0756223797798
1.04763812153
0.996214593062
3.17212712881
3.10733781417
0.984652262181
1.53500952665
3.15951573057
6.53009091254
1.02159096219
6.74054166279
1.88980400586
0.522380004171
0.317134715966
2.61786406173
1.16109559429
1.96323943045
2.92577851191
2.82262736256
3.3580149021
4.21403320367
2.77704888082
3.46652750077
12.2239083324
1.72962903348
2.5271632041
3.80589544307
4.18790129526
7.58192728914
1.193742787
0.631506882608
0.371591547853
3.55114479689
4.33516524499
6.7667926146
1.8476869911
0.708070114721
2.24487888627
7.99788585631
2.32154867906
2.54577835463
2.66015060293
2.96650331654
1.49120023887
2.66121882852
1.67676403723
5.98987535643
1.40197444905
0.869260488893
2.62894724787
1.17752181645
1.22712212673
2.78188635968
3.56391774537
0.913740020944
2.25529433577
5.08749380358
2.69445465645
10.331528049
0.324268925935
0.605016700109
0.985598505475
1.7412680398
1.11274254299
2.14725105814
3.12898266315
1.40558852069
3.92002930096
0.774665915116
0.0
0.943097107578
2.06489434093
1.35589375405
2.92205451592
2.85173600481
6.95012711245
4.15662986133
2.92683876073
5.23349567514
3.34905767418
4.43853723491
6.82946556434
4.4119194746
0.057282575639
0.24662796827
1.92788975674
2.41034711734
4.06957791024
3.20054594707
3.18582324078
2.96391601302
4.79424171266
3.79035085835
0.796060143039
0.415517645073
0.241033855826
0.0
1.39631467778
6.46187596396
5.53875609068
1.06420584745
2.83496152936
2.89621614711
2.32261282764
0.505836370867
3.12802218471
1.82549727382
0.806139741093
0.946277275681
17.5736301786
11.8726521567
1.2549479046
1.19500137074
1.89048361499
0.869048863649
0.62031430006
8.32638850098
8.89706344646
6.98543556407
0.039767678827
0.405989646912
2.94279612973
10.7111569832
4.85257448326
1.24737656396
1.43292238005
1.29493382596
0.0835930749308
1.05445550848
3.63227453199
2.63862761669
1.91675378126
0.325034941081
4.12462598365
19.3463412141
1.6599224403
0.859544334933
0.409181548283
0.0136146564037
0.410192685202
0
0
