0.0
0.0
38.6814268826
50.7331064902
21.3789376616
30.9896031674
27.4034826276
79.3792491406
54.3899947553
95.2295126059
100.38337128
98.7181293926
99.0310019386
19.3710274994
12.1163437664
54.2078123688
10.358580552
30.7584262546
43.7447620277
63.4774496443
32.9662654548
198.46073766
166.342222921
48.2548292018
48.4329067469
34.2878229619
32.1876237206
17.7968720072
64.5038897647
38.1824957561
68.3275309951
34.184124425
32.9122199045
104.118058134
84.3424785734
67.408496825
44.8139708563
38.1547661126
62.7045844258
259.117560043
136.245774281
102.404037233
59.377675957
28.1110222042
45.1385367158
54.7996822894
93.6050117724
72.5507749747
81.8439919354
11.9147916594
28.7124065011
26.8491674513
47.675295751
57.2296799928
80.0342210234
74.4960775896
56.6275054877
88.9642145563
36.1320091942
36.8574630535
155.147914118
27.9818544862
6.8899550736
22.3914314099
19.3184919544
91.767021109
69.234856247
28.7507058307
50.0298933238
64.4634496942
150.464442797
15.9817912839
188.207251506
49.0379040744
11.8356620707
9.38974676839
67.8728120047
21.5448819981
47.7164050788
71.0494791605
71.3574574459
84.3305872454
100.769516677
71.642881237
65.2319359481
306.279090686
38.6688597583
53.6158576891
63.2469499447
81.4302708199
179.863910635
25.0971528478
19.3692059889
13.8894273564
61.6878878558
111.232229194
180.02467202
50.8112183064
14.0534244776
45.416070972
128.117335685
46.549146289
54.6803469938
57.9000371731
58.1949011162
44.4578143625
96.7931232154
25.9774578809
91.5343991071
33.2770956662
23.8010125905
47.2786356266
16.1414704453
23.6806980343
53.5521669276
83.6153813974
20.8556396216
64.8083928055
136.432814411
79.231573686
221.255849199
8.98004785181
2.75668513867
23.7428074814
28.4620798118
22.2282163622
52.9921065154
73.5088057368
31.923215255
80.9786259233
12.1252556574
26.5585289597
34.0878457726
45.667261362
7.96183083533
49.5152757278
69.0070048262
162.691331741
91.7526326851
70.0310484319
111.850197237
68.8311788923
107.456940679
128.877659529
95.5147635341
1.42207944207
6.32494441421
61.7348483206
39.0980549945
80.896957188
77.9432858414
67.9159932955
63.7222536151
115.041350448
102.242165401
21.0754587525
6.92702549184
1.07417625189
0.0
34.0904354412
145.822565049
124.709564399
27.353272045
71.6402210669
66.6839878298
52.425466583
8.76014491171
62.1331916554
22.7396915629
18.9371005981
15.1547289044
416.065120054
324.270989434
25.7075087429
32.7316894457
41.0711867362
11.9213607609
3.30793297291
148.17340833
213.623704534
