0
0
0.926909706322
0.828816288151
1.41552102566
1.85273063602
0.74712322792
4.03940544743
2.20941670798
4.00904997159
4.35139487963
3.5566682294
2.35625883937
1.43343968689
0.737771064567
1.31590220856
0.946062500938
1.35909804329
1.45614346326
3.3737723683
1.00962506956
9.63373258337
1.91853023972
1.93452755269
4.20244220213
4.26150313765
0.496978672047
0.672053433489
2.75498988206
1.60381699156
3.32328109257
1.83219727874
1.5136308223
3.75676790625
3.98259565746
1.38166847464
2.13425612275
0.745517178439
2.13546667458
2.85836986639
7.31302528374
4.93247712543
3.4089786245
0.837238460779
2.67863025051
1.57079249364
2.84999863442
2.98967758007
3.94897686364
0.650887720927
1.1326911319
5.45045461413
2.6191787956
1.79293537815
1.78471955098
3.84749626915
2.98182986118
5.22443889221
3.66140585556
0.993392816512
11.5038365587
0.731523476425
0.317081333138
2.54227590957
4.24282776925
3.81582667958
2.92817653037
1.35963716632
2.91672461759
2.82160559297
5.78770735767
0.816267761867
5.94465319859
1.9248817116
0.522018313408
0.151783809706
2.13439301075
1.91339736315
2.02411468886
1.60199802648
2.27907028841
4.17544546537
4.32213862939
5.13532132708
5.31129725743
17.7178338822
1.17449765932
2.85259990522
3.65952021489
4.35668044607
10.1577030489
1.79881294444
1.60158576351
1.16485287668
3.89519424364
4.39533284353
4.19093046174
3.30419108691
0.333436040732
2.15997766022
3.87736769568
3.03584937009
3.59772749338
2.5038840638
3.50114586996
2.9350003507
3.36722831987
3.78926146217
4.80713275727
0.784359193174
1.15689670335
2.04182783677
3.05664438289
1.4798954688
3.02284206834
4.07308650005
0.953205535945
2.31309166248
5.72761501651
3.04138825648
0.187567183049
0.321656220593
1.22819774947
0.97886913456
1.74664847611
1.30520697311
1.83743258333
3.70754807815
2.26050310163
4.20711680222
1.5814058879
0.831881386694
1.36143754004
1.0771445164
0.233518443769
3.60547470622
4.18717719917
6.95919876755
3.92072945146
3.1852618535
5.88517613616
3.58389407815
4.09423028957
4.06058376655
4.42875591759
0.245465053362
1.18776060897
2.7083781361
3.12751355954
5.44595655706
3.31223839277
2.13868214935
3.28721157415
4.2781355551
3.94766834308
0.449477702845
0.482143114554
0.237861350179
0.0
1.64657629828
4.56921812892
6.51639982068
1.10459555814
4.96237157378
3.72685987502
3.04592604982
1.55987269059
3.38648672018
1.04156122077
1.49818399793
2.39382310212
27.0127694616
101.110856743
3.77072935924
1.25266648526
2.19034626364
0.793127264827
0.525574669242
11.930181394
7.11001814529
5.87557003554
0.459115541482
1.14629338658
52.7419776842
49.4171912987
58.6097981031
1.76822102501
1.38827008195
0.428680432029
3.23263577465
6.78248683363
4.98293298855
8.1385378018
1.42424316879
19.806276843
11.8761454485
123.510403406
2.06170880888
0.16811092291
0.171031733043
0.493349449243
6.28186355438
0
0
