0
0
4.74057865771
0.710697803646
0.858284504153
2.92188779195
1.97201781371
2.10976694478
2.91244371887
3.21680156607
1.58329015016
2.97248170624
0.649810175644
0.371844343841
0.758036462357
0.542842544615
0.736730150878
0.956742984243
1.17860963265
0.672745027579
0.932790901221
2.63821238955
1.69863328035
3.45165116154
8.67866902729
1.31781551352
0.808611289016
1.17655637115
0.629369571805
1.29382083379
1.89645483115
0.130558382487
0.904765371699
1.88003171049
2.08928521676
1.109889263
1.54486465501
0.496024712746
0.687175487692
1.45943325805
0.810125332791
0.984826815198
0.522418621462
1.07571956608
1.53484945116
1.29084854096
1.70505925163
3.73918372602
1.95468168083
1.15354760899
0.768623964803
1.57752061059
0.915683106519
2.06386764161
1.53837850876
0.898871502839
1.47138031782
1.57413224271
2.9031571066
3.9142842677
4.49930705188
3.60307175398
1.0362448981
1.47999052191
1.27670128434
0.646889320051
0.892053321935
1.321220621
1.42371313367
2.16898798081
3.96788705839
1.47813877999
6.11026522011
1.6469282771
0.300387879135
1.44165432453
1.14566125954
1.02447619196
0.321515746764
0.644112348324
1.58698251913
3.95231884904
3.70191940619
3.25079976674
4.19353372976
1.83675623103
1.97232092626
2.27127256949
1.79456852749
2.12196539063
1.98599889688
0.871584375156
1.27493451606
1.4618630819
3.45463486249
3.336227288
3.42950087792
2.2338301157
1.06279975548
1.42592005339
0.642248852178
0.994083291851
0.280803903472
1.55331701692
1.51932089566
5.01044647058
2.13365430874
2.00723825907
2.2468700856
0.852086605795
1.91059121018
1.11663499952
2.79245802294
1.3125444334
1.31158462178
2.16088918774
3.60784784029
3.17017574585
4.15367968474
1.98406016151
2.2984808021
0.1218719678
0.956042446982
1.38128464419
0.710887650901
0.997550382745
1.0411606722
0.966128014028
1.97470685956
4.69830914529
0.691279572202
1.13463954092
2.10047768743
2.50868123956
2.12141775154
1.89383223117
1.4713856522
2.32991607185
0.97097478318
1.29341874551
2.63345784764
2.39572276635
3.41529936332
4.26585342363
3.02661232383
3.04898400116
2.20725767961
1.66617527604
1.32195788436
0.263659219607
1.12811638787
1.75783944316
2.35211973847
3.66381744994
7.44591789972
1.90687646077
0.72929086443
0.731453792017
0.113439203938
2.17284524767
2.06471775938
0.98252392374
0.49936064065
1.87013385422
2.58302284358
1.99434225261
2.84098298824
6.02994735027
1.46646353445
1.93195381021
4.67770081386
1.04154084623
2.553948313
0.672034658492
1.1137807389
5.82333148643
2.31737139449
5.77198169939
7.54042468872
5.86084031791
5.7469083108
6.90564400336
8.23138306104
1.75034415908
3.45579842478
0.999469819479
1.26520867273
1.15588158835
2.17666432261
3.45462308824
2.13684454933
9.49121750705
2.10626747459
2.84021107107
1.35521081556
0.593656318262
1.32002923638
0.606437555864
0.90320826089
2.04878743761
0.732467008755
0.129138207994
0
0
