0.0
0.0
103.540079713
8.30191120505
19.9542380869
90.9667513334
29.8450957519
46.4579441026
78.0532649719
97.0583703826
49.299514806
63.3250292726
17.132382866
2.31689820439
1.63356038416
10.085872829
15.0748751694
18.811061874
25.1866106988
30.1591769066
15.6194099067
76.4618155193
48.4713919006
28.5969270766
186.153645203
43.5339574814
20.3271553516
19.5905931797
16.6734767631
24.3328894469
50.6579438102
14.3308165474
16.6082876176
39.4588466976
52.1724466682
9.57716912405
37.062523079
11.8482499011
17.1174684232
40.1516941042
36.5819228254
45.7630590917
17.7413014658
30.4749180946
66.8365765382
31.6646647788
31.2678453118
132.395231936
39.4336336493
24.710000034
26.0590950139
45.0163822481
30.3722189194
38.7963983194
35.981389381
29.8660852834
39.9536581327
21.2734401505
68.2089959309
142.455392422
107.938955041
77.1062932423
27.6462695129
29.8667278961
33.9963810706
18.121419773
23.6271991236
30.6347567774
27.6342520752
70.4558966467
200.667796142
27.9691360951
101.219971462
51.321031943
12.6269281581
35.6618928672
26.725210254
28.4065922275
11.7578559648
24.6630874901
39.2988161863
79.6360697038
120.579208223
113.19256502
161.209237173
40.2527948599
69.7471425646
73.5441807826
35.369624611
26.3227079808
44.1359515786
22.3695744351
53.2313439622
51.0970616117
78.7192876003
95.7106406371
108.592020124
119.69039269
37.9418857546
50.145249702
16.0627507344
38.9948101771
18.3767116126
41.4469125365
47.3537753038
185.894839372
60.990916405
55.6059895735
79.2322214842
24.1503173719
76.1605713638
28.0423144195
58.6517008805
14.8854861595
45.4792369246
60.9063491988
101.449788541
105.748708874
129.757043537
53.3137713074
84.2019893993
5.30568484404
24.5527071096
39.4085840453
13.9326149393
22.2663854733
48.8171063186
46.3069536667
59.0291301571
138.762868836
28.4054454266
33.5167271419
47.9017891176
60.7085595578
49.5095603078
43.6956907958
43.9658670108
57.9450425827
28.0560935503
31.0135046839
109.109583758
83.0555999726
124.487694218
132.714138128
61.0834435747
79.9716859656
57.8310631486
22.755930528
30.491670996
11.8062392771
31.8079015855
34.6273461878
92.2236722004
88.4766297787
215.818867564
62.0703801989
15.9326615352
11.814706564
2.44805838446
56.5954147932
60.4157003537
29.1051079632
16.499364526
49.0941560827
65.1454134955
60.6318056434
76.8312980755
194.821532808
45.8756616739
48.5046568788
122.235736638
0.392831861974
22.8939638646
11.3503551185
34.5566317994
87.052727569
69.3246314674
111.920093872
150.278291546
73.6402300001
191.832421973
223.859155878
85.3855969682
17.0069609284
52.720038414
18.0874858126
27.8504158481
28.305503592
52.3136282266
74.6590975373
45.2694985046
199.579293653
82.1159302891
49.553347975
13.9001056105
12.3132180227
32.1595393942
11.8699715696
13.959522564
50.5591547638
23.1784244254
2.83630372212
84.96
113.26
7.24000000001
2.4
0
0
0
0
0
0
0
0
0
0
