0
0
56.0274633766
30.1487155258
25.3041172922
34.004993071
25.7678442523
68.0367219374
81.7526014634
113.904090414
86.8851970174
117.954709321
30.3868423634
38.0237684549
17.5636114944
30.9325316213
13.3781502843
39.8967055118
23.595336087
71.2333272602
50.5620557573
90.1894695238
104.679131236
54.9159501674
40.6938729607
54.8383295294
24.2962838486
39.7327445002
53.195417136
26.1852477192
53.4792880536
26.0817266107
29.2765582558
61.1660406031
77.0445415992
60.1418738364
129.89006353
26.568920195
29.7340099366
40.9731273931
42.6406388954
62.626870416
32.8125661164
31.2482920793
105.30825719
83.9215519061
60.1991739516
42.7563382416
125.887559373
26.557289965
44.0993997809
58.6847252254
35.8367266687
33.0698068534
41.4988591097
47.5202268362
45.3691063822
86.2889170591
84.5073143988
117.213893727
99.29723382
97.1065977662
26.9934770969
39.5185769945
27.8697392474
33.6182151026
27.184714157
61.1671492802
64.9638748505
126.03708896
132.268321085
62.7435822487
179.463733468
75.7844960592
13.9080544263
30.7553460617
47.3094236702
34.5220012162
21.0819374174
47.3696101718
85.169835817
111.22633338
139.933829226
83.6611846565
81.8107245067
34.0859522112
48.2912627952
57.7229073643
41.2194048353
16.8846656531
61.2814281396
75.737771172
65.5964300707
61.8505076486
87.1482825502
100.844444705
54.246846143
27.4225526126
29.6782238335
22.033093242
5.21805448831
33.0824639239
25.8184124753
52.0554322154
55.010530997
95.865801989
46.4598669084
77.4375538229
79.912716888
17.6617487781
41.1043817242
33.8951863829
11.5488882624
16.4381285682
45.8577330821
68.402969621
81.7995115486
38.6731971
99.0629797289
26.7010552603
24.0907749833
1.36073505878
79.5492163183
26.5514714978
23.4980464205
17.6561854184
50.1332742535
38.101712862
29.7233452274
120.552068629
28.2126718238
36.9824147635
53.3169981209
47.875006266
60.9667502045
37.0012363046
28.2895202748
72.3846203462
37.6124764848
62.7582230028
75.9136545137
77.7298296074
86.3572761341
70.2425543311
47.8383572479
49.9537789598
52.3643913734
13.3943943791
26.4484717435
14.6733183749
30.5992924409
55.7684248891
48.3963927682
28.0051288102
74.7451604578
31.474452001
26.9931291653
5.66790948809
0.178616677411
36.8971449096
67.4945975729
15.6081568077
31.0214684923
42.6774130092
91.6854064687
52.1962759831
68.1756167393
106.903141709
41.2065326186
24.1854030211
131.774884343
23.8687634691
44.4009299575
7.80551905186
44.2062785179
127.995759174
34.3426088719
61.8383419366
107.121634416
85.3515083491
67.1364073454
95.661480233
52.56247494
28.1659777723
56.7841444351
15.258210815
25.2574394568
40.4891896694
27.302186653
39.8344246522
58.8595373026
82.9428410177
46.5037371804
58.335366413
17.4932896542
5.56882078572
28.3660757952
29.9701592345
23.188928185
54.5002495721
18.6800859869
8.72327795998
0
0
