0.0
0.0
130.167542294
12.3050350696
15.8060727864
50.540895978
29.6525845277
40.4241978005
52.2624596971
125.349251758
87.4966092557
74.5118403286
19.0948708802
8.81235133018
3.67788668023
6.64955306052
29.0938367676
31.4458327666
30.0228110254
52.435822824
14.0959953703
132.874552427
55.1287193076
27.030901909
107.449983386
57.4766539334
57.181231387
16.9012920801
16.1656854451
32.4235263226
42.9613052309
25.1154443287
22.6150189172
13.6051888391
73.6226337646
15.8005275945
76.482545441
10.2769105746
17.9600352813
33.315314303
54.7007426899
58.4016371398
31.7682897869
42.1566750202
121.257327553
30.8896320295
17.9777945476
162.512047978
48.2368689206
29.3930952809
35.766896177
52.2501544877
32.7486562464
47.2443236801
30.3080107094
74.2292098068
57.0298077828
39.794338435
167.197723322
185.402343711
206.351873472
82.689450269
41.760324318
37.4862675593
33.1808419848
34.8042090833
42.2879057004
24.8475293443
78.4872424118
91.715913048
293.4004599
23.7636594647
85.5479992759
49.0170924012
13.6309776865
28.1803354766
17.9638579425
37.5340724251
26.244486204
62.1326715053
39.0698084515
119.193977304
185.62640474
154.835895728
231.951070011
30.7295693206
74.9062755228
52.7583602071
54.7735404437
26.4259163328
86.7850615159
38.1047492678
97.2142983823
71.0229631382
88.934632279
123.413401488
142.95872575
94.4080958014
49.0899175555
44.3172462756
12.2917518876
45.6581939309
37.2576713618
52.2315988987
80.9687094866
192.456495303
74.733776316
77.6833263785
113.404072205
22.8958752612
74.3900766895
23.6776828249
53.3304271102
39.2237675563
76.9065167606
64.9187694826
129.95459231
130.887972828
163.238926479
39.4294811189
81.5066181883
3.93555162382
22.7087707976
129.625882887
23.6847974067
24.9431796878
52.3678830257
69.7365948557
75.5099479846
163.570789274
26.5566286399
62.3074037153
61.5757009867
47.7354056352
52.8668918832
46.3386725234
51.8900487497
98.5676677375
33.3399839959
38.1737317834
129.817199986
105.682030426
149.065043539
180.379715886
60.292788539
98.3297886998
43.2714037495
8.97706745938
18.4740593322
29.2333672195
52.1486594026
52.9078099373
109.721073166
84.3439693786
221.05293749
77.659643957
51.4018108306
6.03037829138
0.0
35.9018075018
65.4854765887
47.6812849939
31.1826478411
79.6581134162
79.5578392447
89.4488346576
82.8439311125
208.573838306
42.1950496025
84.1134460418
166.776024342
29.4192251266
32.8912169808
9.21128895878
52.5473107639
84.9712081476
91.5420628488
247.211197234
184.70827011
14.0963043943
76.1235595253
81.8070548592
66.1830464155
15.3412719369
40.9951179475
12.4904638999
29.9491295592
43.4197513908
84.289172016
67.4754703493
47.3457228653
225.453203632
59.4363648583
22.9494673088
6.2718595639
8.02242160867
22.6624643505
22.8756980616
21.9921907336
47.9615284502
69.5513920226
4.34614214302
53.55
129.5
13.84
6.94999999999
0
0
0
0
0
0
0
0
0
0
