0.0
0.0
74.3028565049
18.3591678143
12.0259482516
35.7657250577
60.9558506234
54.9711167962
73.1104468704
90.2289081187
57.2557031856
74.0278072846
19.3309006258
15.0642018467
16.2902345359
16.0277718902
16.941250205
30.9075385183
22.1704575028
30.5834615304
30.2719153426
61.8935601264
40.4037776962
97.3116567526
101.657761384
25.2950242711
24.2224966894
31.833634721
23.7997313608
19.9566238532
46.367025209
3.15512173483
25.5711849389
60.4479583217
64.317359861
31.4586907277
39.8379937224
20.375722317
20.3567879638
24.564360971
19.4895038568
66.5680461907
16.2409146801
28.9047336895
38.3328444204
37.1925661219
50.6777970115
63.4968912144
36.1646539942
25.0798164528
20.5022988087
33.8225767762
23.4555220362
42.8846997545
40.8551438748
21.9196950719
37.7257576548
42.1558007206
62.8525175638
94.2610548511
101.806669116
106.151734714
19.0693774545
21.4765291773
31.6734700351
25.4927228093
25.5035730713
52.0304133518
42.2099017985
80.3689267114
91.5339035914
30.4031365346
150.478959887
60.9296296332
5.32024736702
47.5387684834
33.5538795144
19.1168726217
15.8290122449
17.8102551755
40.0942543159
96.6697912663
99.0301071703
51.6319767238
67.2730688117
37.4854615289
45.280829519
45.582657245
46.076147765
74.6224678382
46.1456914543
35.4023796972
45.1084601563
36.0356729777
75.5646260446
69.2884581293
68.6440174025
40.1542768591
33.8308491782
30.9632577002
7.12278809398
24.1728324965
13.4250380695
37.4187525696
40.2936950438
105.148285263
48.1891671662
37.775742894
63.1268205588
29.0404167221
38.0771824961
30.5158499815
53.5629646154
40.393758595
38.0655884239
45.2170791468
82.7888943962
70.4658855144
100.775786586
23.7951239795
28.8107100804
0.222111001611
32.3691954185
28.1307614717
12.8518381119
24.2240405604
26.4816363809
21.8292106837
33.4589603786
106.635189761
21.1172277974
19.4057414364
46.9762054459
56.1612104551
53.8187486299
45.9661787069
30.8337329998
58.3669464905
25.8874621354
25.9971141703
64.6469679802
54.7272410347
85.4290329907
91.1544907541
56.745012179
67.1821804102
45.459671935
32.7407495873
30.1451977193
11.4351870976
23.5073883729
43.0809556022
57.9798410232
47.4133694534
152.792050654
51.2912204414
20.4551481111
16.8888552692
1.58879310731
49.5050236882
60.4590891862
25.4207542296
11.6023462219
41.8119248059
60.8546010554
39.3726283181
65.3019467191
126.866010682
32.7288884148
49.5981771202
129.192212105
5.53468501567
45.7311855554
9.18201532961
18.0414408697
101.769361116
50.1198379174
169.719668716
185.072734728
146.81838874
145.729848415
153.062013823
168.39541923
35.4068003743
73.9211846887
28.1275959312
27.5986460633
27.3079205006
59.3086718023
78.2836506665
53.5893767215
153.160624478
70.4445417132
88.2770656049
23.7145257834
16.1169208288
33.641042903
9.98261177167
19.2163936794
55.0936436635
16.7165238261
3.03874732553
68.3200000001
289.669999999
0.709999999999
0.0
0
0
0
0
0
0
0
0
0
0
