0.0
0.0
56.0882457197
27.9605441597
13.5312699331
31.8944522738
59.080842834
58.7519354335
76.6036632991
99.8349525667
57.7716853358
97.981775268
28.3531845845
21.5808425099
27.7892073578
16.7310948372
15.2900855541
32.1634488478
24.3927321341
51.6504422239
40.1648699026
77.9681291208
47.2377625164
57.180783067
69.8479009253
25.5434933268
30.4440881609
31.0185698066
30.8714468702
29.2787973694
47.7825141312
8.06666645966
22.9332641345
60.3643851187
75.4788183756
44.6826307992
51.2728254442
18.4575650878
17.8062785128
27.1656046291
23.312555071
69.3285436454
23.1108425371
27.2777971366
91.8169797958
57.7221869258
52.0162885207
48.9182207621
50.437160959
27.3882574788
27.4886207431
38.6033407865
31.7024788493
40.796066232
41.8014660542
33.3683110735
36.5537117143
56.1093121022
66.9780027698
94.9746348559
105.658989846
103.946822919
13.3755370528
31.343945671
38.6462631226
24.0461079497
27.905211871
55.3975769234
47.9405561309
78.3571302182
81.7390961023
31.8138532116
165.791185465
58.6855713199
4.70093174278
44.0589566986
33.3910719082
24.0589221641
17.7163242633
22.738009002
41.2342348807
115.380189031
112.121606559
51.0043022074
84.2265603895
30.6186799085
55.3605375588
37.6790695152
43.539808631
98.670312479
48.5834541545
47.1912701837
53.4880375507
38.1613131948
71.2943071678
76.8723404906
74.6079684715
36.6374077709
36.767502755
27.2222598194
5.78483026474
25.0835961295
18.7171674706
37.299113419
44.5877737663
97.6243374086
56.4405881726
34.4980378663
66.3956882748
26.4055985352
37.6184722697
21.4107404268
49.4589116786
29.245216459
40.8034508563
48.0953066172
78.0523635372
62.3861657758
90.0361617206
16.8938123882
22.0342221991
0.302037388087
35.0704633584
17.9520191783
21.7893419266
24.518080607
29.4447415174
25.0632233844
30.1746259109
116.430702377
25.4746060757
23.7140902597
43.6827587486
59.9134112326
64.1003590493
38.8106378429
28.1858836195
66.3797921575
32.5636844114
35.1415610165
64.7498757974
53.1684691524
76.2321573682
93.953094894
47.5874685226
66.1466898602
50.180555622
26.6008199834
28.811705567
12.6287764572
27.2707396634
42.4430479332
69.3647518493
42.6981892116
132.62146979
52.2688991976
19.0962195145
9.91399620473
0.7628155821
46.252522476
60.802025713
20.0991657972
14.7841663957
51.7164371834
67.0573684908
42.6771097574
69.6395624746
128.893312827
33.2568237036
49.6552200029
127.757796273
14.7017080486
47.0596715659
5.23053503038
16.7007024139
128.213785412
43.098727584
134.187712938
185.584394465
112.541539921
120.035548629
161.175870985
147.292672634
25.2795793711
55.0392981022
35.9977554046
22.5792812705
19.1584925763
53.7937227041
77.5505843906
67.5255019517
181.211020187
78.1560903084
93.5977728814
20.5100145824
11.7367000133
39.7283885033
11.2618829794
18.1101282891
29.1053566207
18.2967270836
4.94326400758
52.3300000001
294.319999999
0.559999999999
0.0
0
0
0
0
0
0
0
0
0
0
