0.0
0.0
137.568340145
47.4951443374
28.0245398282
92.6430496462
45.7716226951
70.3438544059
91.5453493373
155.408760443
148.001035698
106.963012911
54.4295749795
14.1598062515
7.20477810782
30.1885957718
27.8431760966
82.9722876326
28.4512315392
118.272311121
72.4563789367
236.355794772
114.963648319
41.7069268618
62.0373174773
84.4782523205
74.6600206195
30.8620745419
64.7937381864
57.5368496105
42.5602314547
40.0449945331
86.8397786467
71.9404225387
114.049481903
11.1567891464
104.741063881
2.62538154422
49.6553385432
158.120764106
128.503994426
137.961172946
39.4454658274
96.9900597072
239.836954845
84.6718141632
68.5374498353
149.122437397
70.7759129069
68.6087872186
84.1917587066
161.789379917
63.7387312186
124.785101334
153.388268567
140.233694404
125.226550131
142.062827133
302.773717435
155.8314055
339.341643262
62.7245466588
65.1884493938
229.83297749
151.549493138
142.131226935
76.5332957496
102.144042073
113.288113235
120.991164789
350.012240717
104.961805112
111.562409537
57.2143497211
28.6304921285
47.6739263534
70.7347522051
184.19109381
74.1381490454
87.16231413
73.5550898016
105.356291067
337.913638248
257.282397917
240.674497961
71.4999898709
99.1508644558
127.547398242
158.204491091
184.002959677
212.371478579
112.047199532
297.704721182
118.760142256
109.078631401
170.79070095
193.920608466
90.8894835468
217.027998134
119.707140914
145.689495188
192.861735262
96.8628525696
143.604757905
179.833886068
230.899875342
162.836698428
260.802932042
173.948466198
18.4995754212
42.5241977424
53.6159345959
83.7055940666
140.481108651
95.3380574278
112.53699938
126.668388006
190.658503298
232.078030229
52.7288527562
66.184562604
2.50318813416
31.5411376649
145.410940454
113.078906245
107.339732856
95.5140816886
115.378202962
142.942771213
180.446665686
31.7002973222
22.7943350002
52.1933699882
27.2021366023
84.7366542598
212.420836368
156.676486965
224.534602348
77.4413566702
78.7597384193
231.375767231
185.312325189
194.7034982
238.308255672
117.449365139
97.6231884398
36.760655257
42.8334616358
89.560704589
96.8921917454
125.083191253
107.998654224
293.649243672
153.132277295
170.954627467
92.6467997208
56.4064741661
1.10822555423
3.13439583778
105.272691987
137.262679227
162.825869009
49.5618243367
150.810031973
176.877601638
156.845326675
161.306775341
232.699058382
39.4488150598
90.4101519809
486.704069172
635.771899234
1019.83832467
87.2649526745
42.5125406218
117.076879101
302.896316753
537.899092198
438.500861126
766.96725373
400.314424886
41.5009703244
422.419761502
1347.97240323
338.543953639
554.526605196
68.9649863597
51.5743449926
85.7316630521
418.311087142
207.604976814
385.353416434
69.4797564475
70.7789044963
330.493331594
141.49082802
1112.76769839
131.798797477
11.2160671838
23.8276717309
55.1210419536
645.683609962
67.92
191.1
36.24
8.16
0
0
0
0
0
0
0
0
0
0
