0
0
2.82928075921
1.4360371863
1.09862175398
1.24566021317
1.20040737104
2.8872820856
3.50270534493
4.8659672353
3.56691992143
4.81918053888
1.80037728534
1.58336261753
0.795563838212
1.61373867001
0.408569059335
1.61304496089
0.923318622285
3.49184997356
2.03185427142
3.66849407554
5.57757205889
2.08318858227
1.56406337337
2.54878131463
1.09636724647
1.78091258323
2.06555815414
1.15746389463
2.24647242553
1.34890551027
1.31322747096
2.46258699498
3.12478200742
2.59202491725
5.35711002303
1.22559402586
1.13795767224
1.74275371083
1.7695906749
2.79093476664
1.34980555158
1.24940704403
4.87836340815
3.35072144016
2.59024217911
2.13339777931
8.40316737629
1.31469646306
2.03355602361
2.47733509302
1.6174550617
1.37584719085
1.97832413047
2.37920113234
2.21702924941
3.91029200866
3.52793020383
5.08375264355
4.63524914556
3.59644889092
1.3383212164
2.45448426716
1.23245713819
1.37693646358
1.1889668965
2.48949483456
2.86021608859
5.40410569939
6.25205936912
2.46582304733
8.50536595215
3.37805007154
0.635736558586
1.00422929542
1.74764654366
1.53669745941
1.06959126191
1.97938334756
3.80344683165
4.79498763196
6.2300390813
3.42665162525
3.4021038441
1.46756363753
1.78761829995
2.42122867238
1.57614166569
0.621670882218
2.8457636626
3.73246955499
2.88467552536
2.84806710004
3.46328852465
4.51097591734
2.10843097861
1.15529663488
1.14586078376
1.07152025215
0.251164458692
1.33699019341
1.0919387684
2.16838122811
1.72827229393
4.14489538572
2.10822227318
2.9175467444
2.95783003001
0.903727767989
1.60119729635
1.26366457302
0.452838320751
0.645441576838
2.1996182591
3.04983363301
3.02489892708
1.58008019556
3.82056394115
1.1438360319
0.891851002583
0.0513283088803
3.67473232385
0.89456488844
0.81061899662
0.740189749748
2.13263935829
1.60982856131
1.30738320667
5.07382064674
1.10822052509
1.40042229369
2.70513705944
1.92431852012
2.53493739269
1.68984872429
1.01383666502
2.98372045904
1.6905396427
2.88839198975
2.9859429202
2.96688067471
3.32913370675
2.37289083935
2.02933118679
2.14741772367
2.04755893291
0.55699374422
0.990506301634
0.540258251131
1.46933786897
2.59673346253
2.12777194718
1.24050617474
2.50678659393
1.14288013743
1.11764983693
0.191279003397
0.000904607586563
1.37271547667
2.80506503611
0.633008229081
1.19381028181
1.76401086408
4.09409836587
2.15233014466
2.99331088981
4.15633286
1.79789553932
1.00977360661
4.28842708858
1.59295884639
1.75064594485
0.304104660114
1.78610169981
5.20975773968
2.15455960803
2.02921334933
4.13201650488
3.19717984693
2.89118298539
4.14462894481
1.80861097877
1.00157784508
2.1251997964
0.708507412637
1.1066535362
1.76736887684
0.972321766196
1.62731103785
2.51768157864
3.27973397251
1.77578478632
2.20913391572
0.782725390047
0.153565324843
1.00057545118
1.16445790417
0.896932399832
2.62680212548
0.700280427467
0.570975520648
0
0
