0
0
2.23525397014
1.35678792803
0.674471565522
1.1966899652
1.08002298698
2.38574643643
3.3400690062
4.22473359201
2.38581516873
4.33545350225
1.07105807844
1.39926944487
1.17045761226
0.892716102302
0.771715655923
1.67765433341
1.09303594986
2.30459021777
1.62902256969
3.50235531898
2.29362815153
4.66798463929
2.9050273
1.69774159917
1.39984097972
1.56432276592
1.78669081815
1.43221491232
2.2744479705
0.453446592204
0.980862575117
2.47347855358
3.2469322356
1.87056681374
3.23689642959
0.911310052383
0.749390114564
1.08654960478
1.1302786509
2.80913753458
1.03098720964
1.19610125883
4.30984977819
2.28668404149
2.32000063639
1.66762565431
2.79781539185
1.13863915991
1.33486831305
2.1229768768
1.37294725992
1.42280549183
1.64743015158
1.67163510621
1.68973705824
2.79643463087
2.88546089362
4.70488927211
4.39699937613
3.95228875894
1.09880890523
1.08638524124
1.56103393668
1.06757344765
1.22564268054
2.58366839832
2.1446555974
3.77229716128
4.15951317846
1.58759403776
7.6482621904
2.5027639257
0.263310418464
1.64511841978
1.55220948998
1.09794602077
0.782674559508
1.1717795888
2.36590682855
4.82405733783
5.13129754271
2.82148644305
3.70611183043
1.65042529628
2.40741425636
1.7358884273
1.59330535959
4.35364482831
2.00833147194
2.12805186585
2.57802697539
1.77744843811
2.66149005247
3.17254419695
3.28193908787
1.57632862963
1.19489605352
1.08241612092
0.139559726231
1.02148524259
0.888728795107
1.51679318119
2.1440030291
3.5241928777
2.34981908882
1.89426250214
2.95472046535
0.940583983494
1.89843222697
1.03030043654
1.46024867333
0.775636617094
1.4913256212
2.18786542339
3.21570162289
2.09070793493
3.60810355609
0.651914041489
0.886304244399
0.0516102612019
2.22471898334
0.853537779942
1.05322662741
0.946424333379
1.65875412943
1.24337079749
1.11752043292
4.57895550807
1.13184280228
1.52561345696
2.22016836924
2.65205350053
2.94160776876
1.53182255849
1.12693737383
2.90747853741
1.58821681049
2.04825072363
2.75018070306
2.92353831674
3.37802157993
3.8111501215
2.38017978217
2.65441997256
2.48262669391
1.41601808881
1.26123097562
0.769770203624
1.22412812855
2.13741778489
2.92172195157
0.982970835117
5.01095733617
1.54368928843
0.730365612544
0.215176165802
0.0179016016773
2.12987208599
2.67529958469
0.750198748894
0.976657976629
2.01734200562
3.0915036411
2.08550515928
2.9632113009
4.87652193161
1.28728423594
2.07925948384
4.33639999013
0.408940209571
0.979322270665
0.285347208381
1.14702894446
5.4647994237
1.87253328162
5.66316799819
6.71943260031
4.83335584844
4.91412369907
6.29077439901
4.99980558339
1.28396194614
1.70536998939
1.6370947361
1.19238400087
1.05644034361
1.7542768307
2.92187707964
3.04164424026
6.56692191213
3.0336689495
3.79523795098
0.877705018967
0.434584677685
1.82487394661
0.735220419476
0.734324044781
1.52871154156
0.739196149632
0.277580149472
0
0
