0
0
2.36188535206
1.57825857773
0.986462223809
1.53349429806
1.22343858331
2.8196797315
3.32096047606
4.59212358017
3.04668188584
4.67196177016
1.19350063661
1.63511541672
0.958371539367
1.40022080857
0.550527088344
1.47837539436
0.939770538011
2.82853879617
1.9842445075
3.82665573154
2.24274642463
3.95050978125
1.83437742759
2.05310584232
1.06418150477
1.51820183685
2.13558861241
1.21663970337
2.30729579215
0.886954421178
1.1045781807
2.52865785779
3.46546761086
2.25041924394
4.42489222973
0.953319784254
1.25727869303
1.43177920789
1.76603069343
3.07249506935
1.35356540419
1.22956403747
4.00893020281
3.05510873103
2.91965700174
1.66499083256
5.7770304475
1.17724438477
1.73113263352
2.39707427283
1.48555797769
1.35854005977
1.67397781173
1.76626186585
1.83554274344
3.47383400262
3.04272999708
4.40963697818
4.30743331509
4.35942157247
0.941471207945
1.58605887182
1.51978459931
1.31175533519
1.11729180766
2.770602684
2.44940654235
4.54221914988
5.20178651548
2.53676419484
7.67967768246
2.78257609252
0.484577204101
1.39079602668
1.77612460591
1.47219208116
0.816388535779
1.87477291701
3.32151441555
5.28796568513
5.8821145976
3.83314961905
3.63010771555
1.29116398701
2.14683286054
2.14959360549
1.57698754547
1.0118920058
2.24425597372
3.22891601082
2.59898677422
2.37068920117
3.37637062557
3.54796084668
2.30973960363
1.43767960928
1.27080414817
0.968372271047
0.212137453258
1.24764806079
1.07392569259
2.04210267356
2.36386945331
4.19971470418
2.11475696217
3.03349712491
3.19928989559
0.881076391786
1.90824919799
1.42945761344
0.702050642925
0.703097818419
1.78738082689
2.53090151068
3.03162838728
1.68156786007
4.0782019851
0.785314440145
0.823195070028
0.040731985122
3.05783979956
0.983909655362
1.08012838755
0.813375923783
2.13395279238
1.46803873265
1.32511628605
4.90496023255
1.23493999988
1.42699371977
2.22145468579
2.17316158395
2.68447136786
1.46105598123
1.02723674773
2.9401212018
1.54742185865
2.38018870633
3.21189118735
3.1593441884
3.67135605076
3.34981322661
2.09855904779
2.78868778015
2.32193021814
0.81440443336
1.14135908568
0.634212847799
1.27391401015
2.25593408826
2.20724449377
1.43087084661
3.79813644185
1.41702245176
0.885348007781
0.172831284814
0.0030035310192
1.61688318569
2.96427580947
0.719229998474
1.23979019391
2.10649859183
3.36313060392
2.21313507296
2.67954190384
4.53161741933
1.6120657103
1.40892940992
5.4373496398
0.867633924325
1.3666397552
0.252736459486
1.61999631277
4.82867344515
1.60533025838
3.12569409616
5.6894927941
3.86789634405
2.93178066693
3.99685993313
3.13457835966
1.21480548463
2.13969432632
0.618038047687
0.953788601793
1.37180661596
1.35161865503
1.68100400735
2.56231327099
3.99090653798
2.26560749952
2.57649648271
0.831010563008
0.300446769688
1.47833618103
1.20595017436
0.777351897443
2.01468564826
0.754481799901
0.248881404346
0
0
