0
0
84.837505415
46.6988338531
28.8473707438
87.7283666906
46.5966158062
54.0391030759
92.4394127503
162.296055906
143.796768291
93.9887038171
69.2936380954
20.2260074616
13.606896712
27.6040861308
19.1063547134
87.9016347751
32.917167943
116.794923216
49.715356663
257.172755957
130.270521753
47.8539041429
62.5874497555
82.3985198707
58.5939372182
28.0908798538
37.1421422659
71.2432605197
47.0602770523
38.5389044854
89.9418209419
71.9125348068
121.2881249
16.2633178001
125.507533656
4.69620377942
29.6070336322
163.901655897
143.994569309
133.172274929
39.333908298
87.528471876
265.005435518
95.875287029
66.9461416387
151.465042295
57.6532281898
57.572359975
81.2254262455
150.798572952
76.1956821754
125.51711269
146.810526084
126.683045849
142.371242248
117.420102448
269.33598571
158.394970408
441.520149283
61.4018601151
65.9483311171
186.27610129
151.233232688
130.339404347
74.6498423371
96.0294608474
115.287274445
114.647289779
338.330383435
27.6008461759
99.939168186
58.3736267501
28.7131470367
51.0470210448
68.0057987273
186.725237042
80.4008041817
70.1078994422
77.2231045346
99.3735412025
348.863134337
263.245120805
234.739855237
66.9424967654
73.6809598802
69.1266164383
149.875504456
201.325076903
230.478924975
132.959526949
296.019383803
105.514425471
109.260928234
157.351664074
173.096528063
75.2963839788
194.189191416
99.4888894027
67.2757966673
180.180850033
105.512486008
129.365261536
208.201677203
228.956472527
144.292824249
236.850365857
168.745295093
13.3482704926
44.087354645
39.6434821766
86.8513629734
137.613256143
101.260374543
111.758211597
118.556284477
161.90890164
177.633447301
54.2128913551
71.8871518337
4.0267193159
27.1076708484
114.770125206
69.6456726151
96.6933746227
101.548389397
107.167895257
140.966912404
175.730011783
42.7983132118
8.79738057218
54.3273783902
32.8181757442
67.7014949786
206.235524286
127.364878468
230.08267194
73.7657621791
60.8381813429
210.463106171
178.283843737
203.458038613
204.524047852
130.462985158
88.5604289174
32.7788114827
54.3331298678
77.1315127908
107.075464664
136.428121425
109.884391397
301.092649474
134.867215589
164.960746211
93.1122439596
74.8367454262
0.0234435321763
0.549194008111
104.577524907
112.966940928
174.574759617
53.8335163481
149.418683242
196.402185917
146.502895659
134.146655476
237.97831285
32.6522365138
86.6303080147
422.201773613
681.025772542
530.04179281
106.868253495
50.7408561799
97.3003101422
332.911826671
856.706024765
465.507873055
745.209513881
347.808020599
45.3364993147
390.509481288
1828.10656688
372.515932358
498.202813178
61.9147144183
45.635018304
96.2879812493
482.237614838
248.43036613
422.782052011
78.0125547386
22.3958826363
297.354615794
162.878136546
1447.09994406
136.726693288
10.5059455633
34.4098084644
54.680579491
660.182148473
0
0
