0
0
5.17097021639
0.268032760359
0.881429798203
3.4640112964
1.23449057713
1.99092354812
3.09125705529
4.4524792009
3.0580211184
2.98752388917
0.713537781732
0.34993522102
0.068064928113
0.424182154238
0.777339871856
0.820403303951
1.10451109428
1.49271674734
0.534468730912
4.50435555191
2.04711245128
1.07108158618
7.50126976776
2.00331040844
1.51236648951
0.722479203716
0.674295291305
0.872701818822
2.03345518326
0.710331048467
0.653014041018
0.769676872529
2.52346838359
0.506402256899
1.93544799986
0.54327521057
0.752559423912
1.92585208162
1.75747648114
1.85011423053
1.01498927502
1.33520001045
3.22383303661
0.992335213348
1.1601550327
5.87259891233
2.00883331901
1.2754989001
1.25146787148
1.96575176297
1.3730886901
1.96713300492
1.49981684238
1.65919680754
2.13821019372
0.839641064638
3.39876554022
7.28293486172
4.89904237189
2.1705148716
1.2941513143
1.25092553254
1.454462155
0.715384575422
1.4843603262
1.14693181682
2.32946440857
3.28191255254
9.64379251841
1.03694461624
3.83193504991
1.70223859348
0.632353398949
1.1554593828
1.30169117131
1.38555041701
0.7446481472
1.68112558941
1.37502781698
3.79822556232
5.89098774455
5.60188098717
8.12542235176
1.48563096346
3.51239622175
3.50960079487
1.66206116229
0.94135953486
2.0140661631
1.14300672011
2.71542348387
2.39355010912
4.17063147656
4.58219347522
4.31547767948
5.54160726018
1.81560930063
1.83890055679
0.650951649644
1.48718909337
0.818523741676
1.81419078819
2.61083985219
8.19357768341
2.52545565867
2.33275539451
3.37664146349
0.986543865991
3.36530500092
1.12833972892
2.07258342765
0.972565606236
2.23502565187
2.44981069933
4.51285263104
4.53143882612
5.55775089399
2.22415924515
3.33829250844
0.16845537175
0.881396355107
2.38278160617
0.604400789365
0.790681326529
1.83109973522
2.31578005268
2.96978580696
6.30506919278
1.29867721978
2.10168232769
2.41241165099
2.61750448169
1.98499223473
1.77496993198
2.03521493799
3.00032399909
1.17807061574
1.46169473464
4.97544079251
3.37582878629
5.92608923558
7.11916063214
2.83868423291
2.97992217995
2.41158247262
0.987081352621
1.29448304884
0.628208481474
1.50703879492
1.56311960297
4.19456657046
3.49352668133
9.19138407067
2.80953940714
0.674081153178
0.348915361217
0.0817456124933
1.76011475685
2.55300379358
1.60793125909
1.04357876047
2.28934613755
2.90685986122
2.80175141618
3.37094739731
8.82967981696
1.7090449516
2.53192393086
5.38546037674
0.943482622504
0.992188416538
0.456845212408
2.30492951907
4.18343297765
3.39300052077
6.88841335801
5.80817651004
3.50943279616
5.95163671672
5.11522669252
2.51609427691
0.712295791134
2.27937066369
0.811518889852
1.11788137909
1.23807193059
3.01316965651
3.39803896379
2.15166556835
10.308347078
2.57066706195
1.83569088252
0.386137955822
0.488390013692
1.24681188632
0.689241730142
0.634980343049
2.62144345231
1.2715228945
0.0979952253401
0
0
