0
0
92.5335347393
25.8662669062
19.0994325997
74.2067908142
38.4894887167
49.2650546479
81.8820928709
147.224057391
119.129871257
103.893282294
34.0711213051
32.0165455342
10.9591052458
23.3622844219
39.9132332057
49.1810468138
27.9773845375
97.1417721883
59.4160120414
195.403615147
91.1717238127
34.0758091807
99.9270022082
78.5833423706
103.827709794
24.7774113408
29.1598260943
57.5505609456
40.9800963588
44.1308844386
56.0794260799
65.0638364554
95.4955173797
8.81049412116
125.307986922
7.94543270767
78.958947678
89.1291592531
103.532840023
127.190325669
44.2954630294
75.1982206274
203.783309494
73.564861117
38.7060228566
190.272971593
60.3835086012
66.0275629553
85.7155506062
110.933336232
44.589472331
99.1730143615
69.9939448255
116.966007292
79.4408864813
97.6148722229
234.224893221
206.825382211
347.654626037
56.3019863906
41.0704781246
117.436429404
68.0421262699
101.275888543
46.6592163643
77.3890279402
91.9797440842
105.934502877
389.83866192
52.1200685784
131.872948419
318.552390545
32.2327856719
50.657132125
31.0042624915
93.2098699822
51.7345180464
83.8664413298
68.3126360959
140.745782957
305.314204505
253.469794906
248.517752945
28.9810053091
84.713870695
79.3507914617
119.534845796
95.629470259
168.191893693
72.7129778042
190.979508586
100.460418094
106.235575519
182.738663566
174.358073892
131.679335682
164.557205508
106.050227623
85.8635810342
109.137468494
73.127191728
112.269761162
144.638916657
233.981624829
155.990028243
205.148154393
164.342972383
27.208512551
50.8152961958
50.7851292751
75.4584072566
95.4724299274
91.4492706559
103.253688393
135.710760324
200.092425149
191.692475818
46.5486974688
58.9675516896
3.20535474178
46.695222985
169.417584104
71.3588642897
67.946866998
76.7352889349
108.572872957
105.547710096
211.774727477
25.9367368073
80.3686002194
60.7656513518
61.241700925
74.8460848778
141.220987558
104.427280392
193.147909594
57.7708617355
81.8912695795
196.58973765
181.99952043
188.491719
289.897374864
91.0775915534
101.650137775
77.1587400065
46.8321503083
55.58938245
62.0338748285
96.1410474648
84.2680735476
198.494906969
104.452522338
182.771888961
97.4440992269
81.286838388
32.8204992862
3.87834355188
84.569804531
116.459533185
108.338735405
49.2050274835
120.703267693
126.956221998
113.772745594
140.521286591
221.63989614
40.9121358977
90.3931047684
412.528938967
123.504367743
221.238026462
7.81309526414
68.0909574329
83.2047941275
81.1918596626
193.199730925
230.328360513
237.469258466
266.156306282
50.4133977005
220.843185145
511.045311079
169.888156258
77.4580024258
40.3930188754
29.2060666457
30.8271330446
32.2288207188
146.131871034
232.409538279
83.9016247512
43.654560294
72.1377092251
117.939399837
328.935585626
20.0295802206
12.7818992604
49.1642137394
61.5181341917
27.7434997949
0
0
