0
0
2.94917725958
0.822139400989
0.722589767538
2.34099168144
2.49918927252
2.12126525398
3.01291745179
3.50430037035
2.16940462519
2.77653570374
0.825579788943
0.488386580721
0.514220502693
0.797351531684
0.743832886219
0.921886359807
0.839266874129
0.767882900778
1.02529597748
2.61240071431
1.82387135061
3.90328565461
4.86422438291
1.32331375848
0.99106170598
1.23042102531
0.810813143849
1.30112076743
1.6964060184
0.16749242635
1.0214890975
2.18826471223
2.22542819008
1.16482689395
1.51480568363
0.514541032957
0.623001252068
1.07450817712
0.824533290579
1.67571240908
0.707330542384
1.04096160672
1.57434608089
1.42380982777
1.9838242603
3.3839216663
1.24662580527
0.956546646776
0.864434040384
1.42701011174
0.888378485804
2.090965827
1.84768230468
0.714244780131
1.5425701777
1.50297808461
2.64550966164
3.54616097524
3.74108995008
3.66572926671
0.723979072762
1.12501179054
1.58307146106
0.871779137291
0.990825872635
1.67035695969
1.65353870299
2.55046453176
4.26876954385
1.37979731231
6.32192796178
2.01981159969
0.235023203015
1.71515877626
1.27152743796
0.664466631599
0.566521872533
0.65053324122
1.37436551403
4.01363113383
3.6358044066
2.95193325705
3.02436396666
1.45549699431
1.94917717576
2.00034297002
1.94337680563
2.92315263534
2.22794077732
1.27532070735
1.63351929653
1.61001878092
2.97970583849
3.36396065709
3.32617210288
1.89232609153
1.19853367656
1.43095727777
0.655057669617
0.869854084915
0.251291232416
1.47560427024
1.47976318141
4.49154281931
2.08239564009
1.97957757069
2.37214829063
1.13184331753
1.78183621878
1.31939894927
2.54330394336
1.48956783907
1.56210241816
2.16507725429
3.34591360041
3.06541004614
3.56421592785
1.42886932008
1.91819910426
0.0186523403972
0.971614906739
1.17988898593
0.785883486271
0.949663148262
1.03297469229
0.984828197863
1.48521551164
4.50190954318
0.740501335124
0.943177713547
1.78835040133
2.10869891348
2.26389688801
2.03929078858
1.21878110652
2.35106603964
1.23407651391
1.00991022401
2.69099988276
2.28409844427
3.48123748391
4.32416996174
2.5693283471
2.92699299101
1.77102111897
1.43112554838
1.22711625695
0.36277115671
1.01456834271
1.49597211974
2.16496002465
3.31863812869
6.60558946338
1.88314434176
0.696440825937
0.803214067593
0.0957758756122
2.18588174134
2.21626630891
0.996385989711
0.464787024714
1.73964867857
2.49254533555
1.91566826217
2.63386301103
5.0599287902
1.3063571316
1.73333299742
4.46994461864
0.369315215386
2.4658598192
0.588553678244
0.743678655592
5.75288253173
1.8533937363
5.31058706436
7.55187666602
6.57386132411
6.25096205901
5.89188478363
7.49751809984
1.67725294456
3.49482740182
1.21809465066
1.11620052392
1.13367291586
2.05569613725
3.84478304163
2.44299618434
6.57286600955
2.93469534465
3.54502700642
1.0008418276
0.696851225104
1.26446296088
0.561229709012
0.995064447634
2.33841076447
0.885742548853
0.148582633585
0
0
