0.0
0.0
45.1018194259
32.9564870918
21.0742989667
36.9881051928
26.4298299326
59.3399491421
81.7526983246
101.677615738
60.7012837865
113.303792663
29.8312477246
39.252588138
28.6381484717
23.816510763
17.744938463
39.4215209484
26.4025165066
61.9546129145
43.7030624407
88.8518218697
55.3977843672
108.380090257
66.7850467294
44.7819999754
28.9325604151
35.7226624711
49.1184155791
35.4159603012
57.2236919069
13.9596105963
23.730153501
67.4603994358
77.1573814382
49.1827768915
90.3715455494
21.0510254949
17.8398986603
23.9474985301
37.7178145944
75.9570557849
31.1054349617
29.4276923203
112.663805254
64.7686972226
66.9036883526
38.6814220742
101.912709176
28.0267127556
34.9361130401
52.2435300895
32.5700886324
33.662624851
34.244085679
43.6491247303
42.4187860788
64.8357813322
64.8212387021
117.157158075
88.6254956201
108.233737869
20.6381893381
29.9220280274
34.3714354075
26.6736800443
30.2935008821
63.9066371702
50.1639391332
94.7238674182
104.798908414
58.5349466465
188.813176934
63.0977312839
9.28340193629
35.1698017771
41.1847430839
30.950165257
17.2923896033
38.8650610596
64.7067585178
121.942220349
137.633266658
89.5643817242
94.2624150274
28.4061036521
63.6750691133
46.046634539
37.698591739
108.354928672
47.1429062561
59.461933734
64.1270977332
48.469953943
79.7150904312
85.7822549371
78.8872628789
37.2190884809
31.3129764497
29.1869161469
3.89453985449
28.6300409167
24.0943029708
43.9404026494
57.1239088253
94.0588287775
52.916313114
63.7216888997
81.9512962298
22.8771208897
45.4841439799
27.9097398185
30.6788860783
21.6916913688
38.1874444973
58.7810459383
82.2446407908
47.6981031317
91.7308318858
19.1167253405
20.1387148742
0.907384335994
61.5868454282
24.3577548936
24.9886229038
21.336738646
49.7532048924
35.5931787583
32.0219570695
118.732476108
32.3446251991
37.1776709016
53.1764962495
66.8429298922
67.3763710409
36.0733551826
25.8606958966
67.7865167297
38.5686663686
55.060677655
72.8956685868
75.0137445442
85.2242248637
91.1951632798
50.5635345766
68.0669424533
62.774745047
29.9518517777
29.1881792395
15.8832122907
27.9998203553
54.5456445739
59.3380105198
29.206676256
113.424425835
34.1063452699
19.5720875189
4.38831148668
0.0259607776534
42.7974643706
73.3808400146
18.9270805344
29.4500067271
57.3171006461
79.8122979329
55.8005013737
68.1827806529
112.367980113
34.5436071026
42.430962894
143.390484306
11.6305859126
22.3749751411
6.49738329648
37.4280940109
116.061615787
47.0928304922
120.799560472
144.645348725
103.539060779
101.262605388
112.763107787
100.164829111
30.9199544191
38.8254195526
24.9609434455
22.536132507
29.8814331739
36.3431022317
52.0729776398
69.6964755691
135.865760844
60.8380980492
82.4042932111
18.738938598
8.8180715125
44.434832599
20.9916462991
17.1599763092
51.6244482994
18.8899317272
6.93783836066
37.6999999999
266.050000001
0.0
0.0
0
0
0
0
0
0
0
0
0
0
