0.0
0.0
122.243693232
13.0671814978
12.4050184898
56.8644791822
27.9157202155
38.5700286403
75.0089553763
131.582026443
76.037637323
94.4460573682
26.0606866478
25.5928516836
9.3323594369
15.4217088819
41.2202982902
47.2989905477
30.0974053591
80.3479168898
56.1636407292
171.255171597
70.5030097961
35.1839155555
90.9957745337
67.3212776184
90.9039405583
16.9443771886
15.7679028846
43.7204238307
34.0492926389
38.1870077556
51.6477419882
50.9373787567
98.9908985635
10.5411055125
107.952802073
8.11287443969
24.3389341627
31.3847899697
71.1456521899
98.6181739121
30.3344401354
64.141696279
168.478437348
69.7324085114
26.7737041265
204.014540127
61.7513172655
54.437119525
65.998352671
84.4245484346
44.0546784158
62.3125914149
45.3644591897
103.791215133
69.4464938455
69.4345259854
190.237337326
229.181440506
302.61103781
56.5030307808
29.6178050093
77.0639066371
36.4538509478
65.335729213
46.2108023352
57.1441638173
88.4560611919
108.556721851
400.408606118
41.2056952018
106.175974085
258.629416514
17.438876152
41.0418446659
21.0486774347
66.1263081912
53.3563206139
84.2145398407
58.4003939609
129.070558224
250.96801295
235.919530548
246.481588104
28.7280499042
84.099902736
63.8513802701
90.4297423661
58.6428175046
137.839628359
56.1943925767
157.284007
88.2924554832
92.6381913163
167.983455403
157.118750079
149.087336131
117.27003013
73.4392435514
37.9391793706
67.8716000136
63.3361563077
82.7086548144
117.734649721
204.733608758
128.992502304
129.259052781
138.426245095
25.1986021846
57.3945598318
46.4807228494
64.5395138561
74.2446619793
92.1412641295
80.1832153174
130.043401239
169.443615359
174.143347056
21.4573818175
75.3729522982
3.27040790767
31.2836266234
163.184213646
43.2662413438
43.8708484092
64.0010765038
103.021156289
92.942027166
187.363012925
27.6867813478
82.5478516594
57.1466635159
50.6656353773
61.5993952258
73.3269092124
72.6543689402
151.323913903
42.0933554806
58.969555769
170.659784881
152.684986074
188.479954151
242.301670416
94.0399446934
97.7410855294
58.5750470347
4.61081870506
34.3298368157
43.2137299553
79.0336835208
74.7433376201
140.990454443
89.5687455331
204.938042644
84.0657626688
79.7380587137
22.3008336201
1.32285191864
55.912710823
101.318576994
84.7540374622
44.9904912506
107.25822581
90.2690736149
109.953464225
140.044927239
198.571022049
31.1270036659
89.0433764086
233.124705434
78.5339955586
42.9926818622
3.58121144772
50.4335308447
92.4914522906
66.1933532954
222.441863984
161.267897213
67.8211697414
158.34759897
47.540074043
63.0709957258
108.309179306
38.8971745838
9.8336751731
31.2193383677
35.4253159649
45.8629048615
26.5159792006
52.7032844479
210.508594025
53.2501107305
18.4964077435
4.59127569293
11.6075662673
30.998834364
22.6121307761
14.2895509545
41.4647466838
110.209417887
2.9067655513
53.67
175.29
41.8999999999
9.28000000001
0
0
0
0
0
0
0
0
0
0
