0.0
0.0
133.049291611
12.120387733
21.0068313181
86.275913813
45.4337692392
35.0357660986
72.6082615481
79.8238009884
28.1440625266
71.8460805766
16.2309146281
6.12020793557
22.9782501273
10.7506080866
15.3492944241
16.1721785814
25.578781153
11.9696524702
20.3432972976
54.6421722751
32.8873724342
71.157605365
220.327105927
30.0630602174
12.9271671474
25.5300158858
15.5979986885
28.828822553
39.2675463482
8.58685771375
17.850488185
37.7292065508
46.5628684061
18.1255636518
50.6000858405
12.5192192858
19.1434540276
44.5329356006
20.7159717092
26.0842604098
16.4055571407
24.7706758334
41.9703133944
30.1316334838
41.8907785966
83.9175210948
52.0371877123
25.6144746636
13.5341491364
45.3266008236
22.7696311567
41.1988235861
31.5702201077
24.1673875003
32.768245753
35.9781574812
61.5663269273
106.1399271
124.151292798
66.6161139329
35.1582940222
38.9958010913
30.2466625572
14.0678571586
24.1135045589
28.5242246054
27.7023433651
55.8958654166
143.422423267
43.5332125831
138.52386792
37.5594622241
9.19154944272
27.479268588
25.3058198021
31.3417518139
9.90710623562
15.7017088942
38.4550346285
80.6618612966
93.6219166517
98.5741672608
127.207364889
47.745341286
56.5221165418
60.7312686703
36.2904341923
44.1720970272
49.3842084221
26.131152847
34.9171645826
45.8753444105
80.3559562416
87.9240579238
104.671306113
85.6175585278
38.7563986745
39.3238906469
15.7603153512
27.5055590719
7.57775735669
34.4299023898
42.6609272249
126.622941384
62.7788837347
49.603275924
51.4329881686
18.1613880317
58.5745723591
28.9514768561
81.4546654075
32.4356146975
38.2481294275
50.5374261538
91.3743676656
94.6716707758
107.412661404
67.230586309
52.8244782266
4.34894100857
21.7696632911
32.6803325386
16.496527038
24.9546648859
30.5728850412
29.1937293336
47.8137684278
119.073091004
22.1599976644
30.2898217406
50.3258814631
68.9318627381
51.581359405
41.4533346974
36.2966411441
49.1705235242
22.0728044752
33.3990426062
71.164529862
63.7913716351
81.0028517191
92.9550058433
62.5013615918
86.5843600798
60.6566092848
41.2078756392
21.3578003822
7.71567030809
30.4283036179
40.9575565159
64.2041063681
87.7414581869
199.346611027
44.7519957348
15.7300173752
17.4177241065
3.27061466407
57.63312006
51.779867515
27.6957428455
15.0792542081
48.1711353259
66.6233754605
49.6543064899
64.4349067714
149.383885117
41.445134081
50.954433341
213.211657092
14.8594998121
33.2749353648
3.72561500758
60.6742440014
183.171027929
67.0075639262
174.531205103
182.262049019
123.205650788
