0
0
4.0999474409
1.59663116187
0.994727417012
3.07266402105
1.77988877235
2.83796348184
3.39478804125
6.16455296613
5.85102800373
4.25650006207
1.78220415924
0.676466614008
0.273690668924
0.96674901247
1.76575856842
3.07499727421
0.982042293996
4.58110045642
2.76907953527
9.39266328327
4.57829049602
1.58755685319
3.95545252343
3.11607599701
4.02851995081
0.898750669206
2.05826845486
2.84572485735
1.71985497349
1.67784626217
2.77424007852
2.57983219437
4.74319131975
0.783431542921
5.23360828438
0.228287966573
3.83613977802
7.18404899724
4.02477530437
5.58984524308
1.92645082995
3.79200620903
9.33254790306
3.79663779237
2.39109010698
7.41433222592
2.74850502098
3.57747743349
3.6698276492
6.72094016057
2.15940274578
4.56457942305
4.61432527995
5.69733911613
4.50278144772
4.87855655816
11.9364197897
7.62080388423
12.9577753684
2.80774779891
2.52214234276
7.57599232532
4.69525457348
5.7536091425
2.79378958658
3.84655502439
4.78952273913
4.26402337826
14.556520618
2.25806767383
6.30908169399
2.85599224915
1.19335898253
2.20861145895
1.85887026228
5.99841760914
2.46178090433
3.58100639563
3.27747695474
5.61574932188
14.9391504172
10.4656800875
9.73619586322
1.53488723747
3.89604380634
5.22099335771
6.06083204446
6.38695919776
7.7173002506
3.94204430887
10.0403573862
4.89141736738
4.54844341846
7.83111582347
7.30252265581
4.7970312417
8.56210062839
5.47895604337
5.64428947674
6.18180439388
3.61057553277
5.00403104885
7.16232271236
9.40497908765
6.42876835493
10.5139796524
7.86603133194
0.979574281722
2.00996135548
2.80890493881
3.75919104554
5.9196627643
3.54930243228
4.66750957654
5.39099206502
8.16029307293
9.2116801776
2.10328922793
3.39590131538
0.126976661384
1.67373149889
7.93166224018
3.91531087994
3.45456765237
3.3620026242
4.57456633775
5.70268559176
9.779466887
1.40672340256
4.13059399836
2.231320836
2.95367200905
3.4665275868
7.72749029263
6.32361784112
9.02188846038
2.90158777265
3.55565908644
8.82149643684
8.1619462939
8.793306401
12.2483071368
4.26225897809
3.64860043983
3.12417912803
2.87931830093
3.30675528198
2.57840168325
4.81449265504
4.00103985984
9.92452854058
5.3831881017
7.72379085422
4.43267067568
3.38887394132
0.10470826237
0.497645155177
3.54452381155
5.94082128257
5.70048903796
2.09131829508
6.21562797134
7.00155588146
4.97615169373
6.17294226994
10.4944028722
1.66833153006
4.01937539119
21.9788118124
16.8868228416
27.9444194697
1.77670572931
2.55661991076
3.12239003531
3.94211453944
8.25232771365
10.7350532198
25.2355015448
13.535107806
1.86547162395
19.8314914666
70.2534191981
12.1619811407
8.81164451223
2.30220078654
1.26834271976
1.59990816517
7.08913920308
15.8256256299
16.1173196845
5.60828897427
3.07928438531
8.81195083726
9.20549112454
42.3167096459
2.66826229682
0.375753099448
0.923377516214
2.21062447503
10.7618881222
0
0
