0
0
5.90122582763
0.514458950609
0.764592215419
2.16729734
1.18770919088
1.6170058815
2.37444405816
5.3528727995
4.28472761903
3.68672406813
0.787478335202
0.956758947112
0.335738866706
0.246452212334
1.67562701553
1.40684431791
1.37778483145
2.5944018364
2.2214187379
6.29782725312
2.77670176444
1.25832378864
3.61843244056
2.24131242931
2.90973822679
0.658647350734
0.640994679183
1.75632521673
1.5851820244
1.54301974736
1.43760110554
0.388793061953
3.72564464109
0.487421043217
3.49843143928
0.297733634827
0.900827936654
1.51009203284
2.72987522627
3.18405079201
1.13077738276
2.17180965294
6.14717855304
2.08523113653
0.892186992045
8.66821540915
2.41147049726
1.98380842665
1.79937484249
2.72534777271
1.66287503112
2.15821058443
1.77402851405
3.86627412261
2.53333195654
1.97827009531
6.87368815253
8.58169964637
10.0094615349
3.04807448236
1.78448234644
2.51233354089
1.4053269646
1.47257631063
1.90587500506
1.43741619121
3.23589161504
3.96206744993
13.5002126079
1.02938621829
3.30003081201
1.97516933701
0.669749144465
1.54871151078
0.811636940169
1.87034688471
1.35729768779
3.09292407613
2.07991784462
4.81662484258
10.2034174744
8.12140752142
9.70021651802
0.893830444897
2.86108236853
2.10180629813
2.58214501254
1.50204957119
4.99043307931
1.82991461921
5.02753158798
3.24875497073
3.60103202285
5.90363866731
7.1197287743
4.98903900245
3.79857004969
2.16328423773
0.704724879935
2.59782622987
1.72445967089
2.78315967403
4.08475599741
8.73255386198
4.60723492142
3.20932951197
4.94784186315
1.03104445711
2.88920385612
1.15030997689
2.43518116139
1.90354262479
3.69155094883
3.39070219803
5.48414619453
6.70036059804
6.59792638011
0.457331284182
4.97995072999
0.167597187217
1.27754824731
6.26100527396
1.47017507476
1.60926439438
2.75923485029
3.68979771365
3.18912153016
7.49564666324
1.03112401313
1.88233778183
2.67631072941
1.93364116037
2.4173556919
2.84338341129
2.17339868649
5.41380245611
1.42047558562
2.24672091566
6.39342495729
5.46772601129
6.86401648074
8.6835423559
3.0495621115
4.69204438012
1.93392934161
0.300657559594
1.51749374717
1.21545736794
2.69908123463
3.02772129886
5.03579026437
3.63696118747
9.17829860142
3.51257072948
3.07155627559
0.459890795872
0.00704452767968
2.05117808282
3.28967765369
2.33498067781
1.20961305802
3.91653487203
3.27454548434
4.56411102507
4.31243688357
8.27644458739
1.44701496325
3.52142269071
8.3315481171
2.59702663602
1.96635369677
0.0972906202078
2.72664659005
3.64949449617
3.07314335927
10.2190406919
6.52734893514
1.9071717672
3.46603453835
2.35601007857
2.0210905401
0.647638387978
1.50690366514
0.296459121397
1.28625259968
1.60538451327
2.59218958952
2.00305146934
2.84347431967
7.96014403854
2.11818258424
0.407539067557
0.29035857151
0.108684710693
0.916427793913
0.954626795836
0.89439068269
2.10143114347
5.22147032106
0.160655947286
0
0
