0
0
4.70542913675
0.365027527791
0.895689697936
4.27217110049
1.29349562502
1.28576287685
3.39626999921
3.44893382606
1.52799664205
2.69508625881
0.700604631566
0.0903583465843
0.361604946665
0.407240804285
0.676309426897
0.794015287422
0.982704804279
0.725336965639
0.761248024239
2.33609617176
1.32441347383
3.7057737112
9.93971681246
1.46982745593
0.340588727966
1.09204533824
0.749263322214
1.28290117346
1.82395596424
0.651301166625
0.66701491375
1.63337116502
2.0212362553
0.480409724987
2.65016214934
0.681863702368
0.675637912005
1.70614071609
1.05564642278
1.55671183462
0.818011546042
1.2209837765
2.11573564867
1.08915408398
1.42586058407
3.60446237866
2.31209161284
0.950931499712
0.486262514722
2.00666746026
1.25762522896
1.53439056221
1.4855032622
1.15539625427
1.75422621786
1.17692426417
1.9966694524
5.83034787182
5.04322645068
2.27502483747
1.56085823674
1.44567979808
1.21233611554
0.58770292619
0.99437773996
1.19195063272
1.07835250627
2.45727464487
7.21020234318
1.83579300833
4.78128856426
1.7743032251
0.519789091777
1.40867568878
0.890232373029
1.0467542354
0.379178399453
0.861271557864
1.46239137813
2.9126117113
5.01227117795
4.84452864062
5.00957111502
1.90336481342
2.63671385916
2.87397813675
1.41841742396
1.67299269512
1.79238427046
0.850722770556
1.72501612455
1.97740794905
3.87398751662
3.84059005918
4.91649178462
4.18718935084
1.74442208582
1.85712489625
0.653350166976
1.39245890686
0.368529292056
1.5077849573
1.79619102506
6.17187928571
2.4022686322
2.21933041106
2.58434395073
0.865899890196
2.58674084814
1.09225951228
2.88249172084
0.602179138921
1.31630303175
2.44529727375
4.06494183
4.43752127851
5.03564286348
1.91784304264
1.8385664355
0.291787154507
0.952724822011
1.72873611364
0.672239623033
1.09706724249
1.52890153357
1.66714034462
2.35552008287
5.17580393632
1.12364809448
1.10128125316
2.16338504798
2.89635662385
2.03804882336
1.78164320625
1.47891672899
2.28184786206
0.891071548453
1.44337168895
3.05615079962
3.40962779871
3.49512311839
4.53341361787
2.35901644453
3.8305906076
2.46522589365
1.49463405367
1.16277883761
0.360351446085
1.24723692518
1.19363283925
3.19062111573
3.42846852262
8.88462967053
2.45605314942
0.667761275545
0.611428336066
0.11300434242
2.2555301484
2.71007004147
1.25524758361
0.676007169881
2.10166520532
2.7734555332
2.24515073607
2.60155589506
6.86046384275
1.89834306296
1.95194269984
5.63488119654
0.236831225455
0.620898794848
0.461629023193
1.42495563719
9.73657016034
3.15934618004
7.2936189808
7.32526830398
4.58585680625
5.38306387514
7.31786162074
4.68408828182
1.04840678722
2.52483061422
1.146458067
1.16686877143
1.13611030532
2.04188701138
2.72826582193
2.24343947694
8.94971039705
2.99342496693
1.8479011429
1.01332245022
0.475729883183
1.6647558026
0.555994695984
0.768118444365
2.13270457694
0.635397683363
0.146247619763
0
0
