0.0
0.0
113.601109743
5.64248927683
19.8983062506
60.9368272963
35.3934565438
49.5684018842
66.726070404
123.318907522
85.6095545366
81.6205082909
17.9436999075
9.43667706103
1.84923284082
7.47682768106
21.6962557537
31.4261725992
27.1795941554
43.1668953058
16.5826618709
113.787212631
42.509415619
25.5769243241
165.096806031
51.7823026478
53.625447169
17.6304645063
16.5672566593
34.4177070559
48.3148829899
21.2849672064
16.5343164336
9.82141694426
62.9711889456
17.4332841067
50.7491032853
10.2766074333
21.2542813844
43.8468763457
48.2014705762
54.6866121199
32.0438114964
39.782832954
106.108077211
29.9664454814
22.8238722235
150.875907677
47.504637709
29.5222285186
31.4378097151
40.9381384793
34.1193611054
49.2874404907
34.2127552294
52.7514678434
48.5577311232
30.0389895346
118.807170063
174.261541639
165.802567846
67.4720841694
25.5550979935
22.8169313371
34.5009308774
13.0804646756
40.6468818168
29.7502037287
69.7473027929
75.9453678941
236.741008971
20.1284904596
104.926154103
42.7091882563
13.4396203584
26.5283327849
23.0610014889
31.6947774588
20.5915712253
52.7389415726
38.3733275011
100.014535692
136.157937124
135.104326542
211.218977228
36.5309543162
80.841513325
66.6832965463
53.4360931464
25.5420691968
59.3568579806
28.8376199695
76.9568706751
66.5466482566
102.565499559
117.618543109
117.22006629
102.166637421
47.3055098578
45.0011564345
11.1988065317
41.0237102789
24.6473698193
48.9354334824
70.5773790158
209.103015916
59.7505150774
70.9538640864
96.8336952701
21.479484491
69.9873073027
22.6662435425
47.6531789078
39.800788343
73.1909294966
63.9227129986
113.854901925
104.79971394
153.509576306
38.9484149515
68.4334321255
3.28358415607
23.1489074375
102.745731591
22.5542415306
20.7593171666
44.8142560982
64.6166042647
58.4968578984
152.469616095
28.9249235597
49.495677173
55.2893565456
46.1548558978
56.2480064482
45.811084705
48.350984238
80.1869780599
30.2504814415
33.5080705471
118.472237147
89.2329328219
133.124426717
195.91485212
64.138932377
83.5083343097
41.8287523901
11.3663440794
31.8948735149
22.3398155272
39.7704679147
42.8705495652
104.809604086
89.6586333658
231.865028431
68.7215426086
22.614349308
6.99279229994
0.605780035258
47.3677757642
50.2866356671
43.7063153609
35.6686039399
67.8271464324
73.5712609906
79.3861932902
72.9929684959
215.816424608
41.889460422
81.7956558466
124.087819755
24.1646718197
73.7515583568
10.3820533322
48.643334113
102.703598544
82.9569676594
183.467887726
192.386661563
32.4712619261
105.741479516
189.087844578
55.2460068929
12.9283790141
40.1804601252
13.945255816
28.4057524166
41.3098237663
82.8902934418
78.6340181083
61.7529924475
226.932768725
51.5452859179
33.6538647338
7.91575850873
6.89248990082
26.2171361222
20.6340584904
16.7029423714
57.2240278087
36.5565512347
3.85471772309
60.2200000001
108.37
11.54
5.95999999999
0
0
0
0
0
0
0
0
0
0
