0
0
0.741233589128
1.33233820071
0.646028921707
0.417360252701
0.969658745453
1.58982235938
2.13518588617
3.54083907185
1.94953335903
5.32610870525
1.16258618585
0.96216108324
0.305224526674
1.73110910482
0.327963248128
0.516503263032
2.71038972907
2.94798191683
1.61687204149
2.41441546287
2.89477020176
2.67107603699
1.46415479766
2.09113640897
0.550135714002
0.625805756077
1.14844597026
1.46759931091
1.52476100344
3.37694822007
1.32357130363
2.32310479076
1.45825175889
3.02510589454
2.82666702801
0.67519052577
1.23146602226
2.04917287827
0.403231982957
1.23302599895
1.54475080548
0.733503278811
2.98574841442
2.05254173512
2.61760557059
1.30152578047
1.84132929333
2.90047660528
1.48155946797
0.863631573273
0.724920244858
0.93403054704
1.58387348591
2.36117750499
1.61863628961
4.10503683332
2.32514978177
4.25637196214
2.32056289515
2.49979984527
0.847171249916
0.493446785549
0.650203095749
1.1138988639
0.827843254432
1.80517798068
3.58033309132
4.69248784357
3.65355203359
2.1527948064
11.4074386428
3.07548228558
1.65634151082
0.706774957478
1.14614429325
1.29467661679
0.663999620825
2.47682980914
1.56796335045
3.96943960642
3.9052824988
2.70833612792
1.34462879226
1.59310354944
1.5842046293
1.94217332173
0.459406279027
0.386194254039
6.81920363719
4.27109622234
3.52897731215
2.25317795342
2.6647549565
4.84075819713
1.63670618716
0.745765828993
0.542134061921
0.506477735937
0.0296064184513
0.966791396961
0.827949593775
0.74885603541
1.40876656026
2.15019557718
1.23930172622
3.16015344812
2.15272571472
0.64758521691
0.954878551885
0.611393017694
0.2097390446
0.297704130411
4.34347461339
3.70921956538
1.54032991966
2.28506471775
2.7709300071
0.885923655471
0.742756068707
0.0607706587762
3.17717721191
0.666989540681
0.387433168944
0.12016574631
2.55148811045
1.20656405133
0.704955654219
3.9065805953
0.79073968716
1.38090705918
3.55742721446
0.971412377898
3.91864913778
0.496086205007
1.44098499464
2.35738453455
1.68549803225
3.0393262743
1.96490891837
2.64306190424
1.82775862608
1.92971803667
3.39218290709
2.12813478149
2.26134690177
0.281672717072
1.19228980178
0.334726355679
1.49526294298
2.0420389818
1.3624336517
0.948865185841
1.69703943422
0.893282770063
1.48155793827
0.329377755523
0.00320498179644
0.949999482837
1.8402126357
0.767593798577
0.720707273344
1.5811783988
3.53631601948
2.4743209146
2.89406814612
3.01143732294
2.37965034461
0.987106666318
2.01057094894
0.612618983258
0.638977873838
0.111249765774
2.93873001635
4.10532128101
1.55610138644
2.61211119546
2.92665838124
2.51830424584
1.26205737196
2.09069744695
1.14199906029
0.636332208291
0.916529692826
0.620702486485
0.98884193768
1.6836041389
1.62584977504
3.22228483623
2.41450343339
3.69435814419
1.50358943664
2.05935263261
1.00322186679
0.472712137504
0.519299797714
1.58740069252
1.3707640731
2.86607375322
0.90107955155
0.679392982274
0
0
