0.0
0.0
33.6068625413
22.6202916317
15.01079759
13.9708328582
21.6195483953
48.4605717547
70.4674301148
112.244742757
51.167264549
123.254341114
28.054288879
26.7996013351
9.05481067301
40.2181895635
4.37344374089
16.6416771636
73.6249653612
70.1375354604
37.4034530539
82.0026016104
116.855561703
57.1623189746
33.0057483874
60.7438081651
14.1838424541
23.1457302058
35.4577775894
39.8846882321
37.5061839139
85.5649444387
51.3397664018
87.0478828903
44.1726534703
61.5231452621
105.359531119
30.8038479946
25.8621364414
42.9985678195
15.9477843451
41.8031815925
24.487970844
24.1126928832
74.6017851233
65.4722637646
69.0430223868
55.4426312652
63.6842318201
66.0045291293
40.0205748751
52.312632719
16.2888123337
29.2443327718
56.6864945102
55.1677105771
37.3804739378
83.5596805886
81.8911584132
123.591888718
96.5001879413
80.3551861346
26.7920017318
19.5427558757
11.6364732497
24.3824372292
26.1492675394
50.1942508975
73.8482752181
121.113658905
111.506609333
62.458800355
271.878322457
85.7133744545
24.5761303157
8.01367118395
23.6668462604
25.4155979789
17.1594968922
50.558598876
41.7322340906
87.6831260947
119.17009373
68.0409290688
51.7113854076
37.0238477177
39.3283964618
30.1398717602
15.2365937331
13.1564711854
133.215146843
104.322507474
74.109240437
52.9642027618
61.8222947102
127.564834049
43.5421808506
18.0553134754
29.404868737
16.407409966
1.21596586704
27.4134803731
15.5370539865
28.9314224347
37.5750902352
68.8364923848
38.5238885434
72.9332400374
72.963286242
16.8111602236
42.6879259574
14.6257916149
5.71804585308
5.29610073566
84.1514787223
74.9772066773
56.7995290538
47.1601980497
80.3102457365
18.6630770168
18.0690204352
1.22676050663
94.4134386079
15.6949041202
1.8142885007
11.4018592201
57.3896081038
38.334801972
24.2798004226
85.880556157
21.3685222766
33.4606999531
65.9173540994
29.6113123409
100.935692892
16.227628496
24.96688947
62.7913388237
43.3525802158
86.9248739203
46.335797891
73.1585332188
64.9859531186
31.8230811619
67.6357879042
37.9944386054
34.7063374961
4.0362384785
24.6928471913
12.4789042622
28.7608029173
47.9979639031
43.8335901602
20.1152855242
44.2527161362
20.3138547689
29.6440871078
4.83332474856
1.63441997766
23.6714351624
48.0100881458
13.2496869229
17.7224127911
34.0135730858
96.4996058755
55.3538375796
60.3203635699
88.390392389
55.9885905907
22.717048754
68.6174738503
20.6033884138
20.9164626002
4.3496079035
61.1693143174
71.6027366705
75.0283588171
61.8754238465
73.2471503746
63.2340223008
