0.0
0.0
18.4528072514
29.9069937096
15.1546917558
12.9206449762
21.6980815586
39.2863541208
60.9118770026
89.7952412926
49.8159259781
125.759961426
26.775427686
22.5262298137
7.28992827238
42.8452471308
5.55925172568
13.7059210874
76.6407453557
65.2786466741
38.1172405555
61.1869383641
81.4942137413
59.5346981585
28.080684079
53.8192979693
11.9806915526
15.0024342388
24.1178959495
38.3662076122
28.4454227966
90.806912586
37.7586379889
79.160953369
37.3725948559
66.3002706449
84.8600772768
18.8275816608
26.8237184453
33.4022020697
11.2321427465
35.6028101436
33.1844375878
17.7514468124
77.5361664137
52.6184006297
62.7215331775
30.919862587
47.9291896596
65.1724314317
37.8880923036
23.3488749247
15.7689584205
25.4987793156
42.8843729594
57.5050746425
38.6678174882
84.868485013
59.0295249446
113.991206132
62.8432092871
67.385219101
21.7185360831
14.9830816872
12.6115509868
27.4202411407
22.0828394294
45.8653903277
87.4713978641
119.107356101
91.9179326054
51.2395256014
265.479663485
77.7347844019
38.7187829465
11.7864424288
20.1786436841
29.1307469532
17.2837209776
51.4862094595
40.5265639848
100.733036689
103.284351803
66.2327844948
35.9253869801
34.9146931841
38.3815629166
41.4622068442
12.4869971573
8.84744010307
154.371101562
101.067391897
78.3726295754
54.2973833309
57.9614828993
120.288510024
44.9059622494
21.8490599915
14.7782174349
12.0661806017
0.550127215682
28.324132327
16.9047109648
20.3837268557
37.3742810189
73.4287503139
28.1400677561
68.640709919
61.5891434345
12.6948064417
24.5217569544
12.595136717
4.15789677948
5.27827012538
101.562254059
81.9504563772
36.8449561462
51.1066090687
68.138058493
23.8864563815
18.5100844237
1.67747812718
82.2917819693
15.2087294916
7.19267760962
6.03947975858
60.5691650784
30.5745932422
17.6461098343
100.108918078
19.8354683965
29.9285347034
76.2486319262
26.3319481238
95.8978934033
14.4572164714
29.16742263
82.3621688784
39.8084113375
81.6843176074
43.9645605235
60.8048888203
50.0264513791
37.7898145337
79.2946699262
40.5242572949
42.6938379965
5.50706195926
27.7118508797
9.12286687642
35.0373822302
46.0382231119
30.8249416015
24.168187236
44.1433915486
19.8148087808
33.2714067624
6.9326096177
1.51109952433
21.8153934872
38.8525205254
18.0947034806
18.3058972098
34.2183790282
92.2243466378
59.8427566589
72.9689799667
78.8954187389
58.2388074893
26.1877888498
61.3137534912
25.0805198467
18.6885551009
6.41722070798
66.0170342177
105.911523487
53.467879057
46.72708527
69.9828462749
59.3848660318
