0
0
0.733798382804
1.5295991482
0.739660724998
0.535694922786
1.13258357625
1.87740379432
1.83546413202
3.603303649
1.95085514779
4.9814045059
1.4234396033
1.2517872788
0.197356676683
1.64544457383
0.38798577385
0.573942271993
2.26824880566
3.00196928065
1.83253479749
2.37000117265
3.04898431338
2.57659259439
1.66314879782
2.1514713685
0.591465157457
0.551113892347
1.0283755227
1.57884529419
1.28751082812
2.71331707621
1.43066266179
1.94041044824
1.52748394688
2.76433193125
2.61070459487
0.699112987379
1.26163630746
1.964082052
0.436356550083
0.955271440558
1.38217440899
0.757023861166
2.69837481529
1.85171108646
2.65815333638
1.02422660356
2.05069615785
2.92504713935
1.30944535555
0.913220511982
0.67583296934
0.895858437754
1.4375901483
2.37407696573
1.92189061688
3.63904807967
2.78011496388
4.79651493602
2.37056021392
2.31631455361
0.849477400712
0.283972564153
0.69572930783
1.03547830693
1.08153829724
1.76294117747
3.56417741789
4.63889037026
3.53604648495
1.86670344695
11.0760629288
3.78875254956
2.22944836505
0.726220434532
1.11330920365
1.26622528955
0.629916330334
2.5409261426
1.56930965406
4.30837482726
4.29707596765
2.15483845258
1.44159835484
1.83842487726
1.81332777592
2.07001064345
0.559815235436
0.488375181332
7.51593605429
4.14601416513
3.49066406209
2.3481473783
2.50466569792
5.12728559732
1.71565635747
1.09285809705
0.519147574902
0.402718816651
0.065603925148
1.06140685827
1.13380777836
0.685527031077
1.6648996803
3.72250103147
1.18851095869
2.94073753059
1.99119047937
1.08201271528
0.985917846672
0.658850640175
0.225041579455
0.592920124531
3.77986686223
4.2709005631
1.7637113831
2.71591081982
2.55446133181
1.14540220425
0.514123350382
0.0966687351465
3.30492711999
0.545727803372
0.464338377118
0.0339641021565
2.88240519178
1.26083871815
0.725277784048
4.12645799108
0.952802561224
1.42053110246
3.51049570274
1.01144381147
3.96738075744
0.532752884785
1.40335258096
2.29864621907
1.93909462815
3.15986092202
1.73593822023
3.05103783426
2.01860772818
1.76772371912
4.01906274771
1.65670004487
2.31576973666
0.266127646435
1.24350590445
0.357522213249
1.37897514738
1.32674257224
1.62542010495
0.817520548124
1.81758442894
0.685927474871
1.43682767451
0.322203125805
0.123220839072
0.961187223613
1.50224679336
0.875541191548
0.730815243442
1.68742361199
3.52246526536
2.55430023512
3.01887246594
2.99866655399
2.34638261888
0.881234674627
2.38748176202
0.986519480692
0.839316359023
0.363163186121
3.34993217827
4.82377873737
1.89717737213
2.58599186642
2.75879834988
3.18935109489
1.36777008645
3.67302392173
1.42499901075
0.812549306604
1.46981443511
0.798638494685
1.00327050372
1.90827793186
1.53958257101
3.75380375399
2.16959438147
3.82037086156
1.45415059756
2.0365641173
0.787940521259
0.900607351214
0.300004235003
1.54227698687
1.76781455614
2.77102765301
1.01654652506
0.868384015746
0
0
