0
0
2.28733505309
1.86423647316
0.736611467786
1.24757559411
1.10221355874
2.96241539321
3.70241090935
4.86023603729
3.86147126416
6.17555175198
1.42735757027
1.35501649516
0.299844128836
2.17623769864
0.168720141053
1.54417907394
1.31372964592
3.73080076231
2.20392437815
3.98125037365
5.95066121779
2.41997099074
1.4219050816
3.39302616194
1.07868853956
1.53571076249
1.82780836732
1.69204447413
1.884441562
2.79089932842
1.95223070402
2.92402818217
2.27369190753
2.22623969987
5.5632187617
1.34460049623
0.994241341657
1.91260889592
1.6181550473
2.7050454584
1.34613977652
1.29124325048
3.93585738493
3.392517398
3.38185952324
3.02355645294
9.60267954133
2.50000925642
2.20135051105
3.16920567979
1.53374158102
1.24599635508
2.51431136002
2.86399920756
2.03908688878
3.54370172299
3.6147724879
5.90681707172
5.03965052404
4.30227098241
1.15180435125
1.19481531013
1.05646442401
1.2344734855
1.20938410971
2.53251806879
2.89602965256
6.6928230729
6.40947580244
3.1761457728
10.5694488945
3.68371919624
1.03034830681
0.626324742101
1.90899449959
1.30464276765
1.11746708071
1.75634122407
3.68331307545
4.07804879639
5.72494254913
3.03706980869
3.20203329949
1.19838034129
2.21620107163
2.81518204091
0.964646527078
0.665536517277
4.20167117612
4.20402784809
3.43776552752
2.69160481845
3.55590262357
5.27867980552
3.13056120992
1.01129951148
1.25414899085
1.13706269488
0.136161042377
1.37979800487
0.956360673998
2.28277425992
1.6863026924
3.63067462982
1.59840435046
3.43163653114
3.33818640164
0.928236827836
1.88578221033
0.755045189988
0.234928787802
0.152083098888
2.76882938272
3.02967591025
2.58368479909
1.66031377483
3.71365082264
0.918161808047
0.836868554354
0.0966665446758
3.64224558172
0.864289687714
0.348423808813
0.417745209299
2.50079145801
1.75631374354
1.23249971773
3.99994088244
0.977442726493
1.57033359073
2.67215246859
1.11976166256
4.20711945812
1.24102043826
0.909149312996
2.66046436317
1.99663274921
3.29064948903
2.45999668073
2.92090724548
3.07116505003
2.24606081215
2.28066262766
2.37049676501
1.62243960143
0.343221176416
1.16925933619
0.503998987377
1.18636005919
2.08123224927
2.16320007714
0.89102352428
1.75813136762
0.938115649857
1.18179836078
0.108856461011
0.0
0.903971207328
3.02487795395
0.316893793992
0.972514396068
1.46749089425
4.09039167687
2.0299499851
2.88912144164
3.69772416132
2.21625162195
0.786696704687
2.61515905708
0.655535568912
1.23604499549
0.398708698107
1.67865190562
3.06384526286
2.03996869281
2.17913179146
3.67273158504
3.01252397499
2.18947272003
3.07835735008
1.31208868674
0.557177759707
4.44981857424
0.438089914154
1.44608604279
1.64230099285
1.26980814617
2.13190366235
2.6932819325
3.09861438663
1.27367543988
1.8572890677
1.03828161955
0.150016968371
0.78019875288
1.40353387967
1.21026812447
3.02976525016
0.738214744662
0.915689380839
0
0
