0
0
57.7263050974
40.5315964222
28.5946911425
30.0281181782
32.6891121883
64.8851174935
88.415439371
113.666678745
83.8773926942
135.50246929
42.594761515
34.9626317513
15.8995127874
43.7098870855
10.1508027837
35.1024714298
26.7198647568
85.4318585302
50.0033481703
92.8643815555
143.500301734
46.4627967984
42.3495880673
63.4312351718
25.0900291354
42.1975341439
51.1327467262
36.1588255651
53.261609394
36.1335999593
33.7530657091
58.688621035
73.1471090242
63.300579395
114.916692004
30.7003630846
31.6486908271
47.037942499
45.8440605146
69.6090983861
33.5527091323
30.6695489623
121.394140972
74.4005992637
64.2671594078
62.1249773678
202.995013721
39.1710021122
49.9669967434
62.0365857036
47.1554574576
32.4777071849
50.8352845651
62.6733320388
45.4609535448
90.2907875722
88.4457994514
128.756535153
110.612547046
85.4348469972
30.0206184089
63.7471634592
29.8130627609
31.8632092327
31.7406410621
63.4066629494
65.4606108739
151.811403584
150.023416755
62.085098628
235.984864779
83.1310673654
15.3313500881
23.2403479815
42.7204935886
33.7442007288
27.2886037901
46.4432695526
90.5587903932
107.725215286
137.941446022
77.4980537129
73.6013676245
28.0255253544
46.7294782082
60.8725679554
28.4371330217
13.973695457
68.8172434922
99.0347966887
72.5339503716
66.3870615475
79.9598520007
109.755855588
47.2444580938
27.3417803942
26.7497338056
27.7014543581
3.72113838046
30.6932704188
29.0255645122
57.3640282675
36.2420548406
101.13248201
52.1167949662
64.9743255742
76.8386470418
20.4547611661
48.5111442804
29.2159529357
8.35453513452
9.38453573362
53.9194747546
72.1947594072
59.216691901
40.6861041449
91.1207980262
27.095166631
25.6402008533
1.21764037013
91.710609593
16.8097718898
16.9649376869
12.2164780944
51.8730476071
41.6262632549
33.3938608159
111.812682102
29.6404539048
32.6909258254
70.7305950062
42.4543646201
76.7242750289
36.145844305
22.2111559035
70.9811785073
45.1473103025
73.0569456852
69.0229338984
61.2544646412
77.9960425306
53.6128925978
46.8869688156
49.3290834278
47.8670016574
9.69614972268
23.6259609796
12.6282145092
27.376213476
60.6436822246
46.027805549
23.9930480719
62.9305752778
27.6406144985
23.7372363992
3.96890400862
0.0
28.0645464509
71.2405577974
12.8048888817
28.4962800221
39.559235394
99.3897286466
51.199590757
70.2626997074
97.2363457032
44.5729212658
22.0374357998
106.234659378
17.6901489661
33.7352839121
11.3326561795
39.9618860856
89.4690000139
50.7688545389
61.0424231551
89.7325433436
67.6710595229
62.006393982
94.0809034332
46.0136049566
20.2624579612
24.9461432844
15.6950874645
29.4422673638
38.7058220431
28.7473891397
37.6009188518
52.8597660922
82.6172584836
40.6423848924
50.7238837342
22.8056164496
2.80996246262
28.096635215
30.2709685342
22.2020970695
67.4865946994
14.7111140639
13.800712198
65.6500000001
15.74
0
0
0
0
0
0
0
0
0
0
0
0
