0.0
0.0
37.8717511577
28.5127690248
18.6675829589
24.7558531164
19.0515408609
67.8240984343
81.085581313
118.282345343
64.5716135614
123.000445025
24.4049876304
33.4179871548
8.71252790093
41.9502782508
4.5810712818
24.5385221551
53.1325128401
76.1863475573
41.1333328709
91.5577143878
97.7541362642
60.2799060233
35.3978280444
80.138300783
18.4728538021
33.650404824
32.6754276305
40.106296789
41.7345004567
72.1326999442
51.148119852
81.1701068693
51.590041495
62.2479729653
115.138818886
36.1611918602
20.6583575495
49.916839242
16.9581936858
50.247572651
29.7058942169
28.9232764822
78.4895697758
82.1346890777
74.721439884
65.1968056205
85.0745899826
65.832257575
42.3803431838
59.8704408418
21.9777666209
30.550275799
71.7225257568
62.9492836687
47.6491371096
79.7976519317
75.8175734282
126.482315205
108.512387507
104.063908651
26.5169994737
38.7554204882
15.4698882638
24.4656476676
28.2239165158
48.8642206039
65.978394967
135.099138983
140.251950366
70.1779196794
271.656977249
88.7785461434
22.3400818147
9.90572151727
26.7335374207
28.9885528498
21.2677158304
49.1920143665
43.5972569213
90.6633585691
125.848901935
72.3460838338
68.2803336103
39.2528741131
49.9341997224
43.9023405722
16.613443695
14.2354528159
118.062531419
108.377701711
74.7354121058
52.053593561
64.7177751883
130.658983726
76.3455023441
17.6571646691
32.6050553172
23.2880373895
2.23125815392
27.578244655
18.3281200924
37.0822527715
43.083561839
82.4982012101
37.7571050268
87.3963569062
81.9160255306
14.9076983146
51.9775566012
17.735168919
5.39787072782
5.6139589548
84.2458666284
74.7887782445
50.3509568777
46.8670519721
70.2134238034
17.7551278565
19.0627869777
1.56548380852
89.8495718138
20.505841779
0.595977433025
10.9698744533
58.4519112838
40.3656563311
26.8970328235
90.8838636427
20.4545544237
35.6459188387
72.1708902139
30.376172455
108.583757521
22.2465162557
22.7342075589
66.9633096233
42.764141053
84.2752681152
48.8312190185
64.3458236196
69.63773262
41.8603714294
70.8137410507
40.4938842895
31.6021365245
3.50170520693
27.7404310406
13.2706045434
28.2697254046
53.5479984228
45.2235442231
22.6224117167
41.436470965
23.1164866872
30.7755973375
3.61920860131
1.63441997766
21.3662617248
56.197220874
13.8072542735
17.6197527288
33.5231611356
102.195483796
46.9431258458
65.012343126
81.8640468958
55.9998863143
18.9558829749
74.6880920513
24.9536169943
23.0628674682
2.57841309578
48.3303143306
74.9477208602
53.7744027972
84.210810408
85.2470913492
50.9028772675
