0
0
1.50658871979
1.09270053962
0.632978877053
0.559215794317
0.877696560929
1.76823673467
2.86174540408
3.81592853763
1.89779736474
5.14063891047
1.0223309854
1.0591215454
0.367314169183
1.3443159333
0.220138275065
0.572781238705
3.59151335433
2.57368349703
1.7718187049
3.03326862119
3.71580263029
2.00051106513
1.23610004294
2.31664939597
0.514070034493
0.818627165048
1.15243047313
1.75555305416
1.28895231007
3.99142619921
1.72146904003
3.73301155865
1.5985661489
2.54279199289
4.08258936065
1.03404907131
1.12705919391
1.87045246735
0.520709661767
1.78454664524
1.13421024103
0.813109576469
3.3326589705
2.46063511074
2.62573680305
1.32664043293
1.91739100963
2.62853397755
1.43495098129
1.56397735793
0.663577323547
1.26081707096
1.85448762693
2.31136845984
1.58316362044
3.3235331066
2.74241287448
4.99370000965
3.63214745745
3.17810446396
1.09190771967
0.622282709926
0.448970049911
1.11158378562
1.07244415022
2.05313086251
3.68271753099
5.16591159254
4.02706019988
2.2024141635
10.5384405816
3.37921087502
1.23495935556
0.318686865037
0.983076561242
1.14454290154
0.762537792325
2.02043938916
1.89209584799
3.82523398148
4.52018296544
2.53565905831
1.45753820031
1.37703917618
1.65111279231
1.56571733294
0.521755508613
0.418795518577
6.02567574009
4.39463031339
3.18838849477
2.35785987973
2.48901946342
4.8923023286
1.84126470331
0.807414719835
0.975592948496
0.523498412222
0.0444502681494
1.04157829552
0.657374236034
0.907878315076
1.69810511917
2.49120432523
1.53420577757
2.86533821613
2.83269200195
0.705491044559
1.21093405067
0.571354868705
0.199282157235
0.156282633543
4.04388145258
3.26913204789
2.0184579161
2.08054815407
2.98310191568
0.797229394317
0.775902236172
0.0598242944106
3.89829964953
0.585068116314
0.223269644193
0.386949601583
2.26683104504
1.34792212397
0.911607904825
4.2151076165
0.877460564487
1.27611042419
3.01895968849
1.14937945828
3.54326267418
0.645387244411
1.17205355421
3.20993255405
1.72876696102
3.77056330978
1.74146407004
2.7461997373
2.46596208634
2.07604040857
3.07867377345
1.54770779703
1.56916089053
0.209304219577
1.21569119021
0.540106115863
1.09869321296
1.93001813008
1.40574965323
1.10321895103
1.88376444078
0.832630669698
1.19278872805
0.263575946912
0.0651844305103
0.89587337058
1.84644644475
0.645317291375
0.739604470669
1.42794418987
3.81844469084
2.5129208921
2.98759140645
3.24996497249
2.38822193071
1.00708661048
2.33756621927
0.923219015822
0.740017764387
0.446897237562
2.06739473389
3.48643630184
2.73900550231
2.10983148031
3.31987273041
2.59057678375
1.43575070729
2.74448652193
1.36070714751
0.372284320765
1.44402540312
1.10275928368
1.20803108718
1.63796873088
1.35224917205
2.57448985986
2.69343879074
2.92928824527
1.43566377799
1.87216936122
0.998354508076
0.145612439141
0.375645896303
1.54404314468
1.12097108504
2.93567288108
1.17867124639
0.533882266842
0
0
