0
0
2.2991324449
1.71317993646
0.711248679087
1.44021513953
1.21892977064
2.12611525855
3.93275364535
4.9010143145
3.85984963737
5.94570913888
1.51099221071
1.49015499174
0.330290534301
1.32459817384
0.190766481217
1.76774292253
1.24704506365
3.57034672215
2.19931867009
4.21997615043
6.5537243234
2.06925199879
1.68706175179
3.12934629992
1.09631488239
1.58870145449
2.03281166096
1.48699057224
1.97430179804
2.54842667095
1.78492611088
2.57740808511
2.53597084596
2.03468573932
5.50117366621
1.2437687749
1.1460430345
1.71339420811
1.55789649393
2.47870381339
1.45545242634
1.22309236997
3.84604693204
3.44206877309
3.43151285592
3.19513355161
10.2858857913
2.05150720989
2.17888544872
2.92931115441
1.65478320047
1.35800158978
2.32853330014
2.73660532251
1.93427247298
3.57939859439
3.87048063008
5.60809532914
4.76413958706
3.87570625637
1.24081714172
1.22131317767
1.12546816585
1.35254220199
1.28189328092
2.58064132417
2.87958427193
6.61804579664
6.94520297647
3.18180617236
9.90651182621
3.80735123903
0.873128902167
0.759221321903
1.81020839792
1.26969595253
1.13018400222
1.8700080323
3.66609637067
4.28072916623
5.96957923798
2.89994212985
3.32259948738
1.27328845172
2.08368484303
2.57123730378
1.01180519629
0.598113937303
3.84374009911
4.20913254819
3.17736196937
2.71931380639
3.26005607867
5.08401895419
2.39011933986
1.01650587842
1.12656855863
1.02722626925
0.177736911923
1.37571612466
1.086257922
2.37461773446
1.86614304106
3.6874779744
1.730431356
3.23042453267
3.23304843903
0.805042741064
1.75851900829
0.794107729336
0.358332026983
0.264208814246
2.65009106894
2.97600888857
2.52720241097
1.55734683992
3.85346056754
0.880448690848
0.928355503827
0.0862005576491
3.48450839648
0.859600618249
0.537110626698
0.447018291801
2.36357560428
1.67635136587
1.21367257298
4.23911105585
1.1007626669
1.55506248237
2.83436406899
1.07708330825
3.96016030072
1.51270650513
0.956919059274
2.77478894684
2.06635458139
3.46801069798
2.97018058039
2.79898018285
3.20205470826
1.99029669259
2.14841881837
1.93401486054
1.83428753051
0.369509797543
1.14399479912
0.54357046308
1.12036876305
2.39398111962
1.9741988345
0.979024344939
1.9352917659
1.03296539746
1.04282043222
0.151190883014
0.0
0.875943018589
3.02222808677
0.41930756392
0.961532746442
1.53399778577
4.06990429107
2.00426754379
2.78246231517
3.77593982918
1.99860048667
0.882156782318
2.87575945351
0.646978105942
1.10041398274
0.554956074804
1.59557947051
3.12976821139
1.86370094423
1.93232911639
3.36956733681
3.55524858437
2.54843273154
2.85036615841
1.54499318462
0.645817207638
6.2250213126
0.563404942863
1.41004923452
1.75571853749
1.45501141809
1.97386948578
2.63633469131
3.28373327811
1.50472566672
2.04410912422
1.03728478262
0.254935251549
0.724715640652
1.36679516174
0.905480282381
2.96923089633
0.75953365938
0.706500310451
0
0
