0.0
0.0
16.815274626
31.7829606787
15.7253627814
12.0534697026
23.7720215265
45.9165669456
45.7611650974
87.585059166
46.3217021758
120.009518892
33.2552531808
30.3973156606
7.59728881716
43.6840513498
8.65754358842
13.2773012817
62.7405942833
72.4931966141
35.8558450118
57.3444586694
71.1169434785
65.5600025654
39.3834753238
54.8084320728
14.5903003961
13.5117587526
24.5039075465
34.5484944283
32.6281881365
77.4934721254
32.1577960644
53.5666507013
36.2741357954
72.4326260873
65.7318849425
16.5434764791
28.755976391
50.4166017919
9.7455271231
29.715164263
37.6181471719
16.6781619396
68.9586076586
43.451149553
61.2612195696
29.6042356788
45.9452261477
62.9869393409
36.0517158074
21.2652052212
18.0386501478
22.0382820703
37.6550524793
57.2944415062
40.6995856092
88.2917540688
60.4314002856
102.363824196
50.0722556189
57.7303624694
19.171517171
7.61744339251
16.1474761069
26.2580821217
21.0504436791
43.9617903941
89.6661254167
110.946222871
87.4193431344
44.8465205942
271.075891752
82.4914685861
41.764973022
17.3704653382
28.1207548426
30.8226597235
16.0746474266
55.6525625064
41.6468939614
97.9396727978
95.2723639766
65.6465402395
33.1230544411
39.223983301
37.8385371343
47.9504701495
12.9592271894
9.09422296286
171.98071101
104.733883739
81.242001582
55.7015335298
56.4113537875
117.617725993
41.0178454164
20.947676165
11.8378750719
11.3170728553
1.2528837081
25.2931592837
19.1728566019
17.827175972
39.4788947851
53.231374411
29.4440139122
72.9747374206
54.9092984498
20.1492426507
22.5059183836
17.3420625106
5.21461648027
7.64305758475
99.3721052623
89.9870680589
37.0030135418
56.3102847934
68.9301432744
21.7054050565
14.5087741613
1.42894623801
79.3069879265
13.8812191374
9.32290757122
2.61088305898
67.6374906571
30.1245905813
17.9537509941
102.023260139
20.7914431393
35.6250156014
83.3610914311
21.3476458434
95.9338646928
11.819070546
37.3892881349
55.0408187359
38.5582581461
73.0030612572
42.5856455863
67.0591829074
43.5063436142
41.4614443145
83.7629278543
43.4277315437
57.4739962555
6.98059153742
29.4907724484
7.53438053558
36.0754514952
40.3305384871
34.4484323189
22.147712538
42.2056007088
21.8231930416
35.7232658566
8.41857835651
1.70800522249
21.6438288465
44.1822284014
19.2216543211
17.1199259665
34.8563888222
81.896867819
59.8345480934
71.1628400981
74.8124622298
55.0349467308
23.3939083759
55.5858174562
15.0546966372
18.0141829401
3.51519425959
70.1876573638
98.8648031988
45.0397265218
66.4352852738
74.6701853899
61.6306419312
