0.0
0.0
44.2746388615
37.8103330498
22.4132798016
26.825952407
21.5485281218
62.9272874537
86.915663179
121.198017519
71.4196246193
133.188674368
31.8522544764
27.4583990201
6.12803453208
55.9058868425
3.40541707723
32.6021276623
46.7632563254
80.7117724344
47.501991299
96.9974080212
105.973806784
52.8463510601
34.9174821564
79.1865775286
22.3968618661
34.0559721888
35.7791668082
42.7552092773
45.5566285606
75.8869348615
49.2514766381
69.5439735631
48.6847152715
57.9158624522
129.794379065
32.8032202428
21.1932681911
53.2939463854
39.2269121724
61.2830888726
30.8317293674
29.5706608718
81.40554306
85.099853743
73.3506841286
66.6354069394
147.569601819
71.684035085
46.9665451123
73.3572108302
25.6250018995
31.8692241869
67.0373194296
72.5044577626
53.504939639
83.7760400846
90.845236525
131.700005712
116.212821633
124.982588314
25.9681185185
30.4518533594
16.2812904138
26.9002342298
25.3606681711
54.4482385666
68.758727532
158.499163248
144.226408962
73.1629122617
266.793357122
91.8354247102
21.562020041
13.0340418276
39.6187635809
30.8273811768
22.6897783745
41.699374007
56.9041556417
99.3979112422
130.721101552
72.8051285148
66.8189710994
36.079452077
51.2726480438
53.3529169942
18.5568628684
13.9753872715
119.18852073
102.683101572
77.3913081139
55.3236671983
65.7758664228
128.713584926
72.3812810126
20.4069048855
31.2963338122
24.0975932366
2.19776896387
30.4637097451
21.7900590151
44.780579845
46.137432307
86.9566062278
39.9921364817
92.5112586482
84.3029376605
21.4974369072
47.7093474466
16.620982077
4.57157198434
3.33281922341
73.6753948219
70.6984212511
61.0746110938
43.902674731
78.113643391
18.1169784665
24.2095860242
1.9288585782
82.7075839733
21.3445211314
1.91928250808
10.285818065
64.5194195398
40.2610171325
26.9220796152
91.2927898486
21.3263745122
33.8916563429
69.2264102921
27.115952069
108.437662394
23.0367495976
22.7927007666
69.3218810856
43.5784330666
79.9643485174
55.721936658
66.9802414421
75.147214531
61.2545075119
65.9296371862
44.5059807914
40.9389834338
5.48819815229
31.2428957458
13.2359263077
28.0504997532
53.2178271041
52.2600716064
22.7386620864
44.1321336245
25.9481037408
28.8085899074
3.45808357001
0.0383160850032
21.2442712868
64.3839320988
8.9140262953
22.3870292539
34.4056007489
104.250739686
52.500128545
63.9715213514
78.0786855799
55.6820478206
19.1270394735
89.0968531795
22.705204457
28.1221100875
3.22538318484
39.7897768243
77.7676544712
57.5272056163
70.0800015629
95.1634910926
73.2584481826
