0.0
0.0
28.2431928367
31.9056440033
14.3931749761
11.1436432335
21.2998144906
43.2846985236
63.6060679342
91.3024956286
49.2347485666
118.467289209
25.4271889776
25.0805666086
6.83471176027
30.9239275306
5.4560425356
12.8631992731
81.634745515
63.7991575598
39.8730777708
67.6835990623
87.6559506991
59.3395952582
29.6593164727
54.2626896502
11.8061613143
16.7578914757
23.9829121437
41.0936812834
28.3899912005
97.6492803655
39.5065058359
86.0079393816
37.244612129
63.273251826
93.6766938377
24.4353552461
25.0022075772
42.6702147425
11.4822708573
38.2567389271
29.9862545393
18.314152929
83.4854911565
59.4495057686
62.6613003797
31.3221260597
47.9976296789
65.4516778594
35.4819458126
31.6385232098
16.0503145158
29.9734888114
42.4040901437
55.8309612014
37.1504889204
84.2332610786
63.872342795
116.750725385
69.543106746
70.0865404867
25.1424371846
13.7049828339
12.6991880033
25.6865467877
24.9197328686
46.957718826
87.2899962588
121.650700986
96.2353605288
56.0886801341
256.318262832
75.5442352853
39.2881429027
8.77764219046
20.661852479
26.1105621374
18.9124999791
51.1221632604
41.9375405722
99.6982850935
100.38032954
63.3224265463
34.5144034848
32.9739451166
38.1335302884
38.2289790461
12.4886143506
8.74125458299
143.312507898
103.714348409
77.924873069
55.5141771734
58.4835734143
120.4053462
46.1572583021
20.6703387201
19.4088426232
12.2202613782
0.303983741441
26.211305771
16.7959092907
19.963563323
40.3319966755
54.5106323054
30.5172655956
67.9901123839
67.0802244264
15.3044282533
25.8507615365
13.7885420797
4.68181235342
3.17316484452
101.793101517
82.1126005668
43.8819001922
51.6370421647
67.741938131
21.7391540408
18.6695496398
1.48740430176
87.4323030122
14.1134508513
6.36014652158
8.43080276995
59.1133208786
30.4878620134
18.4103941116
102.763168696
19.5626073684
28.3164647798
75.9356457888
26.6518413461
89.5578527357
15.993522048
29.9519906254
89.5699942634
40.4011008852
76.1851713137
43.0549446204
65.0658618137
56.061001855
49.7180466838
78.3616350218
38.7463432838
40.4261100478
5.11168442945
27.0787823796
12.4385552555
30.6294372528
45.5426195506
31.3026914242
24.945707825
45.692372742
19.4079811228
33.6624876113
7.76734174044
1.51336419582
22.0424613655
43.4924150426
14.8204040676
18.3093054942
36.3650983349
93.2760333269
61.3255001083
73.9723577765
74.5720404648
55.9578222055
23.6992547144
51.8241518141
16.9812911036
13.0365791833
9.32793407143
66.3014672174
90.0031098648
65.1976328194
44.078494085
83.2463470102
59.6788756942
35.1799942889
57.521038279
32.9263473115
9.01526143402
27.3672534674
27.7741714754
27.9336293376
39.6494574062
31.5240625889
64.9297274352
63.4459555932
71.7528928975
33.014596087
46.1449060632
21.3549451679
5.91006921977
9.19789137086
38.9116002024
27.5514198002
77.3277336583
20.3229785543
13.6521823592
78.99
166.99
2.95000000001
0.280000000001
0
0
0
0
0
0
0
0
0
0
