0
0
34.5078973397
26.8145217374
14.7035068273
14.5703461915
20.8180389963
34.9210351949
67.3284112886
95.0421401338
44.8080558869
122.749690703
26.7588158882
25.9457194469
8.18847025932
32.2113109399
6.07796949149
14.4065555781
84.1891279361
62.3585484372
39.039225217
75.1123836972
107.049005985
46.2255871296
30.5945439264
59.6394087374
11.5871870387
23.0364997359
31.9570614696
41.6972307377
34.550804509
89.5585956014
48.8317693044
90.2432858851
41.2247900446
61.8482910991
108.437381465
27.7383373332
23.1256425613
42.8421725035
15.8114603609
43.3946879916
23.2312245425
22.7661045156
79.4625902362
63.6135685445
68.9729546494
46.9055697842
50.2525209523
65.2679643226
32.6009843722
44.6052215359
16.2521055057
32.454161832
47.5801433986
52.2547882301
35.7589933836
84.4441279918
73.1992624104
119.088336898
95.2031946089
76.9971447588
28.4434189322
16.7436712459
10.3084482886
26.7303322423
25.8856156915
49.3865133953
88.4814281054
120.405424029
98.7127458473
60.936494669
262.223101442
82.050279499
29.3833916858
8.00753914006
23.7429002523
27.7017715238
16.8231710046
51.0943194778
43.1956850587
90.5150492638
115.39175351
58.5101307929
39.5478000194
35.0350000764
37.7480505696
32.0246262672
12.4648578325
10.3381764963
140.000832617
103.211629193
72.9871481246
52.4695116878
62.1799718477
125.135460712
43.1961259834
18.3303992478
30.3819009662
13.339438051
1.14173099399
26.5717321337
14.8634933671
25.7048780434
41.077366571
66.2881547184
38.1329524219
71.1469512422
68.0750433504
16.7941860231
37.954290325
15.0294081755
5.91859957202
5.3708846569
89.1002685036
74.6293468104
53.4941343461
49.3434083182
74.2423630176
21.2286347151
18.4189323695
1.27797192335
89.7365073636
14.6632813951
2.94300562608
11.0821904093
62.2019087467
35.5188562721
22.3188664913
89.5099621565
20.6423606593
32.2518275789
64.9606793894
27.9032327011
90.603514351
14.9045937695
28.6062409524
64.1022621206
43.1080363356
86.692901574
44.3056499362
72.0542254219
63.3742945874
64.4397477173
71.542778045
38.9473932814
34.3690035842
4.20284908265
27.4084597639
12.861755535
26.433466902
48.7616965994
35.3959153442
21.284616393
45.8205834031
21.0765079111
29.5111949165
5.68364658953
1.60347265005
22.3918449283
44.3146454729
15.2010052688
16.0309502631
34.9789675289
92.3615266531
59.5371388066
68.6679711341
83.718805561
56.4737901288
23.4940589955
60.3562967441
15.4385302551
19.0987803591
6.06053794361
50.2552630306
88.6243899857
74.2309478448
62.1412378675
80.235598728
66.896776068
28.5515444578
72.8950014934
28.1756167375
9.75652094186
25.3308946229
15.0408802852
31.9902702403
39.7246387164
31.1910128407
57.4928808146
71.2598053445
69.0168952752
32.656010639
41.3652840439
25.9342556381
2.17034034245
9.12316805496
33.7215718032
26.9695922657
72.0316395499
31.1129720136
13.4381437786
0
0
