0
0
1.42615564726
1.24125864345
0.654824521393
0.851071286015
0.876582086086
2.22178856842
3.02379801311
4.74907929916
2.4315627208
5.1128745263
1.06275984086
1.19226646796
0.411326617002
1.78728081437
0.13396830784
0.705889683217
2.94431686212
2.82948506274
1.62589168572
3.54136624769
4.77413074672
2.3371483665
1.48517826572
2.56315425559
0.643024456687
1.2362838065
1.42474471964
1.68269065267
1.66286642355
3.24962746445
2.24782886729
3.3181964457
1.85519504198
2.35331244767
4.57072566007
1.35035670968
0.992396582238
2.08993262425
0.727556944941
1.94061313896
1.13411863195
1.18419249519
3.30325811682
3.24515597289
3.06636564806
2.96820842475
3.05950604781
2.70793371956
1.87300778925
2.43363329035
0.896504412754
1.21858734498
2.94587007066
2.52077201218
1.75200182758
3.3407189073
3.24414007552
5.11451146542
4.55220210273
3.72736363718
1.09080481366
1.19193709316
0.513714921195
1.0363175096
1.21823937632
2.06380087719
3.11496892618
5.35720695416
5.12999866763
2.60992873169
11.2690561523
3.65173498029
0.935409530997
0.352439074311
1.09613542818
1.08767002402
0.891819223296
1.92570747295
1.74084331561
3.651665707
5.17541561928
2.85337689298
2.88546571508
1.59614548716
1.88646515226
1.52564159897
0.708861367428
0.622987711802
4.96784719871
4.40789009025
3.09057755035
2.04597847746
2.71525075845
5.38069046265
2.31535654183
0.671073380858
1.31514983391
0.835839274339
0.0530719701201
1.16228736739
0.678809043602
1.62132344622
1.74964965205
3.08447480446
1.54431217327
3.27036345843
3.04168516258
0.716924344655
1.97460397551
0.718793065986
0.215462346096
0.227978676558
3.41431550222
3.19430702552
2.19598394685
2.03883323469
2.86865100521
0.777402597712
0.724210197572
0.0712981969118
3.80113803502
0.762485603889
0.0341256069951
0.484009842621
2.37409724586
1.66653335933
1.06983330753
3.66741561634
0.920563744381
1.3979210509
2.79529652512
1.30633714749
4.34957671986
0.815463261155
1.13289729587
2.79465630744
1.68912236625
3.6663216399
1.9467192376
2.81230971124
2.83123016881
1.45855190698
2.77777852304
1.50466587907
1.34206813353
0.151587974746
1.12385478127
0.56740838103
1.1732667645
2.10601437365
1.8028690787
0.81907028798
1.72969142674
0.902259753086
1.25369417807
0.132076359121
0.0681008249521
0.965174442274
2.07963365503
0.537372455467
0.81065317255
1.55306184269
4.20705673471
2.22150538757
2.85337105871
3.68757054629
2.3462753027
0.868763919338
3.17482052456
0.864068927243
1.01818986051
0.179202510477
2.12036089599
3.10314586607
2.99817838613
2.6209752721
3.53459795698
2.50020384637
1.36052572355
3.60830023559
1.56483438774
0.40495798178
0.61908689409
0.734016969334
1.36441828939
1.60009480547
1.3318315777
2.59237794403
2.90148563992
2.8099461252
1.33032005886
1.83149199607
0.884277846199
0.11210547568
0.465917674359
1.25997184403
1.00300584792
2.9522935329
1.39673486259
0.486815831624
0
0
