0
0
2.05449179467
1.60836164519
0.780724938377
1.14650241472
1.01459580357
2.93577313144
3.6195445538
5.19319918286
4.12286079442
5.86768885376
1.47085090633
1.07162104931
0.264177583158
2.57158772461
0.144374577329
1.41555153002
1.54746460018
3.47158935503
1.89392039517
3.87202418502
5.74166273279
2.34198009642
1.5142721911
3.2805876974
1.05118668079
1.47450503591
1.89714031859
1.81272347749
1.93808111222
2.93468652712
2.0627468368
2.96072428022
1.95301053848
2.2027534456
5.53046738228
1.34694507479
0.912390144076
1.78364270832
1.64461574494
2.62748449785
1.36660269368
1.23184528691
3.66620115598
3.74253575143
3.19548466452
2.81040592352
9.63344884
2.87195138074
2.23185586371
3.28972021223
1.1717060135
1.24616545718
2.72616225423
2.7264465976
2.03761528537
3.28609981085
3.51267296867
6.16246964945
5.04130788974
4.43704408687
1.19508701563
1.21291677584
0.899078756571
1.25575384311
1.12396496767
2.38730758242
2.93500416679
6.64358398598
6.09396231431
3.07395319664
10.8340907051
3.84363550646
0.923621983209
0.602096991614
1.79847999476
1.28490638232
1.02059259312
1.78009899054
2.56694557518
4.1700470401
5.52387764398
2.92552421801
2.95042572869
1.28329338762
2.17264356464
2.60223931959
0.929713862482
0.505499897525
4.76493438834
4.19077625219
3.32825569157
2.48035517801
2.91245438345
5.7621196066
3.10226048442
0.876199625549
1.39397280442
1.06190915126
0.0896318824962
1.2379834007
0.886329960078
1.97123260796
2.03313698224
3.74961513421
1.75530042202
3.66089561046
3.41674150433
0.932690111455
1.91958957183
0.771492988802
0.185122565366
0.163029775023
2.55487109907
3.03485290136
2.4483192605
1.72743856901
3.58397990838
0.815350155346
0.884556636214
0.0865756124258
3.56214806088
0.911142567405
0.20019622572
0.439562312269
2.72104932647
1.70595970866
1.2107264963
3.8603985724
0.944341717288
1.4243713133
2.71927719557
1.1441102298
4.47041048034
1.15750957705
0.91998013109
2.81778568961
1.98227905855
3.62743327487
2.35058835149
2.75457010255
3.31235008733
2.37667957181
2.59004163975
2.42921973602
1.7783279412
0.308262110455
1.20731302293
0.5548982732
1.3717487324
2.22052941914
2.26901753061
0.959174870513
1.77810648107
1.02263880707
1.23791093333
0.114358908031
0.00061192951398
0.925262783421
2.7588884756
0.347310481768
0.960393635789
1.38574335398
4.1158517045
1.95373617602
2.80046158703
3.43585536664
2.19784631178
0.801104792161
3.2834799462
0.813781903125
1.29616644303
0.168957208283
1.83475893247
3.24364069477
2.32478520647
2.39971607272
3.92621695268
2.95664979145
1.97598922648
3.3214787473
1.24214328808
0.581931767985
0.742929975968
0.56705064117
1.55521088815
1.73542398249
1.22723660246
2.3627593508
2.80847652699
3.4987948811
1.05280984007
1.72847842606
0.919293388259
0.200858822092
0.769863441586
1.53605550341
1.20435074065
2.84843381867
0.768527940847
0.843246601522
0
0
