0.0
0.0
40.9952528794
39.7304282338
21.8295776546
26.9823915396
20.2909187637
62.1491399388
84.6565528913
124.109042756
73.1864907871
126.840162071
25.4339048714
31.5502225757
10.246899873
52.9064326049
3.47667123377
23.7619094616
50.7341328626
75.4785048478
42.775719839
99.2459718324
101.625302061
61.0528467223
32.7297738566
83.658316847
22.7103074491
34.9006311838
34.2813000977
40.3773006386
43.7263270598
82.0157896354
50.5125955716
80.7744735754
50.5785916987
56.2879071125
125.256828533
32.3095513433
19.6104181241
53.5907533764
29.2390738147
55.10777919
27.5627338411
29.8825249838
84.6136023262
84.337939147
73.2261136975
64.3497110623
99.751372763
73.2753354012
48.4556222186
66.1603310863
24.1251190212
29.3489975184
70.897412533
68.3741272354
52.1506727412
83.4260944872
80.1852006466
126.991525026
118.190863922
121.241297574
28.5577132994
31.0759849296
16.1216977132
27.5948968603
29.5098794494
50.9190125945
68.0522820576
143.951640481
139.741307599
73.0150733698
274.517211739
89.625234126
20.25316713
11.7390278019
36.4875255079
27.7779225725
22.4777081832
41.941489045
44.4455960357
95.8274563217
124.27605667
74.4828734993
70.3181143831
35.1735742987
54.7933575398
44.6573957875
15.5663298676
13.0654339157
119.648307865
106.950865284
78.6353921369
52.4669334703
67.7986841575
136.743192421
73.8441498187
18.734942893
31.1871961356
25.9554347657
2.03116710484
27.6460005012
20.2542798556
39.5754973046
44.5360337366
89.3147833022
37.912972997
89.2030335312
83.201036269
15.0173277715
47.190221869
15.662540406
4.82274139301
5.98649203778
76.847455049
70.7294261316
56.2969321198
45.1120510502
74.3273708028
16.0393474102
24.5936079026
1.53722763061
84.8951776238
21.6180912713
0.889892406295
9.2019825317
63.2314455794
38.1860349252
28.9563171007
92.2333380898
20.719623372
33.7887618653
71.0174228287
28.5402696804
110.39060725
24.5053539864
25.1175239417
68.3827838971
45.9360947014
84.6271236017
50.8230809402
62.8872008734
71.8069341173
50.6071878634
69.4106329234
43.0452194419
33.7446991615
4.37514222041
33.8248016239
13.9512634277
28.8965774496
57.2253667368
47.5420967681
24.080130715
43.6223095358
25.2629306316
27.32248836
3.2210701704
0.556557387113
20.4805932844
60.8220934308
10.4739248792
20.6373458588
36.0635150448
106.918819338
44.2881096974
63.5289268848
77.7174773086
53.8462405774
18.5447336594
72.1424866654
25.8663455174
24.0249353964
1.6310530426
42.9939253462
76.5628930404
59.4639814495
78.5821378435
90.5086297541
60.8307073843
