0
0
18.5509485304
31.885946753
16.1049330533
14.8847364373
24.085701367
44.9132676758
43.194785267
85.638349302
50.5466248634
119.42551275
34.759955585
29.900994558
6.44590196014
30.6356220245
9.22889089678
13.1709450278
62.8359017038
71.4518412353
44.366719583
55.069862947
70.8859015704
64.0851323604
42.3179587265
51.902938038
15.7952860147
13.6201333702
25.6209577807
36.9267859162
33.3435838013
69.830303885
33.7311213444
48.6721211057
37.176695867
71.9340352154
64.3681206917
16.4506232254
28.5353360446
48.6208168567
11.2338961959
25.2248817338
33.1394558028
17.1562716896
66.6838176996
44.998950485
59.1790865371
27.2531900201
43.602524221
72.1278240346
32.6701287367
21.3726134738
17.6014938627
21.300836239
35.4041464963
57.2304472738
43.5684643294
89.5674062474
68.2859578841
111.597951058
52.9252224862
54.1375340448
19.1152156536
6.6719784059
16.9106401205
25.6192944646
20.1942040622
40.2911623454
85.555460941
114.648205787
83.7182481307
43.2242877446
270.712851005
87.0546177775
48.734978333
17.0084438324
27.1403998145
28.6060080528
16.2642054856
60.8209396229
40.8037098461
102.085070282
98.8840262162
52.6507586875
34.8430495709
40.0178463982
39.6434976775
50.2546262796
12.7414062917
10.674742341
178.195945881
107.791725755
80.6587040573
62.5044914837
57.6980200243
121.012859642
43.1187022082
19.5619356595
11.9197297571
10.120606916
1.43585337885
25.4927525818
20.4051730558
17.3554104147
40.0239610634
58.2263748161
32.3494359799
73.5494484454
52.3510296223
22.5281030349
22.9345073439
14.9428042844
5.54149245797
12.2412543297
92.502289499
99.252850201
40.0071842707
61.944044754
56.7325772093
24.2986945733
12.4874991774
2.10262387991
78.3275068682
12.3265021294
10.2383336532
2.09682449699
66.2370562702
31.4089926146
16.8562239446
99.6588626057
21.3560531437
34.7260113806
85.0130973571
24.0261733867
95.8517146027
12.0058786436
42.3277717085
56.6992930099
43.4411050296
74.863765195
42.5377223006
68.5350581417
45.2609985619
41.9922867938
92.6861269622
43.6821824311
58.8371169492
7.0013543442
29.4917145521
7.19532930571
35.0708497697
39.3812478706
33.5413388069
25.644794304
44.3157464638
21.0013300292
36.6968422831
8.3993872404
1.85326885153
21.8283478226
42.6759059429
20.4308162928
17.7025046311
38.8380663245
85.5038390626
58.7138622058
70.5806242526
70.6331043122
55.4216027074
21.9167671138
52.5813213588
15.6339138388
15.9695305936
7.30889472221
71.0460020899
105.464787668
47.1087146904
75.2976738698
68.726979199
68.5194494398
27.1166445636
68.8196751494
32.3177542762
12.307926625
25.6200111228
14.9518859759
24.6523338631
45.3366617057
40.521036409
83.9348890186
48.4201893936
90.5234176092
34.8055401295
50.2109755577
21.2955781706
18.1103558913
10.6326412233
34.6548874452
39.2155852764
65.9654146358
19.4931325614
23.127443321
0
0
