0
0
15.0556848496
32.2974555641
19.4964551926
13.0243186802
24.1592811998
43.8638751358
42.7148334682
94.4518623893
42.1424571276
126.561560299
34.932438612
23.2709652018
5.4665197134
26.0855577216
7.99001744203
13.0575558767
51.8302073198
70.9601876064
39.4403899313
64.9408096411
77.5801345781
69.2389304638
44.5330068468
55.7471111119
15.1046350692
11.4593150765
21.1486220341
37.6228114217
29.099766869
64.7297184895
32.6277065278
43.2178991585
42.5226066449
59.1155892758
68.9593495354
19.5030904007
31.6793319528
38.6655710489
10.7331538349
22.7007254586
35.0135616437
20.3657466955
74.2644440086
46.0581552833
67.538968278
24.7201722041
49.4138263632
71.3971280604
29.4268077761
19.8948401548
17.5868760156
21.1777322218
32.2056217231
63.3834771341
47.0462971999
95.566825211
70.8356376048
109.081444971
49.0565821454
59.0953818485
20.9123614998
8.57973027974
16.0118829366
19.3245504051
24.3373850585
40.5106648654
86.4170446694
115.665959358
80.296645783
41.5901178941
260.42452193
97.1340436097
49.0898758918
15.8272389891
27.6935991487
28.2152557968
16.8411619216
62.3845935166
38.3868223541
111.710509873
96.838706849
54.5907159336
35.2331949994
38.7100853921
44.9087850787
45.6060221717
14.406022869
14.0626847148
179.665030064
92.7799629271
89.2948012836
51.2812110269
57.9970915764
107.798157625
52.3800151375
26.2646893634
11.0545603931
9.6396289235
1.08639859641
26.894274367
30.6345061529
16.9669527635
41.4432076291
98.7949957699
32.1948957146
66.2878844357
45.637270812
20.8183486909
25.0328537933
18.3086327857
6.44026309903
15.6335749626
98.3403325975
107.691805959
40.167597156
67.3808311411
60.9199841693
28.2000366746
9.88727635145
0.455993860961
78.315330863
13.3812572085
11.1814406924
0.268672529609
73.7951565943
36.4631272406
19.6257427242
106.280945778
24.1968654775
33.7522337885
81.1652837796
21.742124632
84.4631543477
9.80223462497
34.1133013219
55.1033410282
56.7395754727
70.8045397774
42.378523685
80.3173130081
48.7710788549
46.0231026782
99.2119052522
44.294168651
56.8800526188
6.06344549731
31.1209181695
6.6686962992
33.5041833221
35.5996834114
38.614051375
16.8434617147
46.3914405182
15.4066623151
33.2777842061
5.09656309337
4.85784721747
30.3380601703
32.7204550495
20.0805488317
17.8907755762
39.8587738462
90.907103587
66.1958973979
71.5164287585
72.0008502826
56.0647007887
23.4789954331
66.7678482178
15.3934241105
21.4792012163
9.52588941854
101.113918824
108.732549034
46.35200724
60.2416172494
65.1362570822
90.7724707901
