0
0
18.0382285416
32.9347278624
14.5114344992
11.3302069679
22.2294078469
41.1377647296
55.0770181306
86.9866615255
47.9321082439
127.672899306
28.4221711793
22.622333765
7.1399166137
42.4576189668
5.93067095988
13.4901115838
69.0487020398
64.6215738953
36.7784859761
61.5005042777
80.1765917726
63.7857601046
27.4358043317
56.6116399169
12.1181838456
15.512088418
25.2779009818
36.8307407023
31.6540803434
88.594752973
36.3331182785
63.7786436818
37.9942049731
65.7454542127
76.4422394796
17.6746814693
28.4731395696
42.1954660714
10.1841303552
29.9803485324
34.3337329142
17.1937483745
76.2074729429
48.8571716062
63.723857453
32.9686894118
47.1719299927
65.6867920049
36.932721709
23.1553855799
17.1009199005
22.0408759173
39.8759849081
58.5198042746
37.3256731891
92.1690726689
57.6357564326
118.219956871
56.7749647423
61.9242248945
22.3335388368
13.8742569638
14.8730243146
26.1104468554
20.2697385773
46.133402489
88.462764457
118.699769452
93.1714220568
52.8014615345
264.751139635
74.2837445364
38.7436411008
15.5339223146
21.4579432011
29.5829533562
16.7037036717
56.9996924623
38.3780790134
98.6748581585
98.9474811406
65.3115943819
34.5418659943
38.4354992398
37.5701663419
41.6255356819
12.1001719236
9.10944133066
157.306931438
101.530797556
82.5474768653
52.4992867111
60.3894211874
122.199717969
41.6046305503
18.6314053014
13.5740973204
12.0779248327
0.670261725782
25.5179344174
17.5662443899
18.21632767
33.9521712922
55.9305062369
31.3883635327
73.4553384763
52.866091445
13.194426924
24.0284617246
13.5777679961
5.34896203642
6.55355215073
101.623515473
88.7170420958
35.4832456265
52.375073377
70.0385580473
23.65836877
18.3879667288
1.41295172833
78.6405099048
16.0791082336
8.22297217186
4.61690009014
62.6761469347
29.6774415113
18.6766423099
95.8168952688
19.1367605031
32.3479173929
80.6385382265
25.2059589811
98.6478377455
13.7558884341
30.3660837113
83.5844302476
39.5855586046
79.2661276795
45.1197447238
63.2151997536
44.6740674377
38.8016950786
76.7915543988
44.6822147369
47.9395847282
6.40783340112
29.5085995942
9.11719248444
35.4321086705
44.8841114882
33.0952165313
21.1325611453
43.116629893
22.7812393326
36.5755647943
7.18421190977
1.43498548726
22.1503810398
39.7997637922
19.0139258578
18.8465159526
37.6806707606
88.48738941
58.2749150069
73.2201302592
71.2717645056
57.3656728975
26.6795601617
53.2526959219
14.5228434652
12.5051231962
6.5032799095
67.9681771697
104.764003404
43.9296692088
50.1442981884
69.8601955176
64.0640539639
32.5509717773
57.1178688482
27.38393379
14.6140051335
23.1357644093
17.809011519
23.5070593748
41.7228518074
38.2461821326
75.852352962
61.4421403958
86.6140746641
35.016523607
49.4094636665
28.8445052755
10.5240192488
10.9514673985
39.2246942791
30.1894620485
71.7640987337
17.609608043
12.6859414727
0
0
