0.0
0.0
17.5740357488
34.103883829
19.7113390714
14.5015531294
24.2035997976
41.6543446406
47.3803870949
86.4657987245
41.1828683539
125.514995417
37.1124811471
27.2790217661
5.11731809378
37.4497610405
8.30372711642
13.3689981792
54.3160110936
71.9763815292
38.0310985296
61.1260135397
77.1399115697
64.4948977231
37.943843063
55.7470293938
13.5355322063
12.2060319409
21.2077663355
35.1213022918
32.6486363131
60.3044670782
32.4157944079
41.6950530857
37.5784200132
59.9974748566
64.4875420752
18.3241765425
30.2928428426
47.6237015203
9.85846488924
21.9452399164
35.5457179025
18.4975266494
68.6244281978
43.9641597458
70.2661719415
26.2970967516
50.9830428398
70.5508620338
32.7891692184
19.7910333686
16.2097813468
20.0985921174
32.9365743679
61.39144101
47.8479263597
92.5873875506
67.6830321271
108.646673111
51.3606589438
57.9412321039
21.2247155439
6.75523014552
17.7482120655
21.5463261008
25.5476536006
41.8717921414
84.3746339107
113.520804405
79.0242290818
43.3643395342
260.708290654
95.7752630738
53.8099062144
16.7789436579
25.789207969
28.9398646654
15.289449513
62.8796241804
38.2350161021
102.849320926
100.285007775
55.4728279934
36.2438925281
41.7178217993
44.1422129818
46.5319903046
13.6245398149
11.9258185923
181.12418871
93.6668744311
85.7381074279
56.6295396221
63.4803453461
120.593289893
47.4986222993
27.7980337366
12.8708161712
10.2777807796
1.51009513065
25.2667670623
28.8701149709
16.4662384987
41.9741123244
99.861419904
30.215810515
67.3041238944
46.8756555766
22.3151819184
25.551464483
14.3090659739
6.01260128618
14.639708519
97.5637259782
109.122829277
40.0536544694
66.8887141272
61.1615476291
24.7084832938
9.91628748178
2.36229926348
79.6123958676
13.98539057
9.9338858351
0.219420243055
68.0519847684
31.1841347515
20.5364469923
105.322544083
22.7341088187
33.1956359669
83.7744720317
24.4643506409
92.670533077
11.3219273686
33.8996327743
57.398558789
55.0891756426
66.8804784492
38.8656500726
77.2359499409
47.7005470097
43.4333019722
103.747122455
40.4751495122
56.3180540578
6.4207083732
31.9422792122
7.37200386823
32.0777564273
40.603908917
34.5512087681
18.0607963353
44.8868740015
19.1254436821
34.2232898232
6.45986741782
4.01998679527
26.0498601794
35.1289147349
22.1238867072
16.8649411686
41.8902184702
83.2403999494
65.7776920685
73.4492904218
72.1722201034
53.9364634068
23.1418908667
60.1471811738
21.4792512634
19.0001078378
9.72593259439
92.830796443
102.497262804
49.9345703424
60.1208369988
65.9680888654
93.2059884444
31.5317795906
95.7069575731
35.3602882774
19.2845488871
37.320026389
20.1807987615
23.2920626476
47.1589645018
33.1814518421
94.4001597929
50.7903308467
91.6517772967
35.9717921688
47.276555635
18.1247834209
18.6608800292
10.2293501571
40.1401675721
42.9243407921
65.5773302614
24.3286784292
20.1480426639
27.1300000001
211.78
0.06
1.0
0
0
0
0
0
0
0
0
0
0
