0
0
2.50055184867
1.87285763281
1.1676489783
1.44222073723
1.40331276366
2.52769771684
3.81801553979
4.82497242419
3.58684760518
5.88500767201
1.4908505489
1.65981754742
0.397181296779
1.2799461484
0.413118735887
1.34365561418
1.24854486727
3.55914776935
2.15513695666
4.08178405836
6.15672549792
2.15924601594
1.97051201016
2.78532497212
1.11523826467
1.61935910955
1.94158702716
1.50163264084
2.21592857013
2.05893237563
1.71336245723
2.53885911452
2.63384017092
2.05112638441
5.14512415277
1.28327804618
1.32556969754
1.82255947078
1.79715700075
2.90890608588
1.37098533846
1.36276583374
5.30329781445
2.84453358199
3.1434774946
3.08993298514
9.1516805198
1.91578076594
2.20227262378
2.53676850721
1.66036341235
1.3301364705
2.02851219132
2.75797715591
1.80121352337
3.86489106948
4.00566293951
5.30416687205
4.61511281668
3.7501711417
1.29802069813
2.45814778289
1.28526798822
1.22046966292
1.35583923478
2.52955043199
2.84746685531
6.81874399167
6.32189561077
2.69849854824
10.0600320314
3.65836208255
0.818784531206
0.738658748567
1.72235035396
1.29696914274
1.13139957376
1.95788762486
3.6884003887
4.37381512113
5.69350317027
3.08721681306
3.09561326029
1.17619843909
2.03021022794
2.5283292355
1.20775589719
0.509538079612
3.22926922841
4.28126770165
3.28029842395
2.77872315631
3.2403002521
4.87954042782
1.96666730024
1.1585546229
1.14601700241
1.11964650964
0.14003415592
1.4163431467
1.18303604377
2.41569794621
1.69066688768
4.14567947533
1.93166207848
2.96994818188
3.27973449323
0.888006027322
2.00317052938
1.09042255837
0.350641075056
0.261667671381
2.35558595712
2.96921766625
2.43285919062
1.67725360882
3.99501559511
0.812539853621
1.00051926821
0.0706821531057
3.81100372458
0.781801737903
0.642708718777
0.542106358334
2.13197576255
1.53161160531
1.29191535572
4.49993424234
1.19065900519
1.53138144966
3.07515062834
1.68379527546
3.70072710584
1.55376740126
0.891886219033
2.82796800137
1.97380886402
3.11319103086
2.8770971084
2.63785064511
3.27958869189
2.05269577261
1.73453689937
2.07732920744
1.91423493164
0.461677335959
1.02755643148
0.547693261877
1.26070631959
2.359275155
2.15587413165
0.820913942065
2.27854804974
1.02306278911
1.0292192708
0.157265457266
0.0
0.954036863986
2.89061503112
0.52242603153
1.10367450677
1.65786297619
4.15327719063
2.04541934188
3.02734481776
3.77264060231
1.92728306667
0.811845999444
3.65798871778
0.70456358201
1.3061009096
0.561821710784
1.50221197866
3.60829700716
2.27531381603
2.49923810363
3.42037668894
3.31441356835
2.5127570862
3.36113928258
1.5386646511
0.658220555633
2.99317424535
0.632163896225
1.27845251886
1.66716071102
1.31053544092
1.60762331821
2.36464941408
3.36337968643
1.69296151772
1.79237974272
1.02282219939
0.125185961137
0.840893547051
1.28003530391
0.925224211998
2.91732024378
0.739346228656
0.705199368298
0
0
