0
0
16.7707143054
38.7886879658
21.383479611
6.80848688633
21.5565359071
50.0659377425
46.956433229
104.309659665
42.6419901029
108.783990643
33.6142595707
13.8493653573
5.5986430049
27.4315921682
7.93404848501
14.9840790331
37.2886703611
64.0147107168
36.9268305552
62.705616787
75.5457731186
69.3202393056
53.7160713672
51.0718603301
18.739895286
8.0364014581
17.1802919749
42.1865218375
30.05334498
70.5384387038
40.5778477639
33.0098223835
58.5712462385
79.0676581262
75.1480410034
18.6917072274
35.8017337051
20.0132731106
11.047967202
23.7812740859
35.5878217529
21.92943935
56.2592104598
37.058620602
84.1993115251
25.1729758318
41.7769086734
61.4116694705
26.5841122157
17.093795456
18.9574998356
24.1496507227
35.904999677
68.549842531
37.9937347212
114.567810237
72.1224663557
116.004242448
36.7963402906
57.8971348553
27.7839516252
11.8209998421
11.0975380093
24.9581133127
17.9694204032
34.4780587032
73.0326170326
130.632888436
67.7245746106
43.020034783
233.311342598
93.3205734641
49.6168765426
15.3059241828
23.1175560944
31.192693211
18.6968124434
65.0442077983
36.1559210122
131.518536799
86.7370066344
63.530752793
36.898275107
40.4436910171
56.3468882796
34.2057242542
15.5183094889
14.2500624857
180.561843406
80.4953736718
98.9165573102
46.6178000942
53.1974127665
95.2772212798
45.4663062953
22.0356977982
12.1013258994
12.4697820358
2.17187121883
25.3262456618
42.0385231013
21.8192436285
42.6690383366
113.529604688
31.6673424449
70.3736852095
50.0123986601
14.0626978129
21.5892084651
15.8969965568
10.7399712531
13.5700392723
99.1966391131
98.9436604176
29.6520857093
70.4866121784
61.1624423268
23.8975123018
12.1784618497
0.0
68.0862725974
11.0299086571
11.7725134157
0.171577239409
71.6345461774
40.8293825592
20.9214883335
99.6654366552
22.528295795
31.5613465793
73.6299505486
21.6861121394
64.3646670487
8.54180479142
30.4516991974
43.5471363814
45.0568609843
58.6030003354
37.2196469753
84.4620524347
45.0143004655
39.7362452299
104.01186466
36.9329088852
54.9094005526
5.63975400199
34.9100725819
7.90060488134
36.847056605
37.1166863758
33.8496065448
19.8658795394
53.6382393893
27.4064390784
35.509530385
3.67788031697
3.43587447703
25.8224363923
30.2087300868
20.2117260285
21.6774602719
36.2484067978
97.2208289021
69.0701754055
72.701772415
79.6000321471
55.5776107404
26.4600264626
61.4118837398
13.565765122
24.2374431341
8.00321342964
116.916569715
102.107506097
37.2713172286
69.7259464937
69.8379247114
89.7342007085
28.2358011994
90.5385195706
26.5683640615
11.103313677
25.650918913
19.9274219424
25.8546077014
53.5262826048
30.627836639
95.9561910862
63.8722765111
93.2580480761
40.2963396684
57.2764273994
13.885032082
10.4474011212
12.5370551348
42.0942884981
36.0027031274
78.5330294966
30.6376837212
24.2759225518
0
0
