0
0
0.421110302792
1.61273712106
0.527883563191
1.0937201067
0.194759255275
1.57426491706
2.5664850024
4.05742848525
1.26818017429
3.21331269149
1.01619355311
0.844083334785
0.348822616041
0.837053477764
0.698791581672
0.714645564556
0.877412332222
2.62297501229
1.44425714621
3.49915009737
3.46582373045
2.21259755641
2.22859233379
2.68669409107
0.452666379511
0.496568390517
0.722716165532
1.57129030884
0.842265109997
1.71292374562
1.22840036196
1.17310943455
2.87535752228
4.98614450125
3.72692984855
0.335246118484
1.25060226023
0.409889950941
0.302313620225
1.54236273281
1.13298371201
1.41280037072
1.93710348709
1.22458667448
2.97914490243
0.540634914069
1.1702106586
2.09600064601
1.50354726613
0.48297421576
0.577091922984
1.05807828228
1.09606387489
1.64617494738
1.71260119881
4.76856975665
2.63836935768
3.95232352428
1.41314134933
1.31660808623
1.32034031046
0.390165454824
0.712445307523
0.921137903817
0.923190750182
1.38519053534
2.57728151232
4.62648745999
2.38788208738
0.807428508706
5.87064123247
3.38913144503
2.58391124371
0.660043494776
0.921541286632
1.10168599151
1.06963115698
2.46821247216
1.8703659866
4.63841704372
3.17889501061
1.57208700199
1.25314924587
3.51542184118
1.80717007816
1.01724249707
0.527969952673
0.407443808625
4.9482212225
2.53850877006
3.88749436382
1.80568464764
2.43822342157
1.74810272385
1.64460894722
1.02638531587
0.576486786827
0.57072354015
0.162703195412
1.33304718346
4.33721858263
1.03215394542
2.51912951097
2.46427432634
1.06733358663
2.95518492255
2.55300938617
0.513473112951
0.426367039792
0.609499807935
0.548833153211
0.49449545145
3.80808070232
3.91064687795
1.29034014279
3.40401018446
3.904089435
1.03362460807
0.98671778664
0.00606226408854
2.504327178
0.233062075917
0.170011099428
0.056701503112
2.93260961398
2.48989418428
1.87334794085
2.9262700323
0.629304593429
0.829970463179
3.02850820869
1.42888600286
1.98572549527
0.270084420219
0.885586671531
1.07948155305
1.79712389596
2.86465008184
1.53134138265
2.89193960559
1.83204264753
1.89868121967
4.1206520116
1.85027416807
0.896100624232
0.235154030786
1.3737004213
0.553198872134
1.3383331442
1.51915335772
1.18638888258
0.891401888803
2.56985358533
1.17151752859
1.32312045986
0.0656789126806
0.022844027495
1.35467164789
1.24962722976
1.56384377787
0.882427874545
1.20280425856
2.48020398803
2.76317045838
2.89969193528
2.97822640778
2.16757830651
0.868823684636
1.81534606311
0.445620274171
0.566796418301
0.334615083586
3.93849994196
3.46709478833
1.36337984074
4.75683690421
3.69508453971
3.21855367103
1.58418182773
1.34641274391
0.983883829904
0.291110021761
1.04319495708
1.01635160716
1.19934521802
2.68518270808
2.40308368392
3.14457349665
3.33236033656
5.05168499658
1.0118602498
1.06636433722
0.600659950403
0.43038332276
0.590495486686
1.185433128
1.40589827998
2.95441256976
1.39372760477
0.56048515439
0
0
