0
0
0.700754071586
1.5196815253
0.871128837054
0.280292750103
0.951838589273
1.91894825874
1.897357265
4.46789255855
1.83505823649
4.80567181995
1.3269988969
0.773141724989
0.228719717124
1.09245265927
0.408090027515
0.585282105953
1.88666153327
2.79147116095
1.56095285993
2.74270215875
3.73192395805
2.96332536638
2.06679328531
2.14425588306
0.719378720736
0.304922672454
0.761834056582
1.70141333109
1.28320978582
3.20917512616
1.5990153905
1.55861820094
2.12893071561
2.95056873339
3.09864941821
0.832773698028
1.47417555063
0.881114212796
0.414271629415
1.01446821692
1.53000495746
0.927554043708
2.36567488592
1.56938750111
3.24745090696
1.11085191177
1.61970594479
2.78359792754
1.05695442064
0.812539698556
0.843888165429
0.930390245281
1.37697483017
2.98933919077
1.70724840509
4.56284062285
2.89119979925
4.7293137784
1.51395289076
2.59732344747
0.911523821531
0.524042247096
0.470955843106
1.00991654629
0.761118077673
1.42278946051
3.13543645293
5.46281446517
2.91559138149
1.92525890947
10.0592675067
3.93290719995
1.96531957202
0.687200514018
1.02316785342
1.17783294991
0.731329166796
2.86633288558
1.56043067342
4.99325751886
3.80148726562
2.35510399775
1.52101544477
1.67704913882
2.09449758311
1.53704337962
0.609059590148
0.60108398
7.24830590055
3.42964235903
3.94792835251
1.97195068188
2.16776822694
3.94650450093
1.84194213815
0.94201370189
0.528497431427
0.510570710991
0.0875195248518
1.15805707453
1.68576060532
0.834758003475
1.74703658419
4.46140312031
1.35185547499
3.07019865699
2.23126836668
0.600947096013
0.973441794747
0.809436673764
0.369703789009
0.523592114449
4.02031160134
4.36413863581
1.37212506495
2.96211208589
2.51110468246
1.02125431225
0.53291843459
0.0
3.08202251792
0.531368795782
0.459181310842
0.000941601931117
3.19687715545
1.77986016986
0.754603792448
4.06217394024
1.01294100186
1.36274807435
3.06882986811
0.919701308012
2.65110583906
0.311145795742
1.24999567401
1.9319200879
1.99110800202
2.75265713222
1.458344304
3.58892028965
1.9689982757
1.57462163107
4.31902830815
1.65636865422
2.339468644
0.256548638048
1.40075534937
0.327752352692
1.55550882895
1.47086021351
1.31440833764
0.982705722097
2.27286863717
0.799153823289
1.45862465072
0.222775880247
0.157158585731
1.13467844366
1.2647550737
0.925772225484
0.827271027723
1.57978938892
4.07000748534
2.82980034919
3.07118824357
3.11799294315
2.23998069251
1.1456970271
2.5104442546
0.579385677818
0.769427928608
0.425223480735
4.60710850079
4.28176250798
1.61840098724
2.63928205648
2.82121828198
3.93525185296
1.0729838002
3.71091205906
1.12691813102
0.476620801724
1.01005328959
0.959120118758
1.10148967872
2.11456338246
0.99678055814
4.08924177708
2.42753030919
3.78974609915
1.63045137678
2.23784688045
0.575983542018
0.417680198967
0.592559408105
1.82012552768
1.33176912065
3.10718791001
1.27233135735
1.0199972447
0
0
