0.0
0.0
16.3571350984
35.4262117894
21.1110019684
8.62043263949
20.4979567453
43.7520358601
39.3552164957
97.6964002512
43.719232656
110.382563431
34.7959890067
18.7050242694
5.81449339538
24.9932654052
8.96630714928
12.9855239578
45.8818207831
67.515449345
39.0592560475
67.5969619901
82.5894512237
74.2663339378
43.9868263901
56.3231173306
15.9780006604
8.09492575006
19.204725584
35.2830443765
31.4302479029
74.537269134
37.1977778971
40.547276035
48.257838048
65.887482779
74.1137304353
19.4025544301
35.0805313344
24.5137531394
9.4611023292
20.3580479398
36.4322977512
21.7214325629
64.4256123751
38.6787714288
70.3636983019
24.4621424208
44.184097285
68.1015253476
27.2376450264
20.232770741
20.0434254734
25.0746625586
34.1137315872
68.8736277
45.8034965693
109.649140645
73.1861137747
112.191676468
46.1503773852
60.5510302932
20.8138972465
12.5033244118
11.6542969868
22.6265382171
19.2401253954
37.4434993678
80.3597665654
131.932686478
73.2591357977
43.6257050935
252.803068877
96.5369036681
45.1342047974
14.9399923054
26.2091703288
28.0914890842
18.3202488944
63.7232515757
36.7016391679
115.312506437
95.2242595008
51.1814058338
38.9591335505
38.8546263278
47.9310517162
37.7189967782
15.4672350883
14.276055783
177.298834009
84.7672231682
93.2203622573
49.1219040602
52.4455125221
95.2233989714
49.543792115
24.8187007495
12.0588050634
12.2524349391
1.73992243409
27.0910948723
35.5697158474
19.978920646
43.3586207069
108.508730561
32.3083470761
73.7314579217
56.4695004662
14.6249520779
25.0093642361
17.4244071432
10.0644904976
13.0512843132
100.830269556
104.235011592
34.8701768964
68.20680774
60.3363464846
28.934486255
11.4320611954
0.0
76.1810819506
13.5591471498
11.226549983
0.104136228561
80.377497023
39.2052686009
17.8700271025
103.516678244
22.1398115284
34.5223114862
72.3032674351
21.1219320036
69.0498786773
7.76130815594
29.5460217744
48.4390119463
53.752510937
66.0296459981
38.8789218888
79.2817375884
48.8230638876
42.6427758223
102.543455218
43.4037484601
55.7891177014
5.92504207325
32.6518153092
6.56633171438
39.0580760782
33.8714316655
31.5375159905
20.153908208
55.7114366143
19.364175369
34.352831047
4.50035313516
4.63171124273
28.621063739
32.7650966146
22.5270266533
20.5699541587
41.9434162975
104.831919674
66.3941660597
71.360545163
73.774227161
56.8559055348
24.9837775478
66.9977125819
14.1424945893
22.9285882115
10.5402452834
115.977871075
111.724368506
40.6042886674
59.0685594007
64.2991111726
97.675811017
