0.0
0.0
9.1278022332
46.395212263
13.3512191176
29.6501194622
3.70719730296
40.6709623822
73.3246378452
97.0959493574
34.1537991437
73.5791471028
23.3246552534
21.1988448724
13.1786854863
15.2113509178
16.4472389817
16.8600194603
23.8078945884
65.5556622595
32.9819269682
79.7028262094
82.8036943675
45.6520116626
58.2578561491
65.141039159
11.8173799217
15.2721147412
19.5299782008
36.7146065981
23.0877423361
44.7155151218
26.4139616042
24.9882749318
74.3857441003
125.854345517
93.8188480138
5.38547873496
30.4233051538
9.5891943276
6.46989603667
34.8352216584
26.5237629322
37.0885598604
45.5390724242
28.2567716093
77.4843399526
12.5332196485
24.9669551448
48.4563900178
36.0587281958
12.6933260411
13.4059433118
24.2997755371
23.2097608717
37.5929244607
40.835556306
116.699608957
69.7664083802
99.6434511259
32.4118145407
31.6958131128
34.2802934198
6.96576483221
17.3614360839
23.8488480672
23.0546102109
29.0824952534
62.0628069677
103.001477033
60.5220456607
25.3749213936
145.466305435
80.9266937496
61.863635989
14.8760491312
25.0288747699
24.5497974605
29.0295245647
55.7018750477
45.2021718118
110.864012774
76.0667780153
40.0002807007
34.0657003373
78.2350149919
46.2371747196
23.3161344761
11.8724779487
9.0069438815
120.049903516
54.3141934716
91.1466412918
42.0054045617
65.466517523
39.7425167206
35.2766283703
22.7309955899
9.55625216849
15.3968313932
3.98625762994
30.5962045994
104.712670773
25.4840045683
63.5344018265
51.1100953034
27.0390654161
83.1705402732
58.4826535956
12.7409382979
10.6132810023
14.4431265257
12.9213059954
12.5313112652
87.8444001115
87.155136533
29.7331840562
78.9876425117
88.2411969156
25.7302545012
29.5385843218
1.50265619298
59.1520570814
5.99996861815
3.85639609582
1.77944333805
68.406981457
60.3214604371
47.5660654082
68.0095315128
13.7896140665
22.0392643735
69.9190651663
27.2675162292
42.4808164872
6.55387474224
17.388911102
23.7629754469
41.4818535895
73.7998309135
34.2982341125
68.1549726986
53.3859443638
38.9761845991
86.9903499372
46.6179797129
20.7298527248
5.65838633851
32.6651038526
13.0295450427
30.2008425034
39.2342279198
27.2578690778
21.9029312432
66.4698715433
38.1243974827
29.8088164301
2.00892051193
0.628418069333
41.3062467082
28.7227260768
38.8718952946
17.7101971675
31.0127056987
59.102318611
67.2749508173
67.006580053
71.1635391559
55.5340904129
19.9083833559
41.7358608926
10.2133443123
8.72344109417
7.50340975682
90.2669672203
87.3898450769
32.7847867906
109.186750531
90.3643428125
67.0941026676
