0
0
7.96503045922
50.3679964459
20.4190557003
26.607426077
1.68170262314
42.288480252
85.2688586434
89.1369983945
43.3537239432
70.5092712566
20.453478436
24.2368370443
18.0906137377
13.7164649963
14.4502099603
12.6636745892
30.7170911311
59.2946509123
32.5452004654
61.085042825
71.545713108
57.0240417122
63.1797248489
58.5948422962
12.5067121983
19.5928825736
21.0031421743
34.7759521034
21.9940463696
38.6765652782
22.8191948533
20.2840366066
65.8465596734
140.572783372
91.562978357
5.05046601919
30.45002532
8.73161065579
5.02294810954
25.7434045001
28.3579519596
26.1182607002
42.6635885016
28.7227292117
73.1223413498
15.1961193918
28.3425056935
42.2183032594
28.2418053775
13.6746866517
11.0382184535
23.000539097
24.8721621931
34.266063083
40.5027426482
100.261341529
50.1890563778
104.300138125
39.6501465216
27.9032999652
45.5135409907
7.68872769178
18.5679319901
30.9198249578
19.9002967458
33.4471599888
72.4463770687
103.318180829
53.9568477943
22.3621382285
130.497862426
56.318309418
70.8879345254
14.7821941674
19.8121669278
19.9705365747
31.5599862187
57.024756577
47.9639459978
111.1121848
79.1574141886
54.0935675791
32.942034876
98.2659445368
55.2568745614
23.0169433281
14.800777629
7.50844117999
126.065363816
44.5132156536
84.9177333936
49.7598888679
74.1163887307
36.3920494169
39.8381634449
21.5210671197
15.9933960289
21.5328196585
3.88685112074
29.5576862544
98.0702197454
28.132982539
63.1578183398
57.5614435226
36.4387408505
78.8890623422
48.9256107622
15.7592393495
8.85918841325
13.8586944267
17.3625697195
11.5474612713
85.8992560543
83.2703805641
30.6963833179
82.2018135264
79.2385944269
20.5663180025
38.9177577494
1.01418588683
47.412234798
3.8259417247
3.52221603691
2.40170565247
70.9078394808
57.260879539
55.3702911437
62.3109467962
12.09399198
18.6928415867
63.9957111468
46.1900745384
28.5796119672
4.85213503987
17.5034432709
18.1518264413
38.0710306764
78.7328738273
40.0618240591
63.0298670345
58.4841842875
42.5256706718
74.2530934154
41.6002504584
18.109779261
4.66146846862
24.1954246982
16.1041424442
32.634302862
45.2024564278
29.7160011353
16.9815640971
56.358934153
40.983818382
27.6942091474
2.58662040533
0.0
13.1226665201
21.3585925922
45.1345699298
13.6383369276
34.2340227622
61.6682117544
64.3487809673
57.2664964366
71.4055427256
88.9865707754
22.7197250035
24.4192696757
15.2570876274
6.21528344974
4.7974378746
79.2744251182
95.6209575758
43.6817014666
124.156660731
85.2223768006
72.5255096345
43.1518359734
26.6995422319
31.476760637
6.91505017318
20.2328182301
21.8345676027
30.2774498352
74.8523355871
51.1343946756
69.1898976713
46.2988029197
112.146089438
27.7093706242
14.0820517866
14.2375189704
5.57783732191
12.0084500424
13.4819570482
40.0984822567
52.526057982
42.2456747148
16.5335783679
0
0
0
0
0
0
0
0
0
0
0
0
0
0
