0
0
0.436537409201
1.6605751125
0.489074008539
0.90763335448
0.218139368575
1.65576372133
2.48769571632
4.02409482433
1.11780768237
3.83397967718
1.29432221013
0.684443469625
0.361467927694
0.88894546032
0.669254375622
0.704362779856
1.10516951419
2.76399124274
1.35122963181
3.23308898322
3.85772631317
2.33641308546
2.19312456914
2.65678106161
0.403840877116
0.411625149893
0.665786549216
1.38144734013
0.905553904304
1.81153926067
1.27276250673
1.26956863701
2.80879497656
4.890569943
3.87427679804
0.365500506945
1.2690385282
0.52000463655
0.323151097633
1.44620020234
1.13582768186
1.3957684976
1.87290853099
1.40242665401
3.17786896927
0.544990836293
1.24191422592
2.27384254616
1.57279269397
0.470005828305
0.55974292336
1.05559616402
1.17795821186
1.73985749891
1.86416204087
4.95683307899
2.49154406798
3.88002270425
1.21851893235
1.48399779759
1.22552439757
0.338579280302
0.718062654138
0.881064096466
1.07844924275
1.42319933278
2.45689485292
4.39348266274
2.33253637294
0.855207669316
5.88428374287
3.62612299738
2.13598757097
0.68251497671
0.980970796198
1.14915727451
0.898628475843
2.29345181404
1.89887576096
4.56893104734
3.39259100333
1.66433203942
1.18022179045
3.45703221241
1.93025888503
1.04437321902
0.454445000738
0.462174160173
5.3927984921
2.70897556981
3.79534056503
1.76404667925
2.2696005553
2.13091024687
1.78176482115
1.04292570171
0.570375469979
0.545250119176
0.173589611775
1.27451622742
4.00218348578
1.15537650511
2.3693114128
2.36974876001
1.12143982574
2.94671138469
2.50332903862
0.653308079112
0.435810127063
0.667201586068
0.597301746253
0.48718380928
3.65294020204
3.97778904426
1.26791465841
3.19608630519
3.76763348118
1.03308650851
0.999271769077
0.00748215103522
2.44977407809
0.255950264633
0.168041853234
0.0736327667255
3.0057093522
2.5643444336
1.83621799829
3.22188518662
0.63617972401
0.838310341351
3.04004344298
1.30319559434
1.83153465297
0.503299396893
0.972124034539
1.03656942141
1.72326050047
2.86198428087
1.64620859234
3.01179357851
1.92557876906
1.87641442986
4.19507049373
1.77965254709
0.978951955913
0.239828663645
1.38070382923
0.553002616391
1.22847822402
1.88666681066
1.20573409926
0.855921088252
2.53076650773
1.26251595956
1.42018254951
0.11570470687
0.0339193696855
1.23565665726
1.35343935806
1.51167916367
0.889615055872
1.27918618917
2.67385259573
2.86728203483
2.78224095551
3.32735906
2.30527000595
0.859709950513
1.81079436443
0.263844563975
0.335641166486
0.292680409708
4.10031116847
4.29096655548
1.40836042631
4.47174742538
3.38189459615
2.9246844633
1.47314352321
1.56721791113
0.991797631606
0.387818646617
1.11461529112
0.907625041902
1.19447436184
2.66539083503
1.99902865489
3.46916190349
3.11489468324
5.1100204119
0.9330723288
1.3777123047
0.539601034368
0.442156982142
0.418599555967
1.45402095281
1.38390659192
2.87572274095
1.31323230453
0.601889042184
0
0
