0.0
0.0
12.1438511163
48.1763798297
12.272472946
18.17320984
11.4042909332
43.8599377423
61.8693121522
97.1490018228
28.4308304899
107.359045392
34.0405125562
14.2820204124
8.16783440486
25.440422058
17.3976302762
13.9886151552
22.473049812
65.9838836902
29.1365818838
80.2617084346
74.0182894618
61.9093741178
54.9568056463
60.8226878196
4.1210358739
7.8828253937
13.9038951024
36.0455182716
21.6118176654
47.6898941472
33.9590308406
29.2112221308
63.261599617
103.471202329
89.1847356382
14.5039180946
31.9059593753
12.954562068
8.59750969334
32.9684339232
31.1745065767
33.7241083932
42.3368557747
32.9742872604
73.9317318835
23.9586632587
30.561411737
53.6609739494
29.7637059689
11.4931668341
8.62587165367
26.2746051773
34.7377902233
46.7566338034
41.495655343
107.086328619
60.2592377813
89.3783945405
36.7217133358
45.900419388
38.7741591631
7.73760443134
17.4549110681
22.2578060478
25.1862113736
30.1076511979
61.2093642425
111.221580874
47.7736105174
28.1412660946
152.672541306
91.9978661388
46.7641427369
17.6790507138
23.4331100285
30.1191191376
24.31724976
51.7924263914
43.0598943578
113.867693067
83.2359088138
43.5261531473
36.9085319974
64.6139783767
48.4963209629
28.8878310425
14.7271580547
11.4350164812
141.220371745
68.8859464334
102.801384106
43.2510044575
57.2177567258
69.8199757934
27.2560489476
19.3599057672
13.16442037
17.4791878033
2.92706681414
40.9154275339
77.6754536983
31.8397007546
52.772413999
45.3504478075
28.1093630287
71.1323375506
55.2692896567
14.0196633954
14.6409969879
17.4949443117
17.3575019762
15.1617922783
103.737876277
101.301448434
35.4068428958
72.5956456102
83.8031935394
29.3329284936
16.7083992809
0.223874352872
57.9525637776
7.86551407166
5.71652765431
1.28742314223
67.9632907464
63.7920121327
41.5624464826
83.6529905609
14.6029078513
21.4644913003
73.0258780104
24.0468745865
44.1531254052
10.136132028
27.2242156193
29.648851812
42.8079150533
62.5182754788
43.7422414999
73.6822365113
45.7605228312
38.089790225
99.0772271902
43.0653300137
34.2986745984
5.53802228719
34.6750846454
11.1515384316
28.125315031
45.2847462538
30.5164339711
12.703703885
61.7634959136
38.5324225164
34.3972817743
2.13916526735
0.576361530461
21.4932450503
36.5984130382
25.1095638312
18.1857344792
28.5950352698
74.6352526546
63.1935510187
64.4810852856
78.9369941438
51.1502047442
24.7644408444
44.4227373115
19.7417649783
13.2595314891
7.62756202742
101.54405921
104.260655366
33.1640023627
92.4312187459
78.2323469818
69.1549274172
