0.0
0.0
10.3320586905
43.6054937393
11.4148820224
21.1107640578
7.53389899805
42.5068776235
57.0515334326
95.4928967328
26.7229197622
94.5862353389
29.5408915579
13.8932663156
8.14378909954
24.9151983262
17.4684246182
16.1714825034
23.6001671031
66.7913232799
27.4565134217
80.7485448941
88.3962314129
63.0280564428
54.5682411511
64.7093729527
5.31274804474
8.83767722407
15.7114067436
32.3040252494
22.1062411722
44.5290928111
33.5346555523
30.6249146462
67.9238973074
105.642295092
84.7527618343
12.0600397261
30.8944867999
12.4982396364
8.90402485618
33.1060954104
30.988137899
33.7624504008
43.3563702329
34.7780241967
76.069645565
23.7822871059
27.0822853111
55.5436928021
31.1886806489
11.9138472495
9.46267764223
25.5541343597
35.1016134024
45.9249182688
42.1891212166
111.804575102
65.279266812
91.887969348
33.4623959587
41.6709437482
37.8646460251
7.35106189548
16.3558025658
21.7878827155
25.5715098269
27.3095204705
57.861114462
110.211434215
48.047847991
27.637942289
144.945532143
90.9265999049
52.4484001099
17.1397229433
23.9518067082
30.1496251747
22.4507597834
55.3568219813
45.1696826304
115.938675977
77.3354083301
41.7543142922
38.0732258856
70.4204342002
48.8719654082
31.2328192675
12.7731857747
11.2149330976
133.668972312
65.4028820693
99.2575218269
40.8262733818
54.7117485031
65.510689795
36.6517885699
19.6472324124
14.4899130799
19.2709509786
3.2217390379
39.6643973957
84.0733105169
29.9533453322
52.9278723746
47.223915361
28.9268670379
70.3727869908
58.3237952124
14.1434933748
13.5586836822
15.1299167387
17.6183367558
14.2728438377
92.7733909673
88.4762662946
34.9685690599
78.580383841
85.6570047252
28.226757042
19.7173829824
0.292140182107
57.2755830734
7.62432043255
5.49087235517
1.15921389637
68.5888980226
66.3934550174
46.1556353196
81.0598082208
14.9569013645
20.0930457562
73.6778023447
22.7262077518
42.1383591593
12.1837532111
26.7162666098
28.088138347
40.8663254762
65.1982431113
42.730018571
75.9283464588
44.792855064
44.8515283764
104.622614488
44.2816972061
31.4688340277
5.2559569627
34.9192407187
13.8752917713
28.2223726781
43.5376245221
30.7232962442
11.5174324494
56.5645430758
39.6919371542
33.7563181488
2.63376749866
0.673003373666
20.8787677512
35.7947725402
25.8316822574
21.7652030178
30.9912889301
70.1395425014
63.7456119955
64.5413081311
80.5217757336
53.3963119817
23.6578340884
44.0275675356
17.9961592378
13.0793059096
6.17367107794
101.72507637
98.6868460178
33.5120724142
89.8865456544
70.7136547565
63.7369059542
