0
0
0.525463376194
1.93609323748
0.6407148086
0.510533975728
0.526122033829
2.13863592362
2.67024481762
4.29911028594
1.12034719391
4.23595282203
1.2757886108
0.729966440471
0.254152460024
1.25801432133
0.519479365728
0.700358852744
0.835243646055
2.71541518089
1.4360675998
3.36713220645
3.22306926176
2.56199710071
2.39346896112
2.57612461597
0.354949504137
0.302291020518
0.573480874067
1.58425306005
0.902375937614
2.20965596545
1.23161746626
1.21651085559
2.41327311494
4.34586150944
3.56840233062
0.703957739985
1.2279802179
0.626637751178
0.453332439996
1.33605078608
1.21433153399
1.33178704232
2.02328781702
1.33426947286
3.21290705912
0.824599819724
1.29099416174
2.18336026347
1.3070109773
0.578626518836
0.326476983377
1.09984996833
1.53660231316
2.1586955064
1.8773499839
5.22793911118
2.4292689776
4.11575593147
1.46104043833
1.96407354809
1.73894482665
0.340452884207
0.703162033111
0.87823041738
1.0106090568
1.68939550314
2.70090294536
4.64863221336
1.94569443772
1.15577418113
6.62953371555
3.95099879801
1.71758497087
0.708596894518
0.987725047395
1.31044885702
0.915679728845
2.31276081339
1.55913876602
4.87442463823
3.58715261891
2.24742817949
1.51621779008
2.31574429455
2.15508642793
1.14516201336
0.62452004134
0.566638284829
6.43071180396
3.32227315917
3.97999560274
1.8985667536
2.57966860349
3.02595341392
1.58525179187
0.854106915183
0.475481480593
0.698207420413
0.160892704676
1.49192058179
2.65082009137
1.13349677436
2.12461776531
2.1151384656
1.103982926
3.27371755871
2.25500338292
0.521314781159
0.7747431834
0.687820383348
0.644809950609
0.600732207298
4.53238881542
4.08154674596
1.49991129339
3.01428164123
3.51379962545
1.34711994976
0.529386520386
0.0
2.3670046106
0.339562714566
0.378014873189
0.0135412699892
3.00067755772
2.65869074687
1.32451125933
3.83420156874
0.647691568825
0.972392661497
3.10347929219
0.963913619518
1.75436521904
0.408600805094
1.28556329361
1.20991330803
1.6272917809
2.40604678262
1.74007684086
3.20916932728
2.00118333427
1.59851515852
4.47223869897
1.96797981486
1.45350349508
0.275024951901
1.30337835464
0.35198260285
1.21482341364
1.73298676161
1.40333211725
0.449153397698
2.39479833655
1.45727363881
1.33869827702
0.146029602736
0.0371038466692
1.1037824254
1.58322236117
1.02268021554
0.834771625174
1.31821830664
3.25030501757
2.60840016743
2.76986043667
2.88759077527
1.93896861887
1.1108931037
2.41524173785
0.749588868115
0.594263488252
0.457312192768
4.02967420779
4.70962142013
1.08621231467
3.56633643682
3.05936641153
3.74466742063
1.36109675578
2.07633363176
0.843162578996
0.461019875016
1.04480917007
0.700862653088
0.969720589579
2.6813477613
1.63942013169
3.67310323974
2.9155348991
4.62871489325
1.14712008066
1.93316692533
0.728423393797
0.341823034687
0.20883662533
1.00529609621
1.5671897232
2.92594499839
1.10494673671
0.821590401407
0
0
