0.0
0.0
16.2914063036
48.2007672787
15.0962291658
10.9404919837
16.1516977418
46.7841004954
59.9837891981
99.5183708947
34.3342184052
108.758930169
25.5945264689
17.9659117442
6.00950396062
31.7696828842
9.70292221382
16.5554799512
28.4662900754
62.381706599
38.4763631076
71.4744013735
90.9851740469
66.9530493022
58.2252372355
50.6640027137
12.6083444506
6.33670421318
15.8427469125
38.964130506
23.9523865208
63.3621416352
34.7631070522
25.3623525034
57.046590173
94.0899857506
77.8779223246
14.4766291827
35.1354895654
14.9966719151
10.4148250222
24.9473969309
34.0495315356
29.021633707
58.2780915024
32.4042253644
74.3611837104
22.2797674891
34.3226352031
53.5926487121
30.7466021105
13.9077025317
12.9235768206
26.0930755958
31.4552841672
61.4172920566
43.5415006802
134.764343404
62.9988526349
106.379389208
33.4325408657
46.856595911
38.3063003719
10.0729350792
11.349221617
25.5013147742
22.5903339274
33.6895709038
66.5708599762
110.849347101
57.1803701966
38.4432233717
189.478071847
96.1174001993
41.7988354973
15.3520379439
26.2185128779
31.764987588
21.6103671491
71.1716586538
36.5843091979
122.480165175
77.6612857282
64.5841037609
32.0808177888
48.2832203059
50.0084782939
23.9639870413
15.8086010758
13.2361856103
171.462282501
79.8827247005
99.1252565458
44.8834457249
56.6953724796
89.6369172838
38.1014876837
19.2222558484
13.578805631
11.1226685839
2.66812757962
32.2875044234
48.6793541909
24.9055609255
43.4063130878
99.3960639533
25.775774262
79.2687875772
57.1983093218
10.9783475362
21.4403888136
15.2365903146
14.7448667809
15.3596520424
106.604890292
94.0756611535
34.057060428
73.7780528515
78.1187671982
27.4383163154
11.8395532966
0.0
62.4584608042
7.22387657314
10.3838008046
0.112021635287
68.2718523535
44.4164005704
34.0817578733
91.8814487904
19.105916013
29.0973300823
71.9652751162
23.5453076251
41.6483446034
10.2261541332
31.460607402
35.2808496588
37.0246755691
52.7089513018
42.3991330918
81.4797626138
48.0934370477
41.4373923763
102.297218554
42.1617279053
45.6749490648
7.61805152335
32.5497207718
6.58709995262
33.3281983723
43.2826943434
37.8588839136
13.7820149884
59.2544546477
26.0496361255
36.6564054634
3.06442462654
2.02203053981
24.1566921473
35.5479797647
21.9056598544
20.5401116721
33.8366698512
79.0566100097
63.4851450026
68.0174809714
70.9085051074
45.2606293334
28.5703844755
51.7371627338
25.1334874229
23.8281574175
11.0930065541
114.508986354
86.6203912944
33.857679449
76.5533267059
74.3095112443
103.128227636
