0.0
0.0
11.9700949788
48.8451755047
13.3932454437
16.2999279918
12.9537153672
47.4870589747
62.9134957418
99.0876994142
26.7074056529
100.360383117
31.2142062485
16.2337520085
6.4604645893
29.3095808028
15.4070955282
17.7241415754
19.8372787312
66.4846024253
30.5552866906
85.3033133671
89.8622890414
63.4704569578
54.331484735
62.2617343068
4.22534930707
7.2874433063
13.6907230946
38.0126074198
21.1830365248
49.2580140307
36.4042236674
26.4549456463
61.2522121277
100.543948308
89.0018870299
18.3228286765
29.7169404701
13.9532517996
8.95499405266
33.2179715988
28.3411738202
33.6065151002
45.5771595967
32.1373431982
77.8443168103
23.4219668638
29.1277480145
50.2809146508
28.5153484493
12.0616498017
8.57480386085
26.9589906084
37.6092090262
49.1610701374
41.8437782592
114.011943374
60.3720255197
90.251953561
37.2539188675
46.2128657923
40.5480329544
7.53229911905
17.7650221288
21.7675365047
24.8048999906
33.2705631629
62.5171737446
106.36764693
44.492050074
25.3780086694
153.21667555
97.4913698585
46.138207063
14.6393161565
24.0694037453
31.64293731
26.0960325358
51.49548864
39.4946556631
114.821270283
85.8101411909
45.1993900622
36.3836047054
61.6858163551
49.6428607999
29.9356178251
15.5673299292
12.6345894355
142.5558556
75.770913533
98.7967048286
45.127913922
59.4912602863
70.6192653751
36.1377276946
19.9106076798
10.7571471836
17.7915239017
3.48605837021
37.3714084738
76.1866168399
28.5563120842
51.6413749075
48.7649279124
27.5977646126
73.3595824997
54.3665167764
13.9214311433
17.4275698755
17.1167015769
16.9016060997
13.6010842323
111.957968691
99.1081776247
34.9276946558
71.2719760426
84.0652322621
31.3493999988
17.9251200557
0.0
56.1111938506
8.17223101481
5.55439632247
1.4471131498
70.8287203234
66.3852610476
35.0779998194
90.699722657
13.9961826112
22.5283012837
75.9433675752
24.7834404799
42.5550247282
10.737139117
29.7856561699
31.2742776554
40.4518420099
63.2086793258
42.1003344934
76.873051783
46.0725524902
37.9792670813
96.9078834281
44.9147137553
35.9952068477
5.45022796466
33.420634685
11.1671836227
27.9213869422
43.0948348296
31.6725374758
9.36519313418
63.1335815779
38.7236425224
33.126836772
3.68376642466
0.866812569089
23.987288475
37.5096053592
21.6648112982
19.9009970007
28.0587426758
76.5277966709
69.1737993658
69.502680637
71.0440037856
48.1053355224
22.8864654489
52.3745696767
17.1604805924
11.3994925283
10.5734805018
104.684131041
112.874794219
31.9693848677
85.4115057434
67.5535586681
77.617690187
