0
0
0.677695058286
1.82523041943
0.906131627969
0.348350879969
0.810051750275
2.11916199862
2.09984105406
4.14534316771
1.66170456354
3.66098866169
1.2243892476
0.616143431049
0.24801443168
1.26435311511
0.306327563012
0.690525975078
1.36463860422
2.71684662998
1.31675503403
2.74020281108
3.21429354651
2.9995239228
2.3463646351
2.14710939955
0.666910283267
0.310248726513
0.706290987087
1.63958281209
1.2728779763
2.75584435044
1.60800679424
1.3726612702
2.33716535615
3.50569036743
3.23079714814
0.647336855065
1.72320429416
0.728757162578
0.446781466366
0.964462827425
1.49936587899
1.03015661263
2.40149138862
1.49310011603
3.25490347075
1.02872078633
1.67040371848
2.48118275905
1.17992292019
0.688435906544
0.782275713049
0.968213688582
1.4394723773
2.91225023894
1.53295720322
5.13599787327
2.84717661398
4.77688388387
1.35413661413
2.12296690326
1.1756222127
0.371826376766
0.31631427817
1.03122982383
0.763395580463
1.38852589531
3.17354794964
5.30752422777
2.7563011162
1.65510905767
9.72431432491
4.07810334302
1.95002405718
0.632311318768
0.934668798407
1.28926369734
0.873965462204
2.89783369005
1.47432921437
5.44038443547
3.41664516419
2.36840778822
1.54011283815
1.58826692775
2.30495297501
1.40469516162
0.557154287118
0.588273738627
7.55607499834
3.40268196817
4.26301266812
1.88119412947
2.19213790772
4.00763779157
1.46506855893
0.935862850863
0.413796549663
0.480287749786
0.109337921604
1.0143503719
1.86562620511
0.968194440647
1.72297537234
4.55642536649
1.29110781173
3.01207212382
2.26595346164
0.508854427375
0.857258283533
0.645764416084
0.434070405783
0.617732226849
4.03311400511
3.90896778624
1.22465236206
2.95608921768
2.47103095026
0.955088492483
0.561365149915
0.0
2.83139065467
0.335037679528
0.467060863739
0.0129063366912
2.99024248077
1.7402423537
0.945519564673
4.01117451862
0.80124648608
1.32059346279
2.94372786058
1.00504413666
2.65416637412
0.348688581376
1.30778014241
1.71057400294
1.87442725175
2.34004676715
1.47509554308
3.57112016017
1.91882787645
1.53511984413
4.56140415813
1.7642495567
2.07176004723
0.225010201684
1.44598163699
0.260727287736
1.51250345318
1.7109496207
1.35325216525
0.806791717885
2.37684184348
1.22908966616
1.57465101051
0.190572428051
0.124201626517
1.11393899797
1.23135271017
0.945824672468
0.84130250942
1.44213914964
3.81962283561
2.94563234877
3.11680530896
3.20670737751
2.134961128
1.18729065766
2.39611859294
0.667899828404
0.945244917646
0.288482572534
4.73946931423
4.4051492596
1.54250686243
3.23319631116
2.99609984457
4.01796987932
1.22524554539
3.45044503617
1.41628366942
0.339210430626
1.02583464794
0.830620695837
1.11331783142
2.13701615005
1.44523959892
3.96835263306
2.60117961559
4.13127571903
1.58420919877
2.27614983264
0.618266752863
0.421017082874
0.580826463178
1.57186368108
1.40167184104
3.33634022606
1.07203383278
0.99131669011
0
0
