0.0
0.0
13.8564388454
43.647933391
16.7259070091
12.6616545639
13.451974567
49.7954390868
67.0508603453
100.672580413
30.0097339378
93.3166675865
29.0725217304
17.6520619495
6.44695865549
32.0419349671
11.6774800122
16.6925382614
21.73982694
64.2645352354
32.147649899
80.4080528878
70.7042961996
61.5815488099
57.3059041054
57.9056517631
11.159983635
7.10572531075
14.0330271442
34.0454514838
24.0090962705
56.1139103527
34.0831471738
27.1550515966
54.7580544389
99.3484653086
84.2519909832
12.5041724034
30.1006478033
14.9832117716
10.5211801976
30.8250832558
29.1693498641
30.4491035678
49.7369823754
32.3112808318
75.3838863821
20.5576497233
33.0124990577
55.5971955043
32.7162342221
15.7182231769
11.7628038749
25.8884603698
36.7525284012
54.9667592515
44.898530203
130.39593246
63.3316114694
103.883835029
36.6292484506
46.7839059233
39.0877182036
7.93968152628
15.6426839456
21.5211606324
24.1714136302
34.9808236956
66.3300186283
108.600012378
48.1128115766
34.3729397803
168.352542669
96.8078945597
40.7442178774
16.6544707529
23.8610142768
31.6885497494
21.1669787317
63.342015557
40.0400890634
117.681485049
89.3000192642
50.3758157194
34.6563912034
58.9347752407
49.6358778478
28.8325588774
15.1158048911
14.5744685903
159.304721525
82.898089584
91.6224026642
44.0902379304
63.4834837987
76.7177218963
38.6164667784
20.490493644
14.6188208666
13.0918089012
3.98841648269
35.6707782838
54.5328655634
26.0876602716
49.1450570813
50.1320658024
24.8143994698
79.3122711406
52.7902785168
13.170275202
19.2658731379
19.5378056522
17.0071524493
13.91482687
100.169248288
98.0226184438
34.9631784427
74.1493694633
84.0371228681
31.1019183845
13.6658315063
0.0
60.5797618032
7.99123379309
9.44087876378
0.291464711074
70.1761179878
57.4925079682
28.9295030014
91.4534741342
17.177878744
24.926490739
68.2079839334
24.085716689
40.9082159539
10.193390714
31.152775716
31.4024225158
38.8782882979
56.7706916328
42.4225482262
79.1706295944
47.2983908561
37.0068019694
108.272470191
47.2627526522
36.0660346896
7.3448247984
32.6429324419
7.78890238702
30.4620753228
39.8702197318
34.6851476971
9.00222489238
57.8153243064
38.339596644
34.9425238435
3.54879252612
0.417933992575
24.1410254616
36.9798641306
18.8894641846
20.1673733415
33.6933636535
74.2463231635
65.4231022987
61.9285465339
70.4288191068
47.5735831709
29.3164461684
46.3143617827
20.4623700818
20.6273009805
12.839063855
100.550062314
96.865120165
24.3467861117
84.9162301558
69.8125259244
79.3142474033
