0
0
16.1175653972
33.0785515644
20.3720433712
8.67754654214
21.6845139703
48.7588959374
43.906354621
93.1379201318
43.608458519
119.383824594
31.4401995242
18.4215934826
5.57483363897
35.6302630416
7.79556364474
12.7793099675
46.6312112302
70.3361321724
39.0481998214
59.5671340562
80.3524803893
74.5417689084
47.387760222
54.1857377887
16.0557407141
9.29353752919
18.8655633023
37.5601039454
29.7951978185
67.7462139185
36.8402920068
38.2904402911
43.986321587
67.1143135205
66.9916476365
20.5199862924
32.6287277201
28.4491239713
8.34078061582
20.6047005281
32.7182409446
20.5065449774
72.6638763919
44.7159322054
70.4065062348
26.0856866798
45.1566609262
67.4236062504
29.2403067089
19.066847268
18.7804971188
24.164555736
32.5708816764
64.9841996832
46.4889162406
97.3626485021
71.4547659802
106.845792841
44.4403183759
58.9064191728
22.1706385673
9.96016146989
12.9275385328
20.7175408825
22.1654347032
37.491511859
84.242723845
122.108452588
79.9851648509
42.482733564
264.023578783
99.6376759874
47.2418271079
15.530521912
26.5099463621
27.5000493005
18.2972565964
62.4323659613
39.0681144185
112.119448531
98.1018035402
51.0375938863
38.9476333001
38.2944399398
45.9888302498
40.5854016691
15.6209582538
14.28937608
183.283912422
90.4851653873
90.1133753741
48.1520961206
53.8162911571
99.4687467478
52.9321766496
25.2598855644
10.8577580899
9.1104741823
1.49307748675
26.8557718853
33.9009503479
19.4723718781
43.1769368424
101.363123015
30.581238918
67.4048226989
52.2718452048
16.2321352065
24.9916070402
18.2734950408
8.25748356151
13.0938763619
101.900550698
106.365251586
40.1130946018
66.7033298426
60.2600007691
27.5755688846
11.0717446804
0.0
76.8131147772
13.7310747835
11.5725611821
0.0
72.7741357795
38.1458941699
17.3705756608
100.308107525
23.9144833423
34.6979343965
75.0457745261
21.7337368727
78.497169312
7.47820854653
31.7017074377
48.145395264
55.4365426675
68.7010041252
37.9477314278
86.7042249497
46.3465974034
40.1362088621
103.560500074
41.522402689
55.7160982714
6.2247762233
32.2905693725
6.60457927733
34.1587011125
32.4166903272
29.332714213
17.2530071083
52.0985212606
16.5203451142
32.6788617521
4.97127055562
4.67108010874
28.7112771641
31.6718972242
22.7008773694
17.826712545
41.9607396125
95.8340543434
70.2808531579
71.6411493067
72.9787418693
53.9933424444
23.7261497816
75.4872645065
18.2409942895
22.435178278
10.5086826012
108.921370218
95.753712751
45.8841118366
61.4641825464
69.3505605384
96.6803010274
