0
0
0.626315908507
1.97152056108
0.782145608217
0.338595925132
0.764207242755
2.08031337382
2.12239240995
4.20480631897
1.52759456402
3.90872373967
1.18853233196
0.658766137902
0.255128774093
1.35680473968
0.296359618194
0.664676871151
1.24206498265
2.86117377132
1.30008350499
2.57055326272
3.19284619577
2.97449968755
2.61285169423
2.15973742213
0.655520202592
0.298148076516
0.767539079592
1.78413620708
1.08534607058
2.57728347834
1.40369565971
1.28777445108
2.19092104817
3.55954610649
3.12205547327
0.643558138981
1.51422519638
0.641641810536
0.384984586446
0.949014529353
1.59563230281
1.09767878591
2.26523318706
1.39926686138
3.3441817204
1.05792683962
1.63560099097
2.29369544762
1.24821579666
0.613601910532
0.572783039068
0.973836711899
1.37982054614
2.7423749849
1.41345482972
5.14643198485
2.72336014081
4.75145392981
1.44543337007
2.12417044723
1.4068714492
0.337801966816
0.383160668891
1.06574991718
0.796166840941
1.37713619694
3.11545692146
4.90997617482
2.64244479628
1.52229580621
9.38257748575
4.18033375451
1.90553256497
0.600248695817
0.901965457946
1.27837550268
0.928233413026
3.0007549813
1.48482503975
5.12835231423
3.21355430398
2.37728801731
1.67211964354
1.70273866761
2.00216262304
1.28047563555
0.687142517418
0.563690369716
7.57351703546
3.4299846692
4.27140375599
1.91912546707
2.12182709621
3.85560958274
1.43112374912
0.978291130625
0.337565574795
0.519397865864
0.098484585993
1.06606631679
1.89933510416
0.964624317014
1.69122245931
4.25819655746
1.21623392031
3.0033537558
2.2710345313
0.532290362986
0.873767896323
0.710126563441
0.478130721254
0.556700646877
4.23512660502
3.94533335674
1.26507725706
3.09928922541
2.78594973797
0.971469758078
0.500015765429
0.0
2.76034423988
0.332134859171
0.478355122148
0.0115979175316
2.78133382037
1.73016245011
1.05205964576
4.08220821992
0.766340062371
1.25364916911
2.93145190633
1.05025793449
2.40053956793
0.38584156055
1.27974227886
1.60072998982
1.74909815635
2.2762776555
1.49802132696
3.38363677589
1.97757126507
1.5556015016
4.76699475758
1.63990269601
2.02634199895
0.245523306832
1.30447127321
0.250689397566
1.52041798714
1.8284934191
1.26149662212
0.660554084461
2.33656681038
1.08394579589
1.58372913324
0.169183927937
0.116031699348
1.08310858614
1.281718869
1.02598430589
0.856376947369
1.43885417795
3.47309300653
3.00843675435
3.02572734258
2.98332359316
1.98720770259
1.19665328879
2.44213321572
0.669034240942
1.04346094374
0.476810127671
4.72012827918
4.20993670332
1.42395370966
3.1975727937
2.70903925097
4.49492961541
1.30533117597
3.29570943303
1.42401453201
0.378206326161
1.12053329404
0.753962789662
1.07947819983
2.38983654673
1.51424681116
4.08334033575
2.52538479253
4.00581922458
1.46507874964
2.28102350608
0.686784152378
0.359042212949
0.485567234457
1.39183211327
1.47488848842
3.28602496139
0.99230312556
1.08025650494
0
0
