0.0
0.0
13.9064187482
46.3426332324
17.042802114
11.9304165761
14.0430827513
48.7513528279
61.0663906932
103.832046557
30.6729496903
101.374624623
27.8598535296
18.152992297
6.45277243853
32.6860742568
10.9488076293
18.5627835989
23.9806103669
66.3043101019
34.809946373
74.847318571
89.3007705816
63.1185711622
58.5869119315
51.4929168708
13.1973295212
7.22672348657
14.3307097745
40.7068210411
25.5100171944
57.9221542721
32.951870028
26.7902499293
57.8182238023
99.8599381596
80.044045927
11.9453707002
31.308612655
15.1715969788
11.9138077498
26.8430442977
28.5565222157
30.2997959722
58.941822119
32.1707159328
74.1644111016
19.5708792228
34.4315477628
55.5019106326
32.7879545074
14.9305268973
10.9177687783
25.108935373
35.0108574852
58.5941584277
43.3861295014
136.978328983
62.646115914
101.298245788
38.0136877858
48.3285733536
36.4884573072
7.68051802274
14.3426520377
23.9460564405
22.0846533179
33.485354483
67.3787158056
109.654056505
52.2981053832
35.9309116001
174.989524453
99.4573193974
39.5186299402
16.5112511292
24.2647298738
30.312314093
21.2446556389
62.6890556858
34.3935293779
117.309384685
85.8200022233
55.5700083934
36.776324898
53.1599869766
49.9639480634
24.5892156343
16.030398963
14.8140669912
164.941749087
81.4391801822
92.3418314942
45.4611962846
59.3186079058
80.0925341026
37.5920199026
19.2691689134
13.9650092851
12.6466388055
2.92443389352
34.122779701
52.9119161366
25.3465305715
47.869748706
51.9222584018
27.0139460899
81.7072009882
56.3524529693
12.6991399163
22.6558402302
19.3293739222
16.2516065407
15.9815812111
99.7790470469
101.60190808
34.7601548285
74.5065958946
81.9829521662
26.2756195666
11.4380196333
0.0
66.1292139888
7.24287101626
10.1719111595
0.490496325307
70.4547205078
51.1449664346
29.4312255979
89.2402941809
21.5888249902
25.4849404524
72.9290495218
23.6571630919
39.2991152081
10.2356027579
32.3293084056
33.0071149114
37.8624051091
58.3178451062
40.3767588828
77.6503456236
50.0411281529
39.7711954416
109.380723238
44.6388332249
38.7242083402
7.56078514829
33.2158164118
7.42199914903
30.3534847834
41.2632793262
35.6282065586
10.0108348802
56.5547716766
31.3968975396
36.0853203967
3.09347022324
2.31268688478
24.5907118097
36.529621074
21.294862479
20.6635938026
32.6533211321
77.8950031037
63.6054072977
63.017843035
77.5639345498
45.6820894963
28.4375703586
51.8180575459
15.9722620212
17.4970562886
11.2466517873
113.586942047
93.4921005293
30.4180279459
82.640114095
62.0867419728
101.610244095
31.7472043354
57.1383277774
33.8900671229
14.8553059772
22.9138674326
22.0292806774
24.8185997866
60.4329026006
43.6249361952
94.082502365
59.289062256
107.821148247
32.1658038106
51.5859000274
12.7893360034
7.59835071209
5.122804977
24.2989259362
35.516721949
71.6772640944
27.5712548868
22.2883125544
78.6
18.76
0
0
0
0
0
0
0
0
0
0
0
0
