0
0
16.5724801272
48.8762419783
18.1020396352
10.4280882552
15.2816425469
46.9252442681
54.3718227893
98.8026917707
35.2645108402
87.2080954452
26.1653314234
16.7343054092
5.72144080325
30.8630189897
7.78330271551
16.0290890783
28.3304146529
65.0803341643
35.4853619189
73.9216166474
89.68535937
67.1458758115
62.8742682338
51.5475543514
13.9633308202
7.16108160094
16.6382821002
40.9138943496
23.8605749113
65.6381325312
31.9505301955
27.2511606998
50.7652253453
93.1471053734
77.2146258262
12.3946265951
35.0965833468
15.324560713
10.6466855854
20.4097707756
37.4939427758
28.4065107276
55.4718439159
33.4135437905
78.3483457154
24.0196285956
36.6950859139
53.9881240056
29.1294241493
14.0992578473
12.1327136792
25.7221138068
30.0627752134
66.4995622282
38.0755360164
129.845091529
62.325817421
108.888742536
34.2702712385
46.9054702171
35.459387496
8.44430534542
10.0686292648
25.9505909532
22.5313183218
33.6646068691
66.4563878537
110.522400401
60.6017468647
37.9482653006
205.787503811
95.6093498916
41.484169241
14.4683794007
23.6383038461
32.0234306753
22.3916473836
70.0762545391
34.6040210278
118.876391619
76.958953835
63.3811227204
31.7077697218
46.8559264987
50.365136465
24.886926882
15.9880077057
12.8951207399
181.723692695
81.2684556562
97.3787401942
46.9017589913
53.293250531
90.4365338633
38.4120333838
20.0348585495
8.34311664106
12.9809838768
2.59610646079
28.5768427402
45.1508366839
24.9657892752
40.7091237679
98.1195613901
26.7677127197
82.9239054979
54.9557102434
11.9376646858
21.7331064851
15.2375965901
15.106071353
14.3727035522
105.362166306
91.6242077854
32.6110055129
73.4411199689
72.8593041077
26.4060171247
10.9690947533
0.0
61.6532552707
8.21142672746
8.79543260251
0.113096418791
70.2950435062
41.4178703203
30.1601760238
91.8192991913
16.7359478921
27.0002325979
67.7616007961
25.2392493662
54.9718871378
9.62461493165
30.6004120939
36.5286567828
40.623335915
54.4804245466
39.9393497407
76.6725241766
47.789965164
40.622898817
108.691374835
40.2325322182
47.1097884624
6.41830483452
31.6047951578
6.06692759693
35.9035664582
43.1502577589
31.5313220323
16.0221728068
55.1016822746
21.7734527886
39.6392480429
3.53341027536
2.69095234015
25.6726972462
32.802729115
22.170922637
21.1093433015
32.8357630502
85.2321320326
67.4819316566
70.1945877336
72.0137647697
46.5225591353
27.5693459976
55.6501435094
14.480562624
25.204745371
14.8346402552
113.981872827
90.1080848426
34.7753716706
82.338379967
71.9319417067
107.414058471
32.3441246599
78.6827490852
36.6699552386
11.9828474005
23.8906830847
21.1963804755
26.3460129238
58.9649694377
45.828560371
98.2549880594
51.8930065111
101.372526212
30.4450833053
55.3594321757
16.3196260594
7.87619327568
8.7279634662
27.443005979
40.1360622612
79.3162388318
25.1011891366
26.0495825261
0
0
