0
0
10.2139149606
42.9995905906
10.1772496104
21.5122086201
6.98233639822
39.935417153
64.4902469405
96.0585762737
25.8887466454
90.5674752295
27.6799238138
12.5884947628
8.27755784803
22.7409296036
15.4841334745
16.0581514388
25.7174107433
66.6159686242
29.0140675754
83.3340367265
99.8840668202
58.8905875682
56.1496953461
65.423171814
9.3680317998
8.93571852799
15.6999010895
30.148969781
20.7735389024
42.4507969469
32.5823693165
31.3728806208
67.7072370463
106.029263422
87.813491736
8.58288915641
30.7470867634
12.0277993083
7.3056922392
32.9015710958
31.6955171786
34.320338063
43.0982670178
33.6866068589
72.0884844101
20.8528412562
29.1295415825
51.0903690698
32.0855001211
11.8915164967
12.3540938795
21.3162761852
34.5060406253
44.5587660698
44.441891335
115.50447423
62.9151612091
89.4592721374
30.4603943167
41.7680594287
29.0971524418
8.77036906778
18.3563321829
21.3967083022
25.9730148353
31.6138670146
56.8221961046
105.567299545
55.530812136
20.9248241172
152.338207304
89.158386575
52.988439029
16.6609228849
23.8049093108
29.4935437514
19.7286607102
56.854274556
44.3805932086
106.782841757
79.4311551154
35.5592959318
29.1545511782
80.7800993537
48.0769967436
29.8492927692
11.9966834485
11.6447029011
132.878111428
65.7354675941
93.7091928497
42.1031786352
58.975747537
54.8134346009
40.8760069459
20.4368546773
13.6358657442
15.1849983372
3.86053528358
31.3003342795
92.4218445494
30.418740727
55.9241111578
57.763496064
28.122587663
72.7505413368
54.907796843
15.1230257414
12.350572329
15.5373949036
16.7624542359
12.492688179
82.9693595153
90.2820446155
32.1500587925
78.4534108714
89.9670391493
26.9054464771
25.0393553674
0.141496062744
61.2807589843
6.16981139035
5.12966885045
1.38088406436
71.996700732
65.5020182244
47.0494257734
80.0265754646
13.99336119
19.3345425753
74.6210212001
26.3822620399
45.8548495843
11.6082321703
26.8199946396
24.9854530022
42.2948473579
69.2049277649
38.7858899357
73.2407747359
45.1468384531
45.422985401
97.8581365718
42.3583105802
27.7185919109
5.24325568601
34.196633935
13.8853601664
30.5376412198
42.0148142287
29.6614563838
16.7916176319
61.5035255486
31.2020354458
32.2561548859
2.41670187749
0.739790227265
19.4040481076
36.2232420276
26.9979145294
21.3240274466
30.673117999
73.0507160201
68.9782577455
65.5453009195
77.7176416246
56.4677340557
20.6044706656
38.6703517958
11.9710836452
11.9684411678
7.69197661522
99.4603067189
105.745567717
37.2599751502
103.139672823
72.8846850694
70.9325118391
30.9629961682
39.2248523534
19.8864751831
12.62779313
26.4543317556
20.351323463
25.6360147522
68.4844572739
50.3849228359
84.6566368416
62.7786754975
124.638607917
22.6293344982
39.7750189975
14.9817991359
10.7707024477
7.86443616449
35.8387687951
36.0813656878
67.6617430164
29.3475409531
14.860829372
0
0
