0.0
0.0
8.54817804554
48.6973709465
14.5964781046
23.0564257018
2.7486264389
38.4052778407
81.7141329422
94.3343734145
38.7797899246
72.1712246868
20.7626152933
17.1807201505
13.5668170899
15.3738412857
16.4501041621
15.1361148655
25.2490676064
59.5133394151
34.1681333854
78.418334255
76.4451788218
51.2416607738
62.3482494
64.0871657318
12.1815186739
15.9133020427
19.4304051697
39.9057552962
23.6089206487
42.5362320655
23.3950349093
25.6083523034
70.9025757574
128.307913612
91.7783414126
5.46099579334
33.0521315038
9.45770305394
6.43742885069
36.2430362916
27.7282174118
30.8633964881
45.9198095798
29.1148748081
76.3457371519
13.495166943
28.6552082599
49.3661833963
30.8537392169
12.1276367605
13.3022231322
24.6900153682
24.3883118482
36.5067876019
44.376380995
117.577416259
63.8913962664
100.693499467
36.358656546
26.4537645439
42.0941597297
6.28437372715
18.957373783
26.5184412226
24.1702103088
26.4133735858
64.5407281481
97.3803394056
57.5329429229
26.2300406796
148.111194319
75.6965954626
61.6741087558
14.1790287495
24.609870851
21.2711764723
28.7710373105
56.0882073418
46.2328925114
106.086632095
76.3738405723
36.4446996907
32.1386389843
83.2619793238
49.936640203
24.8262898699
14.3967978945
8.58880076604
123.710279337
50.4003906101
84.1333925686
42.3845913727
70.9325826019
40.4831340406
29.7076259124
20.9926021574
13.3928496474
16.2337784283
3.695756712
30.9408298759
106.096069157
27.9390572794
60.7727308721
55.7711396254
32.1753432391
81.310459259
61.1079159211
14.9539003624
10.6168398997
15.5732711814
12.7972469218
12.1314878343
86.9939068034
86.6703677494
28.8198428527
77.6801414508
84.8948165215
22.7035557479
36.8244396151
1.7230500374
60.7574359327
4.29761316302
3.28653217759
2.40146952866
70.0553956255
60.3961399534
50.2289257049
66.842053458
13.1925669014
22.9971570075
67.8330317215
28.4937333372
39.1717563943
7.75793974008
17.6892149784
22.8187621236
38.5169411525
74.6444346607
33.8958838884
65.614810098
52.6446284345
38.038407337
80.9249090678
43.1586638465
22.2997145578
5.37711303682
33.1130391955
16.5370436758
30.2254148964
39.7387483958
26.2254676601
20.9523369558
59.2287899112
45.4806793426
30.5482118921
1.96494499594
0.118525575846
30.3550230163
26.2076065018
39.1436262746
18.6301315203
29.9179023876
62.343333643
60.6235217304
61.2922450109
74.1156400536
63.7631160245
24.6693755686
31.0777485617
23.1486505922
12.8877729848
7.31060143812
83.9795970199
77.9464360987
35.1813267319
120.354031116
88.637338601
66.7010483026
38.0994015578
31.2464585546
24.2768626994
7.13111810758
19.9686936289
25.4401909188
31.1484592622
77.0776015519
58.7750684023
74.7627376243
69.9593907091
125.002071952
26.4167283029
20.3704401478
14.9905364122
8.12058269978
11.472323494
18.0954759372
33.9587035411
63.9588321559
40.124041848
12.9898797367
44.2999999999
14.57
0
0
0
0
0
0
0
0
0
0
0
0
