0
0
8.21715702396
56.7339271092
14.932752192
26.9459018112
2.8532281313
38.9138589463
83.5421089231
94.7608838501
36.8560232074
75.4325183575
23.0204324322
16.272010535
20.4390794635
14.3540525436
17.0201937407
11.9742846787
28.4749337676
63.4050510674
29.0235425959
66.9051737712
76.7737214527
48.1097078918
64.8933790774
64.299707383
12.5746575594
16.5669920307
21.16199027
33.5372020486
25.0513998046
41.0147421286
25.4524687082
23.7040075064
73.3586832806
134.289345042
91.3949279486
4.49153065682
31.2388064861
9.00488233567
6.21553113497
27.2508662268
26.7960703858
27.2176057956
39.933255829
28.6429957039
72.9977501705
15.6544783856
27.3245459273
45.7841248066
31.0227680748
14.8060453534
12.2493162453
25.7228020754
25.0521086006
37.6179584563
43.9904002994
110.944061486
58.8492278998
101.601116748
34.1861726813
28.3118617097
43.9062909857
7.20659755637
19.0912955459
28.6219940856
23.5781019442
28.4097118546
65.4087441713
103.535009801
52.7105134315
22.208897274
144.789545717
76.9999001431
58.3360665254
16.2579470873
24.5152995586
20.0684695691
29.9925210624
58.7591419145
45.1682048923
121.365096803
81.9039886594
44.9009084868
30.3515714407
82.3508782982
43.4120301605
24.4851652351
13.9059501328
8.25944897532
121.248218584
46.2493542732
82.3237796278
42.5589771698
67.7738224267
41.928916253
37.5511834114
19.5101373252
15.2221146254
22.2037448511
3.63750252686
30.4538453388
107.577404413
28.8929571379
63.8572603762
53.6035770401
35.5675788446
80.5754756256
57.2996014505
15.956432621
10.5889854888
14.5802611671
13.2825916708
12.2619738579
85.7658783662
89.9220815376
30.0239203759
80.0435435381
79.694143692
21.8146626279
32.3523606062
0.765252155251
54.1751361787
3.35424190946
3.37852994911
2.8195693195
71.9504766929
62.5714821629
58.1412783154
64.3215977513
13.8603546918
22.6201849133
68.1798689738
39.316158492
30.4542786778
4.98162140417
16.9978028834
22.581487298
36.7592875063
75.662056133
35.5879344881
65.7844753414
52.4171886715
43.4047923422
77.805499236
41.7382219769
18.3079132475
5.55462737662
30.6302179992
16.8619613349
32.086052131
45.8443228416
27.5675473138
21.2873410229
60.2376578059
46.9014208037
28.6760291616
3.41736862622
0.0684520136566
26.7459961978
21.9659963586
46.0944498852
17.2634602098
29.1460312922
62.5582260602
59.4078817963
58.4750254908
70.1895349018
68.5124304593
24.9736594018
23.0232993223
14.5138347382
9.89723539354
6.44018972664
76.7003038824
74.375779068
38.2235020102
130.053665064
87.6173825242
65.2911132797
32.4776472264
27.8461207486
26.788954854
6.4274593871
20.0102020679
26.1925862712
33.2446624757
71.5898298487
50.585913252
74.3639833332
55.24652832
109.421698107
28.4867221824
15.5452903071
16.0379066113
6.7331983745
13.2972271666
12.4583858256
36.9413580629
57.1625354011
40.7032720037
14.384566918
0
0
