0
0
0.142981223762
2.36573988385
0.952030596323
1.18200761732
0.742486871663
1.18860158697
5.11654092208
0.799989891704
0.241078063846
0.138534340076
0.00597246270627
0.0
0.0634220268112
0.711304293713
7.58973979892
0.763464593678
0.825533137773
2.3133789436
2.82191808731
1.49440277321
0.514188379049
0.201263577444
0.0
0.0
0.0957438300829
0.448262321413
2.44508864393
1.68109272735
1.52637925744
1.79114466347
4.2014676882
4.79413058423
0.29826745484
0.0
0.164015239105
0.0421578544192
0.00331403990276
1.92421953956
1.87630900019
6.02139847481
1.55778940348
4.98855815036
3.93161042128
2.7317274455
0.513263436034
0.0
0.0
0.0
0.479471275117
1.45585609972
2.34871275874
3.21447408269
3.62024117651
5.6876891267
1.69618964026
3.58927062992
0.64239925053
0.211978428066
0.222599607892
0.010447663255
0.4535163939
4.07224235684
2.0798178158
3.77585982985
3.53280492639
2.740957506
1.18133168202
2.51280897076
2.1227957299
0.644851886434
0.0
0.434625262395
0.497383922338
2.58994351747
3.34264145326
2.9622082517
3.89997668494
2.72742070723
4.02706309943
3.44918328151
2.81175096892
1.30936326785
0.183626043843
0.00124549458269
1.19610040262
1.75653534115
3.27369289752
4.55291590991
2.96259344649
2.72751970275
3.11814948544
2.3726040395
5.91575618275
1.12760699703
0.0255449526012
0.0
0.807429550099
1.34403010481
1.82448779675
2.72390126524
2.93705996277
4.9616755108
4.03276151302
3.54857504833
1.51732984837
2.44139540941
1.68120461702
0.0
2.46125909418
1.5663244552
1.67733588675
3.12706261134
2.99124885362
0.779069484328
1.74621802964
5.26214919356
1.00139445579
0.695122826379
0.0510264076293
1.18623774173
0.443460358656
0.225562803447
1.05818800593
1.88142534555
0.73675281438
2.74649105314
3.53537938837
2.2858313605
4.81622881256
1.20998779312
1.65101819625
0.0
0.387942441273
3.02464004722
1.60714778642
3.36447134841
2.88765570801
1.27874226216
5.16585795721
3.75505516044
8.82981709338
1.98030511662
0.0249198898673
0.267666898668
0.728299708571
3.29282625375
2.77109074616
1.44008341408
3.49246005062
5.66984186508
2.97567571187
4.52107285918
1.94399449416
0.121099457145
0.0
0.0
0.844639718533
1.79797152383
2.50693900324
2.79675993015
1.51005559578
0.935694138054
2.94817072432
5.62938223034
3.44858668302
0.479204237461
0.0
0.0
1.02814723656
0.131216958165
0.946815647185
2.05538188294
1.43158931471
4.71060096286
0.809976668563
3.17048614845
0.422804413363
0.0
