0
0
0.145571207628
1.09151303023
0.690154406591
1.31594079378
0.616762856254
1.26548863878
5.41472711554
0.951056109334
0.27547197789
0.141105702845
0.0
0.00305189425126
0.0686448086053
0.88957871031
8.08719671913
0.806811229791
0.710646452382
3.57108953968
2.36954413453
1.04419184197
1.28267282248
0.234788343776
0.0
0.0
0.0486771957949
0.815421049483
1.84648549743
1.61507128854
1.31804836169
1.91284665046
4.7312610416
3.85231738002
0.532975225593
0.0
0.876012213528
0.01109141903
0.00905058160424
2.13705366361
1.66717667645
5.99476657622
1.57848901767
5.7579367836
4.1195574007
2.74519272335
0.369786130963
1.96147108078
0.0
0.218476928305
0.371926371008
1.51705526211
2.4860244114
3.23793574795
3.2891720506
4.94494776649
1.89846667403
3.75412941538
0.829075561604
0.238158472814
2.25076828012
7.70719895698
0.0
3.7798693981
1.88976802584
4.01655642129
4.0878258287
2.56749177526
1.25715054886
2.7737040713
1.06952310953
0.232823393075
0.0
0.609897363931
0.53123664856
3.29587609973
3.04744473333
2.82710781082
3.38769979775
2.44006361743
4.66032248462
2.95603032934
2.58790667076
1.5816042386
0.0231934543699
0.0
0.692228926346
2.60356510099
3.92292298446
5.21544734947
3.27110403171
2.82965509151
3.34086206928
2.54979755729
4.77688564616
2.41893404908
0.0555888973176
0.0
1.02019241406
2.00205854606
1.9781117565
3.21307875501
3.72314129816
5.7342444731
3.70116523234
3.92989236303
1.29168603383
2.27173069119
2.88341540098
0.0
2.23608993215
1.83668900386
1.54871015763
3.45745945279
2.75710243289
0.709230837878
1.69219775079
5.79946548399
0.944032085827
0.968897548039
0.267879357561
1.47076599766
0.380448177748
0.679103884846
1.13318399468
2.00077129432
0.663699838798
3.07537756301
3.7759476346
2.49273726763
4.10031950986
0.899605898187
1.70292881131
0.0717731565237
0.571171835763
3.50810424774
1.6136089206
3.227257255
2.71371515654
1.25182740856
5.54954797437
3.99252681126
6.87637649383
2.04610377271
0.177293437999
0.377120652236
0.799415615504
3.29295480833
2.62645597488
1.48199794372
3.4008333059
5.3613420641
3.03981249128
4.1463818152
1.83579204459
0.185795038939
0.0
0.0
0.806963741779
2.09209853533
2.35893007182
3.05630929582
1.58993172995
0.947614087258
2.89303758508
5.59889829531
4.45041126246
0.519176125526
0.0
0.0
2.77191737294
0.0194864028599
0.903885226697
1.60721053206
1.81165320612
4.7052432159
0.972832890227
3.05741531029
0.956882219762
0.0
