0
0
0.124193996191
1.02983914688
0.70932366245
1.2911374463
0.699964423664
1.3934139004
5.39726732927
0.849685369525
0.0672432854772
0.128634890541
0.0211302693933
0.0
0.0540229053004
1.10995962238
8.18078794627
0.888457812718
0.775938068051
4.08408180648
2.23764760606
0.602369633503
1.36977286637
1.81376354489
0.0
0.0
0.0515249930322
0.881677027326
1.85633251444
1.68475697469
1.24746557476
1.88748005184
4.72665648372
3.65364212007
0.395113318926
0.0
0.803976140916
0.00481389509514
0.00629795296118
3.37251175381
1.83931882866
6.05143546581
1.57780715218
5.76534199831
4.34948106622
2.76732724905
0.136801199988
5.25859260559
0.0173101816326
0.0776580125093
0.515493318439
1.57980511803
2.89591629058
3.50713789812
3.38202032819
5.28713997419
1.94091773056
3.56073300308
1.06958638807
0.215398774482
3.86275873007
16.1014986485
0.0394700281322
3.33713651821
1.99500404741
3.95330481324
4.35273388028
2.29850635445
1.22359380277
3.22403693513
0.955072024022
0.439685252844
0.0
0.702209889889
0.366293698549
3.49588614982
3.09099565586
2.17708454316
3.26263193943
2.38663240848
4.76791691617
3.09219663753
2.1777621978
1.73072556593
0.0240693353117
0.0
0.761389639229
2.68636728916
3.48429370334
5.16071778466
3.10439657897
2.6820967723
3.3422707587
2.73529807897
4.5548314933
2.75689547136
0.0569994598627
0.0
1.01258422958
2.0124542847
2.06051815068
3.4807502469
4.06233955873
5.79793682043
3.60982634744
3.68671038153
1.55807388434
2.34760506824
1.83509978652
0.0
1.22809702076
2.14726580307
1.53896457085
3.72560434858
2.8594880749
0.786760618677
1.66288714629
6.56151498342
1.16368592985
0.802917130291
0.196041698568
1.60844549444
0.259842494503
0.951498903334
1.17249527108
2.04126423234
0.818489470053
2.92418073211
3.66751056886
2.53686803824
4.47212248016
0.879994652234
2.02477145568
0.0795083120465
0.289166472852
3.25204763608
1.58899725031
3.0970445564
2.31358483876
1.32837362064
5.62564775557
4.18258034874
6.61028311495
2.51346992701
0.137052742764
0.389651265927
0.991336516483
3.08029590966
2.74816449266
1.62065959
2.9733920549
5.2399445771
3.05380211119
4.37709277251
1.94874507928
0.179345235229
0.0
0.0
0.363572835922
1.86472432595
2.16216205806
2.2960045021
1.71254239057
0.835790280951
2.92415333656
6.04929206055
4.3544882976
0.467903316021
0.0
0.000500761612784
4.17284826189
0.0108003495261
0.843203043994
1.9341992198
2.13996598018
5.04099661282
0.867783124093
3.22253590263
0.998778741807
0.0
