0
0
0.140232734382
2.54487888888
1.10514677409
1.17432422389
0.871380778786
1.00903483806
5.09811664582
0.792688514106
0.395837277174
0.128241644707
0.0049876049161
0.0
0.0572040481493
0.751125222072
7.70624695136
0.704218916129
0.799225927563
2.08880980685
3.03828748898
1.04716613051
0.950922347605
0.330702384934
0.0
0.0
0.18154556962
0.357220335165
2.52898938477
1.35416758235
1.54487370839
1.72570854891
4.08972176583
4.79792792071
0.801650504232
0.0
0.564751389436
0.0667607542127
0.0028997848276
2.77905254811
1.77968391893
5.87261476566
1.51523403521
5.03028663807
3.93048072187
2.66826689243
0.310567601584
0.0
0.0
0.0
0.627775506116
1.21407638863
2.257578408
3.29482553527
3.33719234366
6.16267725825
1.55117278296
3.80802269373
1.69988598442
0.17766390834
0.217309482396
0.00293886126019
0.487910479307
4.03176690871
2.06808491389
3.40668260236
2.83130515541
2.79229590343
1.17450620601
2.50403377484
1.55093241303
0.312911084853
0.0
0.445145010948
0.517597895116
2.50714502158
3.30508034537
2.71884589351
4.09430082445
2.83471292257
3.91516910197
3.58508391399
2.45080610388
1.54402101599
0.173723620246
0.0
0.332351582125
1.54166006367
3.60782651766
4.74308442022
3.06209182926
2.85015103687
3.06993659073
2.18846908043
5.04550206847
1.27073644847
0.0196368638426
0.0
0.870175624616
1.0744735545
1.79598757904
2.41035307571
2.6141963948
4.73317655525
3.94646460202
3.73514067382
2.04623894882
2.2377056554
3.25453579426
0.0
2.81432589656
1.6754200164
1.66476217401
3.11950333556
3.09518833016
0.766727719689
1.70963068015
5.06834797002
0.898379381164
1.1269079065
0.114900627173
1.12032024283
0.203725149855
0.295408532023
1.05511993519
1.71575882798
0.693755211774
2.90970960713
3.32442494668
2.01425091631
3.50280749239
1.41657444835
1.69403484836
0.0
0.53518401878
2.85916674556
1.64543913165
3.70135097939
3.11666645529
1.34081027278
5.1926750422
3.63449672802
9.89973341132
1.88706403971
0.00622744904831
0.17112114653
0.813976630569
3.40096012619
2.62968913792
1.42770405463
3.25491960405
5.5447834786
3.01624435233
4.57957246667
2.16001507337
0.0
0.0
0.00341809098609
0.705470653251
2.18968709605
2.67432476021
3.38035757141
1.41699886636
0.927989165648
3.04869323876
5.68073724397
3.19124638225
0.499369591475
0.0
0.0
1.26538111642
0.0964237973094
1.13703627139
2.37913270178
1.0597559954
5.0298908609
0.737307284959
2.72657516971
0.235295185819
0.0
