0
0
0.161292389035
3.12491921848
1.24016198516
1.43833438912
1.01558519737
1.02210637578
4.67488281702
0.741404455213
0.0112778572366
0.189128178405
0.0
0.0
0.0498657873832
0.94361600664
6.79748963285
1.15109183174
0.870771179325
1.64179852046
3.10264422931
1.76022807695
0.456747349817
0.344197943341
0.0
0.0
0.146175645292
2.21725521004
2.47164723417
1.26334905362
1.70940552605
2.03204139648
4.26936751092
4.12768775551
0.716641605832
0.0
0.121155943722
0.00259947474115
0.0
3.3283890998
2.01109294198
4.77156064427
1.09285518224
5.30690164887
4.29174665734
2.92355728836
0.545039610704
0.0
0.0
0.0
0.503727077506
1.15342017915
2.47440557124
3.60186706483
2.00226045493
6.44340066484
1.2305932747
3.74267029902
0.29932969762
0.119237446692
0.0
0.0
0.557508111
4.93789024139
1.71140919655
3.007355846
2.58083450957
2.87659490854
1.16811259068
2.71576329804
1.72882849042
0.833157711662
0.0
0.699177026749
1.04353908449
2.85273593292
3.73275005259
2.51802457892
3.79073697934
2.40345102549
3.8875479495
3.26702984888
2.37778635067
1.15499693528
0.0115883438848
0.0
0.661290718243
1.81050541962
3.11799165304
4.60330037493
3.13165995036
3.07036045153
2.6924216086
2.12178080852
5.81722337264
2.33951039519
0.0192075371742
0.0
0.683397292509
1.53835368017
1.94110325165
2.64129502454
2.41148612718
4.0456871693
4.10463492956
3.36659154354
1.28574273014
2.20143417269
1.92977449298
0.00267702247947
1.76774962083
1.9068848833
1.67397332285
3.11395705817
3.50830542936
0.631765177008
1.30430618511
4.03006195743
1.21021302382
2.91922790278
0.289620086551
0.96334793698
0.136173674837
0.434893828351
1.13146584993
1.35875536711
0.585972789326
3.13705564942
2.80255090049
2.62727892707
2.76784805208
0.845690593123
2.30303593632
0.0135594792664
0.439036982134
2.5806604987
1.41407019226
3.6604105155
3.54900653893
1.68882740219
5.16992010642
3.52459979139
8.41364222951
1.54175145924
0.00764215644449
0.291444187053
0.782619775739
3.7091354577
2.92617970984
1.81637981813
4.07154601766
5.16338595375
3.08938832488
4.50891359011
2.26329009037
0.0
0.0
0.00581015460193
0.842786744237
1.8836430416
2.6904542041
3.01490432455
1.32772252965
1.04255457013
3.32270681811
5.49891565554
2.53018376045
0.584115326405
0.0
0.0
0.619970351458
0.926287554204
1.07976786676
2.93117062631
1.96060796315
4.72197883809
0.838281248696
2.99323607795
0.355443369597
0.0
