0.0
0.0
1.09831881896
1.82782688551
1.34484285861
2.17659872654
3.11337558273
1.45596394455
2.86972252652
0.590061288909
0.0477706538513
0.0385508066975
0.0127234347165
0.0374124879017
0.164194225101
1.04597046669
7.74581824802
1.09135077428
0.381788047031
4.92808351479
3.48298228765
0.474133474287
1.30711119249
1.10105376504
0.0
0.316525161266
0.079324866645
0.561275409767
1.39191551693
0.65326023777
1.36269901524
2.72277914686
4.6154169353
3.39609679091
0.485759890638
0.0808961242437
1.41543875868
0.0
0.0284386775456
5.84674675012
4.00805404503
11.3050300893
0.697721065022
3.71628502663
4.09210434917
1.48821766485
0.492813447956
0.0
0.131236255169
0.196260243654
0.194266826729
2.02206944977
4.21011806
4.06541109644
3.01027911878
5.0485392129
3.59232625691
3.40831888048
1.79303888138
0.0791918635368
1.21109052154
0.0
0.0
6.47658915306
2.25051790476
2.25789515721
2.14021544857
1.83751763264
1.40883888712
5.91520037805
3.24525587889
0.681524330983
0.0
0.0
0.694734215736
2.55554563343
3.77306914743
3.89990258834
2.48891964112
1.93019083003
4.03515373485
3.63723724196
2.50864418503
0.80763433408
0.296937985113
0.0702163618989
0.991656384664
3.64926546643
4.90478601278
4.88928308571
6.27603454422
3.36373731703
3.27165399864
2.90506119817
10.3493059045
0.906070200261
0.0065737022087
0.0
0.494414087618
2.74873225385
3.06302755047
2.62895670556
1.35315190908
5.26939446013
3.7395621154
4.16651479108
1.74401560426
1.97255737334
0.0
0.0
2.07821361255
2.25341908785
1.97082497645
2.38131470024
2.44363654498
1.55405854853
2.14848345239
8.55080815335
2.16170422034
4.17317509186
0.706160582602
1.04602485336
0.248246095842
1.35167102466
0.462644043728
4.44650522654
0.229235670529
4.91440748237
4.50155203021
2.12375121744
7.08032864518
2.2337457696
1.00661452813
0.0
1.20760974963
3.0599356594
2.12852295802
3.11836634157
2.53103561932
0.807843280723
3.96017622063
5.5080561284
1.49163495097
1.50731151551
0.196590192616
0.244853563607
0.947601098567
4.48406638438
2.87649267341
3.50396813219
2.82491215353
4.75741403457
2.64511964004
6.10641785664
1.72365645296
0.43802767992
0.0
0.0
0.241249114275
2.69864863111
3.51965935901
3.56345975108
1.02158007864
0.679340499104
2.39411038172
5.19429558644
9.12564803474
0.956573413219
0.808679640293
0.0
0.117910947651
0.0744208171964
0.431483271997
1.93449641296
1.39585340465
4.31345540308
0.897587043
1.22544589825
0.275952829979
0.0
