0.0
0.0
0.955320671201
0.930916885613
1.03540978592
2.02492447325
1.7187312122
1.5592459559
4.23101752531
0.608629404567
0.0585445277393
0.0431690514088
0.00988450273871
0.00130750495009
0.0950635822956
1.22475974017
7.95449820964
1.23990198981
0.282756221015
5.86650395137
2.85479630716
0.52830841206
1.56479878537
1.23761528358
0.0
0.0
0.0828240346164
0.216602185625
1.31643104088
0.971509169787
1.27743590088
2.30298933969
4.26054662652
3.00295311888
0.23001232231
0.00114020437468
0.431305862498
0.00541082303971
0.0
3.65774415107
2.93194862216
9.74679080135
0.567567403428
4.76959552662
4.24148404971
1.75425106578
0.386772935279
0.0162594281137
0.14122711122
0.181124408962
0.283164424822
1.79883906618
2.93316457904
4.30428507924
2.17406198871
4.55294573004
3.11385083292
3.04081514245
3.89779130579
0.0100786769763
3.97412995342
3.89142154041
0.185251235962
3.83188354876
2.843718944
2.5159498959
2.77383322758
2.53698719293
1.59265188721
6.12611328712
2.55566559185
0.404415297555
0.0
0.0320184156299
0.951872263104
2.54981954489
3.24903016433
2.48116442905
2.90422845515
1.61080025951
4.49719711795
3.39944548253
2.71398594591
0.511895697098
0.280140425079
0.00709709757939
0.862910300493
3.18901386298
4.04889056552
5.49928062112
5.71999540483
2.67646617466
3.48070727056
3.32767502614
10.8362173069
1.62468264578
0.0
0.0
0.566953870701
1.34923952899
2.90919259808
2.00616041152
2.17721955944
8.12727432721
4.04037818196
4.05988738546
1.34166454524
2.14405200258
1.60394918919
0.0
2.45747401484
2.21627040952
1.96246316819
3.17103116226
2.91523765051
1.72576303501
2.44614244008
7.63541019149
1.60424384545
2.4016717854
1.88532728003
1.18471464142
0.722335828817
0.555930329952
0.962948926957
3.92551864544
0.309234555752
3.93112019543
4.67967651924
2.50299995486
8.10992272664
1.09077916457
0.9586765524
0.0
0.604236533865
2.84371563606
1.63718380212
2.37931951368
2.19610162289
0.799407165498
4.48508051212
5.31465723447
0.612122012302
1.22531650215
0.273677413352
0.078544806689
0.827794657554
4.26941866707
3.15989181132
3.64900580281
2.29548029811
4.66901061172
2.62230473111
5.77374573704
1.92354732752
0.321715414524
0.0
0.0
0.989494334906
2.49118390679
2.86025362462
2.72819320916
1.43310211133
0.831361460499
3.16014774411
5.08453256357
7.95780635066
0.402799576521
0.0
0.00852768920595
0.229634855874
0.200421510264
0.505315382034
2.0501232465
1.40555087318
4.87854089215
1.35008261481
2.15447841713
0.309767130762
0.0
