0.0
0.0
0.806790564209
1.20471424609
0.947178841103
1.70320136729
1.3865894617
1.24799214769
5.25911473949
0.379854375962
0.046917980304
0.0693105882965
0.0151030970737
0.0
0.11636265344
1.20598726661
7.40516893135
1.24888494052
0.265928548761
5.45921937993
3.20567116328
0.433916071896
1.85925266333
0.68897576211
0.0
0.0
0.0111068300903
0.335292101197
1.03033033037
0.791138560278
1.28547967039
2.62579718675
4.68528441561
2.61036873178
0.896095755044
0.00802432466298
0.638539079111
0.0
0.0
2.13273399742
2.47571482242
8.40206782054
0.400333961472
4.96001182718
3.89089023136
2.12908358022
0.219685657881
0.0
0.0
0.15442930162
0.165846268181
1.4872227991
2.71309431922
4.2294939016
2.66690713819
3.67494560219
2.74665206124
3.2911146814
3.1797120329
0.0129301417619
26.9105937867
8.07658966747
0.0
3.1951932162
3.07030033693
2.45054719603
3.48076758743
2.16814862564
1.40991608542
5.74557699024
2.42203491554
0.220964681008
0.0
0.0140086365864
0.253895133734
2.75215417985
3.20974626928
2.18643175953
2.95842124941
1.85009034211
4.35157580179
3.37082655681
2.1295099298
0.817322764546
0.103306709789
0.00148791773245
0.809483028948
3.1222374707
2.78090577014
5.44439759362
4.96602494165
2.28498839866
3.37605732825
3.48924781568
7.73407351458
1.52208796144
0.0
0.0
0.748703284538
1.91145346593
2.7315962275
2.69517105166
2.21853998955
9.05220721476
4.46332556778
4.056199877
0.848703768104
1.91815132927
1.88111612946
0.0
2.45171111356
2.46542647964
2.17985712597
3.84484790359
2.79416456446
1.79823566834
2.49883294699
7.82357059326
1.57025733497
1.60862853425
0.395252680406
1.22682489362
0.176653506409
0.490368470782
1.10901923361
2.82480878383
0.531334366184
3.44434834737
4.15451922826
2.43605384929
8.050030482
0.839126648381
0.73394616507
0.0515225939453
0.75792425347
3.29341956321
1.9782919198
2.29875975428
2.30534629477
0.868864252698
4.28194029024
4.86189560359
0.788429114036
1.71041692793
0.18102022633
0.290927470662
1.39407814434
4.37614346831
3.47848351242
3.10633367347
2.10890625871
4.72658435325
1.95834247
5.14858501311
2.32292091986
0.458507764153
0.0
0.0
0.622780740261
1.92749980325
2.43568781787
2.7325496194
1.52518212935
0.902914100792
3.32763328683
5.54761731811
6.61566559318
0.661281764507
0.0
0.0
0.241666644812
0.230618320405
0.947866572067
2.33093456272
2.05352829117
4.87061501935
1.11400157795
2.36352357778
0.436619225889
0.0
