0
0
1.0421474129
1.2426834302
1.12946482189
1.76555079524
2.69331794063
1.51996598486
2.88704348356
0.591507161967
0.0844394946471
0.0358251568396
0.0161209646612
0.0
0.158760330291
1.09393115412
8.11482812837
1.05410632666
0.397245309781
5.56336784293
3.12671933044
0.47191007901
1.36754518794
1.95446095243
0.0
0.0
0.14759427309
0.382658093004
1.49243172328
0.765885203378
1.21420749626
2.45719901938
4.47247132845
3.35714070161
0.672879796592
0.0322827622294
0.635790253058
0.0
0.0449797995389
4.66520802211
3.85655589821
10.977733213
0.732364735566
4.09693888691
4.30595857743
1.80562098324
0.511499247514
0.185181841254
0.0
0.20550583303
0.193408671767
1.87743147789
4.44828227907
4.47237898759
2.82958631939
5.07987713628
3.63460024027
3.30378141417
2.2378965877
0.105150276795
2.9356213361
0.0
0.143276885152
5.28202908905
2.69026244862
2.34650020412
2.30272688647
2.22950539901
1.69869555742
5.55290902592
3.39925355569
0.49657087028
0.0
0.0
0.805654227734
2.4885215289
3.43664232048
3.72024236841
3.08170282166
1.65044648573
4.15493585076
3.38558200828
2.45962041686
0.683982810937
0.0950604393147
0.0171326202108
0.977720448747
3.60085117264
4.22020595055
5.1036570603
6.27907103347
3.25811151741
3.40431641787
3.01956238906
9.04920105031
1.51052486897
0.0
0.0
0.49893820053
1.95847884257
3.06282356873
2.58733925177
1.44360105763
5.54336921917
3.94018730096
4.11312519666
1.46238806215
1.75956795737
1.09773275256
0.0
2.08271684335
2.07718602056
1.91219148785
2.89446872729
2.79897297104
1.32571216626
2.24943749211
7.94812863565
1.53041804652
2.72764208657
1.10928152222
0.94405660592
0.276020213263
0.709714669734
0.537502505933
4.56841047981
0.273559285793
4.83066467661
4.60852001107
2.22839511547
11.3536971612
2.03442585655
0.997940155677
0.0
0.96493712673
2.53215157567
2.14626220238
3.14027303085
2.80041720578
0.842066520825
3.92725731316
4.82726083879
1.19924127311
1.35998393595
0.264930471778
0.0878340983763
0.595274046995
4.55779013253
3.03730294015
3.35173301585
2.60265368794
4.69055417576
3.00436920812
6.33239494264
1.97776167118
0.514405488968
0.0
0.0
0.518393218517
2.72166947275
3.41784346849
3.03161380347
1.13651065947
0.687536255224
2.61343448586
4.99803642463
9.23021770641
0.836306601763
0.774291813374
0.000978914205916
0.293215490878
0.028613127768
0.44862883212
1.92157138535
1.21112689562
4.06138046039
1.10038099764
1.48183952086
0.238672659732
0.0
