0.0
0.0
1.11370669305
1.90273436066
1.33866381831
2.98867546162
3.01704428461
1.22030668892
2.64749839413
0.638256729697
0.0352031886578
0.0127228670754
0.01422986947
0.0443400610238
0.0870327684097
1.41978427256
7.67993921787
1.21546379616
0.586532436777
5.04063790897
3.45402774238
0.375267729163
1.7414840525
0.279912936501
0.0
0.299299955368
0.0469967797399
0.578356009442
1.53044452029
0.801603775704
1.37789977598
2.89650568319
4.39363385353
2.95308684884
0.535717252467
0.0
0.991190226749
0.0
0.0119775782805
5.91573038371
3.97179388371
10.7639905485
0.602928076871
3.6308703036
3.95094775874
1.65493294853
0.468528734287
0.372705310583
0.131668046117
0.297756582499
0.17459753179
1.85885402001
4.44452120177
4.1269851597
3.18032294489
4.8510684442
3.6315175076
3.30435881321
1.48219200829
0.0962554630823
7.62663632073
0.0874618068337
0.0
6.24466533458
2.34771727433
2.2710601755
2.11999667995
1.75207073567
1.2900528328
6.50877838396
2.55426109512
0.72269987117
0.0
0.0
0.0
2.63272350584
4.04796511168
3.75113496045
2.34851101041
1.97846269887
4.18891883176
2.79682549741
2.48667706759
0.914769353345
0.738443184062
0.0378988513257
0.914682914037
3.3298982454
5.06227742188
4.93415653857
6.41795032076
3.23506235075
3.18750792369
2.91961758141
9.00733307644
0.888976685703
0.0
0.0
0.682665970409
3.27061499096
3.12633239443
2.87406647729
1.36715892656
4.65977868426
3.78578928404
4.08943899209
1.66065663646
1.72283674404
0.216484516859
0.0
2.75234636513
2.06713333563
2.14813723462
2.46074686199
2.30778293731
1.57051067101
2.01003641565
8.74119879777
2.68414749578
3.46108631976
0.380702418508
0.859302711673
0.977656439412
1.689924662
0.444167084235
4.86930283136
0.197620944586
4.93112320453
4.33340655139
2.28803412995
6.92913968599
1.63062571362
1.06552032568
0.0
0.999621047638
3.31515991315
2.04191573925
3.2120691156
2.42817652505
0.980340112466
3.93913520593
5.54118461069
1.22878053039
1.63140913099
0.0479495078325
0.150857249275
0.667140180245
4.44023525622
3.13823322277
3.4174034337
2.92884386051
4.77764967177
2.67312180437
5.9942707154
1.81419690163
0.393722504377
0.0
0.0
0.152194324881
2.30356505141
3.7168033584
3.73364825908
1.16005292209
0.665615170496
2.60334685363
4.84382183052
8.93542747945
0.733584544156
0.0731165036559
0.0
0.119883842766
0.39208095707
0.63558271894
2.5439906707
1.23184673372
4.18138021433
0.89945185231
1.22887624614
0.336040955037
0.0
