0.0
0.0
0.372415421531
1.25821511075
0.934608279727
1.35055803915
0.991134457174
1.24922615651
5.89412648045
0.473452650476
0.0349346252624
0.0704300266225
0.0126216951758
0.00724170147441
0.0859908415005
1.53850930399
7.89558986295
0.786043563858
0.310258653015
5.17553534219
3.12876068056
0.557374502998
1.61511215754
1.28422488156
0.0
0.0
0.00583974365145
0.431965342257
0.795307308203
0.886938688345
1.40735744778
2.16076547594
4.80185128073
3.14344230265
1.02401321195
0.146023571491
0.754645894282
0.0
0.0
3.58007370518
2.40649865195
7.15672508918
0.592908431776
4.57483306079
4.21486071451
2.59330744899
0.309359462932
0.118394911289
0.0
0.0330117624253
0.180859376676
1.95209133159
2.68608601758
3.76086236723
2.74474478886
3.59798748046
2.75059265317
3.18531939434
3.37200975465
0.0199321131222
4.2097427668
0.0317294434644
0.0
2.68998515373
2.93396325654
2.45994605334
3.62311759125
2.12006840855
1.00841144181
5.91618094285
2.22553303174
0.625331862713
0.0
0.257912307978
0.344960704446
2.63278220128
2.69547204307
1.97379274713
2.86946175364
1.84849235381
4.60717373271
3.33823327278
2.17570649786
1.11524907127
0.193530789344
0.00122937385458
1.00446852297
2.55758338561
2.73471643683
5.01589069271
4.41213070159
1.97377588635
3.37377331301
3.59830663441
7.98751101817
0.442080580164
0.0
0.0
0.804705176502
1.57013274054
2.72908187844
2.85971166019
2.39326714375
10.0215299362
4.26758913742
4.10688917385
0.793758733198
1.99777602404
0.45503802225
0.0
1.81542711193
2.66917889356
1.96277004108
3.40511802398
2.92545424961
1.58953947434
2.44042140141
7.48957536393
1.88657711167
2.22736685933
0.34135645628
1.19851974049
0.273013860686
0.446600439027
1.08122361288
2.77772662882
0.377553600352
2.74800138781
4.2185771458
2.74556403933
10.1492179609
0.61889485456
0.964858718216
0.0
0.815247905441
3.67919139616
2.15823328774
2.3205390721
2.23597900453
1.08978552185
4.32679390768
4.92473659082
0.877465774072
1.52377670631
0.0284068062901
0.434675654396
0.661403179169
4.24704347365
3.23958938441
2.90401309473
1.51209250733
4.68911744934
1.85079392325
4.50661906798
2.65972360695
0.287000715733
0.0
0.0
0.273137450218
1.93490696745
2.35968741938
2.59205962031
1.79386166902
0.781045057811
3.02767395065
5.42926929914
6.63451901078
0.782953441143
0.0
0.0
0.300774373114
0.0856888426933
0.683104227297
2.45073585375
1.88923016121
4.94024241343
1.10260854231
2.49476169878
0.542725220323
0.0
