0.0
0.0
0.890030335635
0.930200343137
0.927270729095
1.72200564912
1.6660138616
1.55352341104
4.67573088408
0.640408290783
0.0592376056593
0.0370918214321
0.0257070553489
0.0185637511895
0.0958785399562
1.45962966606
7.72064638778
1.26281544613
0.278087679762
5.61397481523
3.05904384702
0.428360623308
1.66811027378
1.99930951814
0.0
0.0
0.0510259931907
0.253388689132
1.25819857605
0.789298492949
1.4285366754
2.39356661856
4.44536406244
3.19748494402
0.356938482844
0.00107686093543
0.632280375343
0.0064642499201
0.0
3.20645174989
2.65477063996
9.15921591863
0.380016820505
5.04225811269
4.17875792482
1.96328956919
0.360628096387
0.0135632930323
0.0
0.195196505636
0.171640240587
1.53304636525
2.8083809542
4.97284530289
2.24818263296
4.13209451584
2.9778217203
3.24505345384
3.90322547755
0.00419153971598
5.45068580657
12.0246985296
0.0
3.45800023526
2.67606091057
2.32672286412
3.22379473248
2.35252227075
1.52764140902
6.35730708548
2.00552515418
0.138337734155
0.0
0.0278068762273
0.0609877258539
2.31802083226
3.31440770347
2.36822846701
2.99084519572
1.65169739677
4.43314484361
2.93247610517
2.44359588204
0.587185264565
0.248712286353
0.00673352088779
0.757768936921
3.64265369321
3.69222602155
5.35385702603
5.31470996875
2.69252975506
3.3894489794
3.21149420057
11.078272376
1.04910376668
0.0
0.0
0.577971367456
1.42516789521
2.77680209561
2.18047045683
2.08283650409
8.19006030937
4.10722691903
3.76415224577
1.12060798332
2.12970647961
1.46936568618
0.0
1.49785500253
2.2538124416
2.04402332543
3.60899079428
2.57241616119
1.85694682569
2.37452715018
7.6517674569
1.91308245214
2.45162160345
0.299124205718
1.07875130326
0.63932527299
0.623460162431
1.09084648849
3.4316811685
0.423735269636
3.72516546119
4.53712427663
2.55474759196
8.0454956945
1.0299916591
0.868968045339
0.0422643236816
0.9764447083
2.72939654812
1.53063034092
2.31710756384
2.06536194403
0.882910863962
4.4368716196
5.1786436832
0.76217097789
1.06841117144
0.406965008005
0.348346921615
0.79372910317
4.20810693223
3.46680746262
3.45151594188
1.97312913439
4.61379687279
2.24206352676
5.48431926104
2.13891089242
0.452861905098
0.0
0.0
1.06911755167
2.12893696898
2.67070902884
2.75284030917
1.40832569788
0.866632962017
3.18800492445
4.86904348806
7.32549480535
0.399038404226
0.0
0.0
0.190497025847
0.631501019001
0.568253980484
1.60157292266
1.75970760584
4.70551567245
1.12268286792
2.18405693519
0.257195372134
0.0
