0.0
0.0
0.955643916503
1.26320200413
1.11273470894
1.72649723478
1.96416486264
1.68537465227
3.98415677808
0.591193379834
0.0579303002451
0.0595815384295
0.0171929998323
0.0011905193096
0.156699687941
1.16416994808
8.1924103566
1.36597690615
0.29145105998
5.96644116007
2.9369646553
0.503499308601
1.65132199787
2.86478612898
0.0
0.0
0.165511241183
0.239361824468
1.38231740636
0.776840398554
1.27984449663
2.36025183275
4.23673996446
3.4666129651
0.258570520207
0.0802473723888
0.690920797177
0.0
0.00550043862313
3.96132868505
3.20106379339
10.0098377145
0.70373781462
4.30370687367
4.39495641226
2.0218474376
0.47014249675
0.0
0.0
0.158931303769
0.322933246382
1.82191213313
3.28514148202
4.34236703429
2.42271392269
5.01590519375
3.26852546539
3.12999553792
2.28189915884
0.0544742913917
3.7866422683
13.6488447189
0.19554297626
4.5909252814
2.87837770116
2.46362944526
2.80392354354
2.44259321713
1.78917184588
6.14136507869
2.79338738602
0.226039425004
0.0
0.457732997835
0.8953089118
2.57316548191
3.37157499744
3.08713370815
2.97096195037
1.5040556232
4.52479686495
3.45703494121
2.79449506372
0.575344847515
0.138161566574
0.150748333894
1.13110462856
3.29883797234
3.61597477738
5.46954287449
6.04130176362
2.98257467058
3.44713639375
3.45787739701
9.53093495488
1.59220569022
0.0
0.0
0.527983521752
1.66923482425
2.68370981872
1.97631153546
1.6801299036
6.60608555702
4.07312454528
3.99572989764
1.29735328816
1.97727422044
0.0896684313193
0.0
2.45522035542
1.7631642581
1.95883218618
3.0864566685
3.01934708585
1.66497075651
2.35675400839
7.83014945191
1.81533181667
1.71366102668
1.6204134319
1.16261505894
0.695037747268
0.718579066917
0.681411594618
4.0907312003
0.268125516828
4.46137649775
4.67322496884
2.39486864582
4.97254505474
0.901744106784
1.09573043603
0.0
0.597723472165
2.78522640746
2.26550461302
2.66747523192
2.23270921479
0.851535608061
4.15893980337
5.47231049172
0.932923181914
1.11221490055
0.480914758518
0.211049819365
0.747009514831
4.40288181137
3.2584129218
3.34909836529
2.08705630549
4.78515999974
2.73725636024
6.02644067258
2.15556673129
0.466572403908
0.0
0.0
0.721625909209
1.81473038904
2.98456130922
3.01514124963
1.18180394336
0.719057892216
3.13510437077
5.28372836066
8.29677266441
0.418013781309
0.0
0.00821406656178
0.191589033231
0.169692728319
0.509058327181
2.48769867275
1.49267685041
4.50230694981
1.34880082478
2.10279843301
0.299757152796
0.0
