0.0
0.0
1.01514062472
1.26708589494
1.30329366028
2.04880798503
2.4418544306
1.62838956784
3.49873364577
0.591225507902
0.11442760285
0.0515571830329
0.0123957213946
0.00128682318609
0.173176643904
1.05184891773
8.16184910177
1.09630047425
0.327800393105
5.39073436591
3.15972592263
0.441297103651
1.57192567294
2.73903196817
0.0
0.0
0.143931493163
0.36373999645
1.28565828665
0.692873430788
1.27778557921
2.44139695261
4.13365802635
3.62687399844
0.29204417346
0.0751468911767
0.665750967339
0.0
0.0451231338084
4.04409426521
3.37610677141
10.8658678019
0.784654896706
4.36837983713
4.35749784298
1.70312752062
0.48065012414
0.124861896038
0.0
0.180205982178
0.260411633179
1.79687977117
3.99470617995
4.30019508046
2.33075889596
4.76058609597
3.36741480255
3.03182697599
2.68273897655
0.0905014965683
5.40698885731
0.0
0.17233145237
4.99414824136
2.88250994775
2.36505313887
2.519333262
2.33987826621
1.71574300493
6.31148190517
3.08077819168
0.505712989485
0.0
0.0560269579291
0.8953089118
2.51568911877
3.43253034656
3.60671857445
3.18773181271
1.74238866754
4.36110990064
3.73567363981
2.79280878277
0.719508040929
0.0534585095011
0.020701110363
1.08105942607
3.48275582347
4.21076781006
5.26568471245
6.12184568588
2.87166998582
3.68583840691
3.25668500882
8.78254463477
0.721582189202
0.0
0.0
0.509827825241
1.94055659918
2.7777501276
2.01325519203
1.70215953491
6.15317629836
3.86680067296
4.19081587181
1.40684909443
1.8075619936
1.20916831493
0.0
2.37485522288
1.98180537438
1.93708000751
3.06362326804
2.90162578551
1.40836943407
2.27183746389
7.66784408782
1.68660700379
2.65258766338
1.18230504543
1.34390142933
0.633839774062
0.767303259112
0.632874778472
4.70137548412
0.335133838933
4.64645592938
4.75368882989
2.25632837205
7.61826234963
1.17302535381
0.969387918711
0.0
0.618618406588
2.54939998919
2.24104702994
2.88309607934
2.42046542722
0.684169116896
4.02845164482
5.43749133579
1.00641424581
1.57871808112
0.0581530104391
0.0971111613326
0.582362107001
4.2722498955
2.99311077222
3.38675356214
2.28938360349
4.60403675633
3.00460542412
6.11059529008
1.99084192934
0.334337085485
0.0
0.0
0.625698681921
2.29449896421
3.13968123496
3.10264789825
1.19119126629
0.86804263154
3.00936389901
5.26945920638
9.04121401068
0.655895736068
0.0
0.000886435620487
0.346010204405
0.107129732147
0.415625818074
2.12516980991
1.64315027185
4.12750379357
1.10047392308
1.75359376091
0.268236728385
0.0
