0.0
0.0
0.992565792054
1.23477609269
1.45256711543
3.39161156665
3.05437288302
1.22547669348
2.00348228053
0.678900159197
0.0988797647879
0.00986016192473
0.00820657238364
0.464238870889
0.0208546608919
1.87461415684
7.08582844026
1.11684632488
0.524769132724
5.0268511558
3.05053741415
0.460270738229
0.854545620736
0.382725036703
0.0
0.481478273869
0.00212684995495
0.644544483628
1.3590495566
0.87354630389
1.68792204559
2.83082641382
4.70246853353
2.83775588498
1.06288705603
0.0
0.714880656451
0.00687785958871
0.00275847315788
7.13241355703
4.21321830072
10.08630055
0.658615328837
3.56172898645
4.10648961272
1.5752741606
0.550374569371
0.0155203631148
0.0
0.264402478933
0.022513003787
1.65547928214
4.53925700672
4.45951933507
3.86020219838
3.54583614098
3.43204320909
3.42647083907
1.79371672636
0.0261416500434
12.092640812
0.0871305465698
0.0
5.46312057925
2.6421552042
2.52428825898
2.57015529962
1.56465383526
1.18531017611
6.4694496803
3.0858933304
0.71651899768
0.0
0.0
0.0
3.04264426138
4.5293976625
4.34512154531
1.9726398366
1.85635964479
4.38661885913
3.67445180006
2.01232563937
0.645587451756
0.659550807904
0.0419907039031
0.908780194586
3.66504207905
5.46787607047
4.55503248738
7.15338842676
2.77598665399
2.98115357885
2.88331035333
11.0238970388
5.31623461226
0.0
0.0
1.06869808026
3.55992566352
2.63897924667
4.19253475487
1.59056296025
5.28672175249
3.58753044304
3.9866547843
1.72907659132
1.44206733257
0.498572601471
0.0
2.32846551319
1.60098367417
2.1352797657
2.45744619053
2.50477307825
1.98523132037
1.83125319646
9.08820702613
2.11370583228
1.66810452566
0.46433638758
0.630855251104
1.05390739557
3.0462206956
0.633702876046
4.72596893343
0.183796242316
5.13230845984
3.95728281233
2.27183569688
5.97813813388
2.46637725458
0.722515033325
0.0114767244086
1.05839134962
2.23044646066
2.47697400302
3.15793337394
2.88262979407
0.732222019928
3.52996887267
4.9033746213
1.0390105173
2.11078871787
0.0
0.0811290470883
1.0532200248
4.91886102851
3.30175719078
4.0431054912
3.43368741404
5.38105035899
2.74279473815
6.00551700825
1.54893955239
0.213436275721
0.0
0.0
0.839168775827
2.50429196097
3.74258987978
4.28512665397
1.20470917784
0.675687098876
2.58904708084
4.81607518718
9.1466780249
0.864520972129
0.140576317906
0.0
0.105819385499
0.034615136683
0.547767909709
3.13631646684
2.00961866765
3.74196756911
1.02582735568
1.22855494823
0.333453414496
0.0
