0.0
0.0
0.645922793075
1.20214256644
1.08076437819
1.5237877788
1.05068262341
1.33100472135
5.61044939654
0.472585574258
0.0584492917405
0.04114529863
0.00855093402788
0.00292352261022
0.0881829063874
1.5546277659
8.19293672437
0.77757920674
0.523620498367
4.91909684055
2.85441891663
0.616544759832
1.2586986497
1.40687423572
0.0
0.0
0.00583044346422
0.971855389536
0.648692838615
0.823573967908
1.27237369586
2.2346016001
4.55665267026
2.8451010721
0.662460007006
0.0848991647363
0.681435336359
0.011018699035
0.0
4.2087515248
2.11842940224
6.98262951616
0.547545591369
4.82910677127
4.21845557715
2.61159854251
0.188990995288
0.0
0.0
0.0406580360141
0.171834906098
2.06552769942
3.00003533019
3.3437349468
2.37450473633
4.1273083259
2.63865716057
3.30583240464
1.6995501304
0.0369013482705
5.76989632379
2.15853216592
0.0
2.74310870841
3.18043846911
2.51198958402
3.69989658613
1.84392939135
0.918660710333
5.36858127156
1.67226271459
0.216516804183
0.0
0.184370957315
1.23359367251
2.63327954337
2.78695928771
2.18508324726
3.25007647532
2.22425646428
4.53136957041
3.46886176756
2.0221032775
1.25721405447
0.215769920498
0.00388435972854
1.16444615927
2.508315254
2.78016091138
5.07271831774
4.23510069118
2.11941423884
3.57173359231
3.6569152117
5.42193376628
0.48509627115
0.0
0.0
0.639750753529
1.60113217402
2.73622045026
3.23822464107
2.61389624793
9.94135970436
3.82831954211
4.01639300876
0.904835409485
2.32660347223
0.20116738975
0.0
1.97428429057
2.68837432005
1.88183697732
2.70727547724
3.07760330453
1.44985259837
2.38545688882
7.28939159773
0.766522065271
1.68788977456
0.736996812746
1.38816693751
0.188122017193
0.451744156424
1.16344274255
2.69559075823
0.416947318532
2.59828469157
4.20469540311
2.65627946123
4.28647610871
0.788809921592
0.724998657126
0.0
0.718031258788
3.7461354956
2.16122615384
2.41671008291
2.28178308811
1.14688039524
4.1424011155
4.89674523979
0.954579896439
1.49460296752
0.0190523304045
0.297096248716
0.841447040439
4.1026332695
2.96484221797
2.86910281493
1.60444661649
4.93128526304
1.6880116465
4.31561514176
2.46454686875
0.27488437295
0.0
0.0
0.0795436799526
1.66785541922
2.23412353778
2.40501130192
2.13765425561
0.806513488526
2.99641750229
4.9663538537
6.12317209691
0.491101443768
0.0
0.0
0.332774348557
0.622481413186
0.672510370612
1.94571991358
2.09068614244
4.81584604061
1.05521932617
2.82284532016
0.455312808976
0.0
