0.0
0.0
0.373199921101
1.03913536086
1.17440915946
1.68570424966
1.28073705593
1.32068590028
5.44299808331
0.472880531102
0.0390533874743
0.102282365784
0.00986546254717
0.00216267677024
0.103091180208
1.39760156255
7.56112608028
1.0585682136
0.252844262403
5.59713509679
3.24360721
0.515519974288
1.38377552107
2.24080030806
0.0
0.0
0.00525240181014
0.376548920409
0.838319387287
0.900746666826
1.50700473506
2.53247921448
4.84401882044
3.01350584079
0.851775526768
0.197210133076
0.773679797538
0.0
0.0
2.11836838769
2.52601297689
7.7474196516
0.430615012301
4.67638552689
4.18448345177
2.26256519766
0.222846068442
0.210818596184
0.0
0.0297124292701
0.168264937587
1.48836698383
2.81487193189
4.00625827583
2.71576615283
3.68215113971
2.73719071515
3.04581571836
2.79930322524
0.00440547661856
15.5773812644
0.0835850108415
0.0175950420089
2.77794587566
3.1004380231
2.63848452299
3.31386476592
2.17820940539
1.27540280588
5.76938157319
2.97321823891
0.481994891306
0.0
0.0140086365864
0.28629308939
2.68583205622
2.97095482243
2.32306482736
2.83098256192
1.80034423643
4.61700981832
3.56201048288
2.06617072131
1.0993439192
0.245091476012
0.00171695230529
0.755059647374
2.86274555279
2.73475796729
5.66730593948
4.52207184513
2.18950670096
3.51404086465
3.55985358788
7.64240424498
1.37430128455
0.0
0.0
0.950208098395
1.72418710217
2.72169840697
2.81750654825
2.36111504957
9.61485361867
4.30392887304
3.94083563483
0.746790193021
2.09269879758
1.7636782974
0.0
2.25829074136
2.90858258842
1.97504139226
3.20231285319
2.63865888404
1.82735160459
2.42832558625
7.62153161061
1.78195811971
2.83035369543
0.609847274609
1.32675170572
0.206939693075
0.235646428191
1.18420489714
2.7133581877
0.514703938738
3.00338129746
4.24007568858
2.71529470163
10.7136120396
0.262205582112
1.0805109106
0.0
0.980853825458
3.62967427261
2.02348038182
2.23164445022
2.29433573713
1.00291396864
4.17003118573
5.09906401654
0.854065742518
1.6665705815
0.161450043321
0.172940369695
0.732169047464
4.14649378043
3.30691506225
2.91142523335
1.6647701211
4.75145213865
1.78752038535
4.56544709206
2.44308975898
0.494876722805
0.0
0.0
0.444523215294
1.93311137822
2.538491179
3.03289507888
1.62709494459
0.848550787894
3.22770938533
5.50634433329
6.4546382085
0.874989569187
0.0
0.0
0.26666662097
0.017049648799
0.76901711477
2.50791942008
1.309556338
4.54796876386
1.17687573656
2.27547229893
0.541033331305
0.0
