0
0
0.319597905502
0.770135363447
1.77676889254
5.63350065798
4.42547083669
1.40818997263
1.56830006745
0.733616889222
0.294214889407
0.0101329642348
0.00790193956345
0.0278117284179
0.0457458264427
2.15468017384
6.77228358109
0.841033487697
0.714270796801
4.20635052584
3.02217475697
1.10748595139
1.71499303915
0.235604675487
0.0
0.307610541582
0.477710826206
0.179017252871
2.6738838295
0.932487429935
2.14576296671
3.19763581734
4.87303536828
2.45478963314
1.15256983531
0.0
0.152781873941
0.0
0.0264226794243
2.92183998192
4.00872561196
8.05426128395
0.831532321405
3.38819354866
4.55686922045
1.46160087248
0.418515267898
0.0
0.0
0.145434036851
0.126070837956
1.15995124355
3.8687229692
3.893164434
4.76801319164
1.92299218383
3.32379100355
3.04139463196
1.77608315158
0.0857612830587
4.4431279148
0.951602535439
0.277231901884
5.16842247418
2.71844275482
2.94644588057
1.91835117666
1.21828517038
1.25528361963
6.53201226331
3.8025480787
1.17994415015
0.0
0.0
0.106445942074
2.63403676637
4.90352032252
3.44774409314
1.91969402134
2.50165189093
4.64223860926
4.05467420933
2.9977209866
0.983839093708
0.336129743606
0.00747897848487
0.828774603549
2.5002814472
6.13356164657
4.0771388351
6.42033241619
3.22726066818
2.90474154288
3.09761440754
5.62957329489
3.51637320034
0.0134182013571
0.0
0.812837558798
2.56968676334
2.34607064142
5.86978000542
2.71457249043
4.76603447599
3.04878459126
3.92536368436
1.19760798523
1.32294770796
0.00323451519944
0.0
2.26024823583
1.85002750647
1.67649005994
3.00204915833
2.58265296766
1.96727264742
1.83179036388
7.54127854877
3.0847335218
3.14108273853
1.08731987514
0.656037218869
0.786265608855
1.82330108533
0.606037559686
5.96447364741
0.190458774683
4.53758574231
3.32563055772
2.39776032139
6.44661129685
4.80468784366
0.852422173135
0.336371898651
0.109872603789
2.28953778243
2.4503444843
2.25501989084
2.96012805286
0.876675643958
3.52306383511
3.75503691984
0.855703553651
2.69834905583
0.0
0.242507277057
1.03005333943
4.71147649549
3.27022708056
4.20787843736
2.97870619316
5.27085891541
3.44343910995
6.70602070191
1.06980581535
0.117943160236
0.0
0.0
1.02076688409
1.88054491533
3.29622999253
4.93502915604
1.7179399028
0.731498174835
2.99300491856
4.94738561357
7.79583384236
0.655504121911
0.113045193255
0.0
0.219335880131
0.163724681363
1.26784079894
4.83108578203
1.8772262705
2.88509773696
0.98705543438
0.963020958006
0.150646047667
0.0
