0.0
0.0
0.0
1.53634966305
1.4398827157
4.41913457029
4.50605193514
1.80130839592
1.09761274373
1.60163964052
0.411698583601
0.0399290435016
0.0161188123748
0.0900027826428
0.564006350935
3.5161510827
8.00888462737
0.62556405412
1.01294243871
5.32177483803
1.12581336219
1.74660133291
3.77446990274
0.0607311092317
0.0
0.0
1.36400717008
0.511215591105
1.95754915616
0.797263475426
2.56383340864
2.89329890232
4.33056022017
3.74159014178
0.681339191506
0.0238322410733
0.176172604784
0.0
0.348905284423
5.10419490561
3.09974101093
5.76689418504
0.42941541085
1.82630745834
6.38938162499
0.789488415699
1.00338136684
0.276384331286
0.084780074656
0.00693556666374
0.101807394996
2.03926679306
2.78839140193
4.74890836491
11.5739098152
3.13151726779
2.75151791901
2.23768833
2.26512938261
0.011053128168
7.16219143663
0.0
0.0
4.53526292136
3.30564324488
1.06668273895
2.91081444547
1.83933742996
0.3996177339
4.72923920298
2.52291625843
0.449477648828
0.0
0.00356804742478
0.031796310097
1.99961303477
5.37698037596
2.48379287845
3.70410393039
2.58147799876
4.44365551299
3.89949133829
3.69563865144
1.64298266452
1.08298610366
0.0
0.603034417378
2.78762736917
4.07553514326
4.99952366797
7.72532906488
2.72353400732
4.30364420358
1.45753080212
6.00980784558
0.0160890667466
0.00645353551954
0.0
1.3135488648
3.3849049937
2.47125444049
3.21186256083
2.3981556478
4.22779359226
3.51042936393
4.50107066688
0.96218538098
1.29957689717
4.04999530315
0.0586117231287
1.8178050383
2.35118287185
1.82397106756
3.33297477849
3.4875566226
2.51517892256
1.96176524018
8.13708319422
2.72841242579
2.67388330027
0.976831528824
0.359954514075
1.21207333705
2.25097624492
0.826425647363
2.81833121553
0.511608166737
3.9493480816
2.82139081531
3.22258490976
5.62121827155
0.542828610633
3.41249009268
0.0
0.231178151211
2.0581958571
3.61860662745
0.998937621946
2.23547323514
1.85353707673
3.85873129894
2.66199535457
2.29314548895
1.16772926226
7.14462108258
0.416588321328
0.643033807166
5.19483378809
3.33018655702
6.30373898521
2.30078132451
6.50733981747
4.29735535989
8.50511187408
1.81798351073
0.116876363754
0.0
0.0
0.830717206001
1.83362183208
4.06410047039
4.2537617255
1.26930922607
2.01753581734
2.31416534306
6.79764784034
5.84735799395
0.407964944839
0.516336321831
0.0
0.403124433011
0.554722905159
0.878102525137
3.8841890046
5.27285586339
6.2024683645
1.15828572633
1.34634968173
0.0235597547144
0.0
