0.0
0.0
0.705630719662
1.88023986947
2.53598678135
5.07891427062
3.49735054316
1.67494779278
1.76189372339
1.43764765514
0.513757715933
0.0177930921782
0.0141106499359
0.0128959761932
0.716588912997
2.02277704491
8.63166190311
0.630574748095
0.830847302801
4.3692588486
1.47608427121
1.62861106731
1.0967310518
0.124640889466
0.0
0.476609826088
0.835461165756
0.591339079954
3.39994475537
0.727353830414
2.99676654302
2.6177505916
5.48914780235
2.95479991625
1.81538323592
1.33486100938
0.159274639562
0.0
0.116209376603
3.63444250822
3.66225990956
6.90958472155
1.08057780052
2.79634337383
5.91089516017
1.28478338558
0.573388074059
0.208335038275
0.0
0.0418819077313
0.93380091642
2.54739664868
2.6304907992
5.25385795481
6.17912920896
3.31848863629
3.24036073923
2.99569601566
1.56147085014
0.137309879065
8.12156230211
0.376808583736
0.0
5.48697881552
2.84771742532
2.2028577053
2.91095281346
1.69869794045
0.88959965203
6.15483457467
3.43684368755
1.23305818276
0.0506558790803
0.0
0.216712214809
2.39925140131
5.23645823728
3.6410592231
3.53623666661
2.6847383359
4.20014445938
5.13929272152
2.69628540089
0.941939227283
0.684287260287
0.200330704451
0.958333536226
2.7171617616
5.21561946021
4.56640537863
7.05471089529
2.86715285783
2.91324392147
1.87988676882
6.82781476877
2.54171652347
0.0977487638593
0.0
0.52900702355
2.38016338873
1.73044114199
4.83153890155
2.73160768999
3.87190365046
3.04697851196
4.15480504651
1.05933084339
1.51956377365
1.89861974283
0.00893903058022
1.21946287015
2.23198913271
2.57967173331
2.94295626495
3.17493504472
1.37049823208
1.53880923754
8.62600903586
2.27584970929
2.47638769262
1.30406939145
1.05436234176
1.17433230858
2.84056779847
1.07794046542
4.67570868059
0.308190164389
3.83442408801
3.67374702101
2.37325269473
9.08052198013
1.83768927958
0.406060425565
0.453961604275
3.01445847936
2.22063230176
3.27796198986
2.33942531887
2.38798754592
1.22168227169
2.93688015291
3.51322119427
1.90699216444
1.77778478898
0.33468824625
0.441125773825
0.609049343038
4.37224973505
2.539899853
3.81571541529
4.12457987387
5.81664918945
3.60628516448
7.2518075055
1.60658289061
0.137717947364
0.0
0.0
0.854607105255
1.19867966452
3.18142814003
5.6487685903
1.55815888243
1.14352622558
2.60128860641
5.2238787096
7.16371686151
0.973371453816
1.30957353115
0.0
0.548583634198
0.0733833927661
0.612256538123
4.66735720565
2.62610670074
2.85752471583
0.82789792493
1.7320498717
0.250777058303
0.0437703430653
