0.0
0.0
0.695257127285
1.23499809578
2.22830423154
5.18029262911
4.0061901763
1.35257247637
1.89255683403
0.944328974932
0.359465524554
0.00482789101079
0.00790300313383
0.0147554203868
0.227560459636
2.28292563092
7.88255456835
0.682868916076
0.379917899147
4.10716260492
2.04946941277
1.43904957827
1.051741926
0.1792296106
0.0
0.252360492945
1.1079940045
0.448097359797
2.79684032127
0.615261423402
2.85186565854
2.73574557202
5.74276823411
3.0356154741
1.14169270312
0.0
0.45647656545
0.0
0.00896786735393
2.26245522843
4.1969174773
7.32695178408
0.964914295124
2.72244027769
5.44914993388
1.38121305197
0.461575142574
2.21563035809
0.0
0.0625652447343
0.0453144218773
1.65205648448
3.10885820177
5.20303958235
5.54243136174
2.86768431461
3.12231582543
2.76796182781
1.60410108021
0.0216953493655
3.90166167775
0.0
0.0
5.22150400071
2.94478075905
2.56689003354
2.71532780258
1.17667073756
1.07198814489
6.32003113255
3.52463163075
1.22904670797
0.0
0.0
0.090108865872
2.47410919284
5.50379235641
3.70993570803
3.28293593682
3.15423879214
4.34541293269
4.87932072254
3.16735274123
1.38769877329
0.85176878632
0.0025430531241
0.867758129723
2.52003931149
5.27488708915
4.3468720126
6.99133707886
2.49120387528
2.8237860736
2.23152856959
6.9397198942
1.66733152745
0.00217442563735
0.0
0.262046668504
2.03101763083
2.1840703981
5.19804320141
2.94016254484
3.72406056058
3.17732163658
4.11603719671
0.967414440587
1.45760331396
0.01893021469
0.0
2.65933142533
2.13295055879
2.22204488236
2.91760711744
2.93587044626
1.37308560219
1.61017857864
7.65409134841
2.64409798663
1.46833288204
0.4346230058
0.707850403152
1.15844542766
1.85854159668
0.733926373068
4.80281773803
0.305445597856
4.32254844625
3.76763695781
2.28360849153
8.1271391887
1.63472765917
1.2683067224
0.0148283941671
0.551624582848
2.63428080716
3.17191644106
2.2007743381
2.58032494091
0.93693503784
2.78188863012
4.05032554432
1.79710210301
1.72178944573
0.166486918926
0.283786891028
0.624289887957
4.42177510192
2.6896803719
3.8533501263
3.46995821013
5.84281918703
3.81153193861
7.05490495125
1.53837772872
0.0914075747132
0.0
0.0
0.705610722303
1.69834702183
3.15052146465
6.76768808952
1.39225978497
0.836683670059
2.88657427998
5.03236385086
8.32852501795
0.836251780391
0.233720719814
0.0
0.46106761694
0.811268683989
1.15298954584
3.92966896552
1.91914661974
3.11607018595
0.966643129475
1.21007465897
0.275674790144
0.0
