0.0
0.0
0.048427361995
1.06473830529
1.95438318577
5.90917154436
5.98281185573
2.16708473698
1.37088173022
1.624491781
0.448798327707
0.048423114582
0.00429513212293
0.00342142605223
0.509593723342
2.70898371446
8.7276272045
0.591501433402
0.527374748141
5.29032421112
1.17555642396
1.1776649002
1.71366228163
0.20093699079
0.0
0.340560615063
1.73648089729
0.450403566239
3.1091883108
0.518120886467
3.31820319034
2.53485420172
4.9889490942
3.36498075665
0.957146567758
0.731069236994
0.336421716958
0.0
0.232357826084
3.47463914088
3.59511852049
7.03724470804
0.994887292734
2.1713784351
6.08394469833
0.966075007571
1.28244578745
0.305298656225
0.0902720987797
0.0293592102826
0.0855680317618
1.73863197956
2.7294980234
4.97844228038
8.73449685262
4.07544394163
2.65897024481
2.68925477611
1.94568492845
0.0232232883573
3.84312336612
0.0
0.0
5.42982955184
2.6385992514
1.75412456458
2.70807939349
2.03824973118
0.64567071863
5.4762409837
2.91285739327
0.685615195194
0.111947856843
0.0
0.17027233541
1.58501172345
5.34158332157
2.71827475447
3.76618507341
3.13957817154
3.5379061444
4.91984279151
1.69376607798
1.26253904612
0.97347921133
0.0
0.590676568449
2.66650251957
5.36601525685
4.7589052337
5.94549394789
2.1220744868
3.48869838146
1.34088971361
7.63870409247
0.758258549497
0.0602153204381
0.0
0.985429900524
2.91803485807
2.09171969141
3.01431947434
2.23989745579
4.57451856649
3.48724588298
4.04581756354
0.769031886011
1.49616971612
1.98871345818
0.0248240549117
1.35621122271
2.03047952941
2.49117197166
2.63025996776
4.36281418614
2.13586415653
1.92004610266
8.06728419289
2.51501016581
2.58177948371
1.04067872651
1.10504633409
1.38381994632
1.55525579676
0.990289932815
3.82475971663
0.299182571936
3.32367298182
3.46895703021
2.50579828449
9.39841406466
0.32116989512
0.285889727995
0.0189372338355
0.505255628843
2.09871224873
3.38754429156
1.86635290878
2.93723283953
1.38618244394
3.47880806425
3.24584898516
1.15584688983
2.03245907184
2.72451120988
0.249218797311
0.360733719543
4.63186083175
3.24570277112
5.03290043294
3.64060939336
6.40563044162
3.62941146526
8.2830549035
1.90637159019
0.0562228411436
0.0
0.0
1.83691000938
1.51929968968
3.24954189919
4.8027473446
1.92284580553
1.91304747388
2.09915542998
5.31044984749
5.25851993472
0.67368145287
1.45794904232
0.0
0.170128557831
0.503592550755
0.917186051374
5.21320706606
2.17073659599
5.21441864537
0.979128262028
1.57031001267
0.0663300137967
0.0
