0.0
0.0
0.243413109332
1.09512047097
2.09744348342
5.26384066883
7.08285484137
2.3164980514
1.28895421769
1.26693835389
0.399290946778
0.0
0.006434033392
0.195583924651
0.611435886472
2.96780699841
8.19209745619
0.60676915769
0.975895452779
5.29652094143
0.99732316134
1.57862536027
1.89814022556
0.326150964946
0.0
0.188747629523
2.00887802243
0.360136210686
2.98012401327
0.651138862479
3.31239527185
3.03507355321
5.02896345686
3.38808907906
0.164608245541
0.306913036853
0.222113646567
0.0
0.394356553443
4.02882885118
3.3466880545
5.98361699778
0.510494835791
1.89900870272
6.46607407933
1.16373488423
1.13682346954
2.81958025508
0.0
0.0
0.136605167761
2.03484491073
2.78914614464
4.81147731724
9.82872811123
3.15198114456
2.83758978464
2.38796257181
2.19025565358
0.0559314624406
8.15953690931
0.0
0.0160150770098
4.78534150054
2.4914697248
1.29052208317
3.15210454771
1.85388242453
0.49371002859
4.80668819987
2.17891887692
0.806360908784
0.00909646041691
0.0
0.101658947766
1.62631843891
5.71869990195
2.21328606037
3.2136002027
2.87004764192
3.8623289963
4.01403553877
2.2138598226
1.68433082872
0.893845842569
0.00472881225869
0.389587314799
2.95717813767
4.92324238864
4.94005828642
6.5692874887
2.37424567575
4.11108200299
1.59793764725
6.6687571411
0.00806472729892
0.0
0.0
0.80726106267
2.96511160303
2.10771566653
3.13070288801
2.22455827822
3.88452782482
3.607383208
4.46086218278
0.79866501689
1.47294150759
1.81043803692
0.0794228687882
1.44402918033
2.11799458601
2.42462157598
3.44784918008
4.10255091521
1.86806384102
2.11716684722
8.40283461567
2.26029579068
1.3730762396
1.25568449311
5.77198906709
1.80947266542
1.70735273114
1.03344993573
3.30909422738
0.41675984324
3.67657003365
3.45507449599
2.54631391086
9.46157341171
0.0706473893952
0.708708896302
0.0
0.401583461091
1.99748033704
3.17357024789
1.43381359096
2.87840374419
1.14181461697
3.59627477452
3.14749333216
1.87365277018
0.798218556214
1.51150596514
0.144109591842
0.573049778119
4.32244141819
2.95380368643
5.70178629737
2.6436149939
6.47896122932
4.11497588758
9.15690592071
2.61738631711
0.0734711065888
0.0
0.0
0.559282541275
1.83382416767
3.48868791759
4.76854773692
1.31358356657
1.84107518801
2.02405732498
5.97150662821
5.88422976248
0.553189873463
0.735276401043
0.0
0.232038423419
0.477371583693
0.722949896939
4.34983142512
6.40806338098
6.3212883058
1.3093958036
1.54816145566
0.0831250073388
0.0
