0
0
0.0
2.12693519844
1.18965088855
4.39840310579
3.49758657929
1.59023683344
0.860572603182
1.14022673178
0.29642095539
0.0
0.00914251059294
0.0
0.639096848667
3.4033566555
7.50158592407
0.684326367918
1.10075476393
5.3393323035
0.987544520292
1.62532182038
5.43219304597
0.0173669531941
0.0
0.0
1.29273310862
0.217242643703
1.98025311006
0.83303694299
2.38774113823
2.86301750992
4.29783807043
3.7049274412
0.521311954595
0.485521286726
0.198807139881
0.0
0.310744861607
5.53100447613
3.02645548433
5.8300547743
0.40170600242
1.76608779794
6.34000185505
0.840373817307
0.998407594394
0.398678690195
0.169923037291
0.00848342012614
0.156909741636
1.81444298476
2.66295801941
5.18822583184
10.6127093802
3.22529785475
2.79675235017
2.21039574785
1.98552061024
0.0519283525646
7.05311896373
0.0
0.0
3.91469596024
3.31728478754
1.0351573287
2.98594580346
1.54425379587
0.409765641671
4.45293546288
3.09599447681
0.319222111488
0.0
0.00294756051153
0.0837469930993
2.02909761184
5.19636392873
2.75853809039
3.8064549386
2.71537681716
4.24582650326
3.71744454745
3.71375091746
1.65965155652
1.28443814529
0.0
0.51607950218
2.90202094591
4.23216518527
4.83060703496
7.61845382827
2.94291771273
4.45603695884
1.37579735182
5.94561642548
0.0519617020618
0.00449312152341
0.0
1.45109399303
3.62077878695
2.59938984551
3.54826903681
2.41471171309
4.04947715811
3.25924498751
4.7893469464
1.03185551846
1.36340983957
1.96726864669
0.00321878190152
2.15275956783
2.559786167
1.8834379199
3.56897817925
3.31185254268
2.30679042218
1.88795967743
8.16675716033
2.25074004976
2.7911919076
1.02711394243
0.190948490053
1.33030113624
2.63374086516
0.900702508108
2.90498979343
0.684277469642
4.01798657048
2.71447218582
3.16824298294
6.24155615456
1.12384642288
5.43976293784
0.0
0.36890837003
2.08441094495
3.5446245349
1.03596891835
2.39868862112
1.84113269672
3.72926424298
2.84558883263
3.13025660813
2.08524999209
7.79457670869
0.276231072843
0.620896067703
5.31490809284
3.71738146432
6.6189986039
2.36672575766
5.98463904066
4.3517655523
8.80792721733
2.7127802624
0.115505568683
0.0
0.000656413438264
1.10187554359
2.44030168978
4.59528999869
4.65406204853
1.49764077994
1.93382001645
2.50290647987
6.69089805125
5.73838594556
0.384904485021
0.344847232103
0.0582818463445
0.254214372486
0.37274789004
0.770699338638
3.19102423079
4.52960579982
6.06889609736
1.05257476214
1.72137498949
0.0387892965227
0.0
