0.0
0.0
0.0
2.06796636072
1.54120599758
2.33944346011
3.09131704015
0.595489104278
1.17705143429
0.722161266021
1.58725690353
0.0
0.0
0.0
0.698784977198
3.39953715168
6.9335729368
0.705584631767
1.7937480096
3.38738752832
1.39473334164
3.005868793
4.45261097327
0.0408969856799
0.0
0.084255002439
0.789904916892
0.473884561274
1.49954114557
0.744294533739
1.27928478841
3.0965665197
4.13622978469
3.2672020212
0.570888163289
0.832639090717
0.219448573887
0.0
0.128802303225
5.93626961857
3.62010211818
8.03534025833
0.690669893287
1.96591682266
6.48692353105
0.665044839494
1.67936693458
0.280685290694
0.0
0.0465556192212
0.401460499503
0.602556883357
3.44964347174
4.06795638974
5.72560940159
4.57385988743
1.92523692304
2.9088170387
1.59925694863
0.0301391230896
7.19762181165
0.00104008580092
0.0
4.01430926612
3.76053673285
1.39159869403
2.81159432046
1.92125716107
0.771472179331
3.44818242558
3.06689649401
1.43857942813
0.0
0.00664992793463
0.175527831307
1.59025553148
4.62697873916
2.27115310909
3.69178133993
2.55169939413
3.53981048963
3.1180256193
8.55963487457
1.82655678969
1.34005787689
0.0
0.576873466838
1.68157592136
3.00572845037
3.12346642464
7.5823622396
3.23063550983
3.40240271529
1.15620476968
5.61819862336
1.54142997169
0.155691265361
0.0
1.7808372099
3.7656356619
2.41357849044
3.4213962683
2.37538625998
4.34663550509
3.51236920385
5.22781746578
1.23355804943
2.37383214931
2.33151894342
0.0545274531469
0.853152293479
2.9573995634
2.75303201098
3.83576478588
1.6701221515
3.63208482903
2.53204334562
6.99561446509
3.88502585923
0.689180626767
0.431843888015
0.907912009396
1.74157542031
2.26749024121
1.18779787968
2.63145235588
0.517728801351
4.34602620965
2.34708215098
3.46614166873
6.43351620506
2.38534094091
1.8813954345
0.0
0.155782544054
2.15168730193
2.94461135735
1.56749655516
3.58175891265
1.1540653212
3.68778312951
2.45710432308
3.6878635505
3.54536897875
1.38071870757
0.464166402817
1.06259044685
5.75930099376
3.01999419462
5.83585460018
3.24130105949
5.08214943099
4.05950783822
9.69696045562
3.38701789081
0.183008670807
0.0239896662533
0.000997641705908
0.4153258726
1.87359919539
4.23837655876
2.70601647452
1.16462579643
1.59308560565
2.47403422347
5.83689063694
6.79393135943
0.461958804168
0.119357965887
0.235043972731
0.28003139887
0.690718587488
0.298554951618
4.82253908832
3.59968868014
4.9519831948
0.726551288739
2.56413380685
0.179650692269
0.022898228839
