0.0
0.0
0.0
1.91230086621
1.020683493
2.19914635923
2.55958500411
1.09057138849
1.5566788963
0.637064641342
1.90209680563
0.0
0.0
0.0
0.728055553511
2.65445954911
5.29282774217
0.608816052787
1.36743552121
2.71347591956
1.55218581087
2.07871708414
2.03670289461
0.0456474139355
0.0
0.0418077595532
0.10769623844
0.584677274572
1.10350529681
0.771823600866
1.05927975662
3.50266480632
3.48788179876
2.94496091537
0.294172991067
0.69010211993
0.163664621301
0.0
0.0640691816807
5.58808649005
2.33784009074
6.35481131484
0.922108531813
3.1691395751
6.79832378216
0.627600867709
1.89914930006
0.300683125854
0.0
0.193810719997
0.303502980154
1.18204316986
2.89482218947
4.26246056863
6.24362650374
4.02304826863
2.1040149047
2.84080880019
2.5861992446
0.0432608984411
4.63875154313
0.00181632430758
0.0
3.78841279552
3.75649185898
1.35107992194
3.51133384835
1.94801102858
0.96067160368
2.80273007136
1.39523771877
0.383176890202
0.0684447661042
0.0283661768772
0.223604125902
1.51594346901
4.67917694384
1.45049869461
4.99358458328
3.09639052022
3.96511757566
4.07601625309
14.4162594314
1.48921590392
1.57628089702
0.0
0.698998377775
1.38845966302
3.60440615169
3.94800960412
9.90152457822
3.68759940495
3.50187155651
1.4604717989
5.93536678539
1.97473702207
0.355059087276
0.0
2.0277437726
4.33221872617
3.27959085861
4.11675960198
2.29384731007
5.90650278237
2.78971472487
5.28856021835
1.35054465977
2.06921497732
4.27535318583
0.0
0.939105355181
2.27804717794
2.28087072115
3.64079375169
1.38877383433
3.20533126709
2.59882448026
7.02307424182
5.03984467813
1.51338672033
1.12506753579
0.159278286621
2.0988442098
1.83659232361
0.911357448436
2.62003758748
0.543789060554
3.55823245307
1.97572724131
3.4879553545
5.55897002202
1.61125811562
0.438839295879
0.0
0.499191181501
2.90727103874
3.19767109887
2.3851977319
3.4931272231
0.98833759129
5.45969792083
2.50770767685
3.99317678576
1.88925167732
5.819992451
0.20789578557
1.42226324929
4.99390070047
3.25844929443
5.4336613575
3.10724689974
4.57346014306
3.89937638049
9.56045250525
3.64129501779
0.341568179429
0.053245332092
0.0
0.289630055428
2.79485956207
3.72497307369
2.06996344705
1.39715310675
2.32494095713
2.22180222324
6.22918103717
6.01430231147
0.508424823871
0.21612111479
0.259725064039
0.495626582206
0.30914651975
0.465060688635
3.64790436727
2.05517115118
3.86292661353
0.664272803813
2.80137007346
0.242849125527
0.115098791197
