0.0
0.0
0.0
2.17464184551
0.996147473343
2.18775014207
2.41708769067
1.03383716499
1.68864659523
2.0325640589
0.822061594343
0.0
0.0
1.55740675144
0.702457848936
3.47954910528
5.76856135298
0.434210532811
1.44517992251
3.64866989572
1.42208446073
2.16430577543
2.74115901161
0.0567636862397
0.0
0.0418077595532
0.58560079895
0.769257839769
1.23389343463
1.06410722469
1.12469681841
3.38217993639
3.56303651514
3.51361186546
0.149783829227
0.225201077759
0.179233485833
0.0
0.0287804938853
6.03384660371
3.02834558021
6.39681717649
0.90182008571
2.71843273239
6.65147855651
0.554809096269
2.1004502899
0.270966589451
0.0
0.18468150869
0.333810618147
1.16865432542
3.12261766393
4.439540294
6.00728141004
4.77549289353
2.15133985132
3.07692745555
1.83761303907
0.0358091332018
9.62372249551
0.00181617215276
0.0
3.69487255462
3.75407621637
1.24016839929
3.47722829715
2.09861467546
0.892847507726
2.93050329463
1.65726724762
1.00665627001
0.0
0.0247392876772
0.237395748496
1.46637267992
4.62113595504
1.46764128818
4.60454128595
2.97082470078
3.82363845105
3.39223036682
14.7523847083
1.53873582184
1.49763720646
0.0
0.484848566819
1.30317218998
3.62066139415
3.71261958312
9.71769261919
3.42216687917
3.63010488986
1.47641667584
5.71116934717
1.3169816127
0.0506229475141
0.0
1.40471999045
4.6959051434
2.53590240894
3.87951734546
2.34624475311
5.49197592353
2.98543481156
5.31098038709
1.26029721246
1.95074272156
2.69874901604
0.0
0.962452216307
3.19319005543
2.31977638899
3.70177862106
1.49216940813
3.62450223067
2.37515593239
6.8724365221
4.39347515907
3.22721835878
0.715113291517
0.250025430694
1.79477323411
1.72402437543
0.921422619489
2.54831079033
0.481513911393
3.75645366608
2.1143910283
3.74177739816
5.98894193582
1.33901990578
0.495561856776
0.0
0.345958013786
2.55369760981
3.14860703424
2.46251262282
3.41300515726
0.892867190763
4.59988011839
2.39288199716
3.78505219892
1.91556470376
1.24386777217
0.156225606799
1.06313926447
4.81539177237
3.1586261593
5.35742648295
3.05569520174
4.44682993274
4.0066921236
9.73618049268
3.1986457181
0.292813729495
0.00780480774119
0.0
0.275323033333
2.31060850667
3.87362593459
2.22857102484
1.36685639643
1.93231811328
2.56290975929
6.28915578197
5.91140578897
0.571821353515
0.146985918283
0.377775132656
0.544051021338
0.173224750673
0.498631428927
4.12214771658
3.91689081676
4.32821032498
0.691248561256
3.07004792895
0.438806195743
0.0436646901071
