0.0
0.0
0.0
1.61532582098
1.71686454862
3.01878785342
3.01700256241
0.733641681261
1.3325172005
0.735836738255
0.394313091878
0.0267973002046
0.021351475385
0.0
0.813610043377
3.22848505341
7.61498998385
0.711055234075
1.38642750389
3.34536199225
0.894232965133
2.17564396164
4.42449443042
0.0483550885692
0.0
0.0641933605075
0.701691349037
0.0910851905937
1.72423721431
1.0424733581
1.65171191655
3.04649095889
4.40050506266
3.26389385422
0.758166491985
1.31513153389
0.240345703438
0.0
0.160627677571
5.2725393502
4.05813409452
7.25363056152
0.35973462963
2.88036545645
6.75828377309
0.573566724546
1.58670658898
0.43084576726
0.0
0.00476455222815
0.311332542449
0.963904428296
3.29737875261
4.47060884925
6.62416610413
3.54132634448
2.06281225197
2.62586612569
2.15015763871
0.0122812176123
2.82221187931
0.0
0.0
4.12252024421
4.10002977878
1.17319595051
3.09328592196
2.07665241789
0.595078975544
3.23198588565
3.3706247689
0.616882776376
0.0
0.0
0.025091084186
1.05781384883
4.79792046652
3.00479112007
3.70613494591
2.32089465531
3.66898164246
3.47981900768
4.40898382734
1.83751160093
1.65286283684
0.0
0.417000515386
1.64160358394
3.25430544536
3.13752120733
7.00468409341
3.39580859058
3.9158628881
1.30930664763
5.54604922986
2.10216297908
0.0801665887702
0.0
1.95475289552
2.83280621393
2.5253020199
3.46225644308
2.09434238228
4.1141259172
3.13477012515
5.42221650586
1.40085821226
1.60601802543
0.495096616447
0.00452926580328
1.52911648154
2.45345942059
2.66666327999
3.65127293242
2.02268185781
2.89732683171
2.26572154486
7.31206525536
2.84253761865
0.900117968209
0.802743968554
0.179387038574
1.3117917967
1.29798793001
1.16269347863
2.88537138887
0.540792621672
4.76668021875
2.40805478557
3.64797575399
6.30117931403
2.34712539334
0.979242212139
0.0
0.911178484792
2.75143475411
2.81502049929
1.13678374165
2.92299824022
1.27563975978
3.68997686973
3.09157719417
3.42599986866
3.56711318484
0.963201713748
0.299167703837
0.648746964056
5.02811341267
3.21769128978
6.31010651193
2.44150471315
5.52353457554
4.20412405557
8.91066946241
3.3552336517
0.212491434417
0.00862636603415
0.000997720519081
0.24030065909
1.15158300847
4.20599007071
3.94581737532
1.22397076292
1.52535101934
2.26074512117
5.77050049533
7.18224210117
0.394685630687
0.248906424269
0.0938260927796
0.464546266012
1.06293570995
0.303519526497
5.2964724628
2.01567701856
5.4503179983
0.907658094307
2.1768412278
0.155386794358
0.0
