0.0
0.0
0.0
1.55162019143
1.50011109188
3.5862404583
3.68551740423
1.13828703156
1.07141174166
0.96306125843
0.328009356832
0.0
0.0142124682898
3.80553531647
0.71769714728
3.05287702708
8.13320030551
0.768437370542
1.17108101258
4.03113447293
0.955463217571
1.31030627992
3.80094624497
0.0287078288384
0.0
0.0387838967144
0.507935967296
0.260453971103
1.78231456294
1.15041522571
1.88545226445
3.37546905549
4.28129913833
3.48749150941
1.03101809649
0.255760282278
0.270253792405
0.0
0.227073255926
6.22397489659
3.26724275667
6.44668259402
0.596181317815
1.62973138539
7.25147984875
0.696586942649
1.45903738542
0.321939453483
0.0736974775791
0.00805891747586
0.0722369588912
1.28058977087
2.91329050669
4.54855191824
9.03963543952
3.78773951856
2.61751535186
2.33428397751
2.51528994692
0.0816959263757
2.81732383557
0.0
0.0
3.85976414848
3.68851759052
1.19440775889
2.72283210815
1.89776648255
0.522398946807
4.08028597513
3.47118125175
0.632909848006
0.0
0.0598966004327
0.069221179001
2.10796100844
5.23751614755
2.98083284753
3.37838177301
2.99082426424
4.50764263293
3.80555601395
4.38870829763
1.53064091457
1.07714951457
0.0
0.534969705506
2.05272852583
4.32511697465
3.20175569411
6.81998034631
2.89646626613
4.60117772967
1.17979324237
5.71970479842
3.28115217644
0.219107273966
0.0
1.32828945981
3.2834761166
2.55594316358
3.97551406408
2.10876163165
3.75367810472
3.27313568583
5.0518302269
1.09910792625
1.33731948584
5.79760429839
0.00577629962936
2.23230089713
2.51949856116
2.23605363746
3.5307447603
2.55458153156
2.64678954659
2.17555056012
8.2685611794
2.31372825161
3.47289835848
0.471113731153
0.131672852323
1.34106257814
2.48183505959
1.04391913093
3.15773461282
0.636586585548
4.46659473144
2.44320994336
3.21325779287
5.11991599761
1.94087568857
1.76172282081
0.0
0.178157870658
2.50788686005
3.17597814277
0.766563681304
2.07858947478
1.32471355144
3.59527721675
3.21454877575
2.95938002755
2.27609498054
3.69883548631
0.251892536879
0.396908449009
5.31264830474
3.07092484401
7.04864463396
2.19930440793
5.76033601817
4.47631019447
9.50556935742
2.66970672226
0.217027726467
0.0
0.00884558167309
0.861066222191
1.66158578917
4.18824500963
4.3534805961
1.23142051301
1.57062380388
2.56129269674
5.94512212556
6.86011430807
0.41276922822
0.155729204416
0.105658076704
0.823897775263
0.341224910691
1.0481037451
3.09461922979
1.92070801834
5.91816857923
1.21517296415
1.88501599059
0.107602057979
0.0
