0.0
0.0
0.0
2.0609382051
1.09991400456
2.32340789109
2.68069883611
1.1681954558
1.56491710606
0.660065550357
2.02255879162
0.0
0.00104541133624
0.0
0.755505818874
2.68692602031
4.70792216482
0.596817820333
1.48761637171
2.70154366037
1.57546946127
1.77038126625
1.33868401218
0.051699529402
0.0
0.0540799573064
0.184446096944
0.428117994685
1.23929658026
0.715568499872
1.02147314232
3.43596399564
3.79004561342
3.70115104812
0.264751519891
0.419879147783
0.150394287892
0.0
0.121916078031
5.32735563628
2.27284226741
6.4928755518
1.00222285558
3.24085178366
6.63466015412
0.692685330956
1.74680685333
0.0625235214829
0.0
0.0684394016862
0.32051448524
0.921213372436
2.55031964224
4.48987895309
6.36629582732
3.7152650021
2.07047769148
3.09471772559
4.06391653151
0.0649669151753
6.48167292867
0.110869875178
0.0
3.23717254912
3.27992530819
1.37558697048
2.85874363314
1.73832050851
1.05360826885
2.58557373425
1.40630536654
0.323517929763
0.0747363865376
0.026234423276
0.163361091167
1.56286085863
4.69471402315
1.47345958283
5.22487076919
3.36006028671
4.5413698575
3.98196022143
13.9102262291
1.44830968603
1.4355561696
0.0
0.860564667033
1.44219560531
3.31050079735
4.08138521272
9.87985592149
3.26272639015
3.73696354893
1.49555347674
5.56093149912
3.46399294166
0.0386401154101
0.0
2.11616656743
4.62857098691
3.26851881621
4.22601571842
2.14474264713
8.06676637777
2.87366291299
5.13466175739
1.42718126212
2.09903404536
2.23791850358
0.0
1.7552466779
3.01402081829
2.33040835714
3.59617378225
0.95737489406
3.82934164768
2.77744003281
6.96136822429
5.47211923066
1.82753152028
1.17241856642
0.355408320203
1.7436992228
1.7578471005
0.955552797357
2.87888539347
0.432838938199
3.47521299496
2.07510170108
3.31859289773
5.54861943796
1.68018643372
0.677870050073
0.0
0.541056463961
3.08363094181
3.55753244366
2.51758699724
3.42501891311
1.00045354292
4.91161423246
2.43987479119
4.47812185623
1.52066169493
4.411357112
0.301181100309
1.15063984087
5.7200232055
3.37472662609
5.31115672551
3.11721341393
4.69137452706
3.97325511003
9.04191901535
3.57751397393
0.359150793403
0.07786051929
0.115179941058
0.536369025707
3.62401843257
3.5931961569
2.12023529829
1.51061828574
2.38736165641
2.14562574495
6.11952499684
5.63828124851
0.650718658231
0.276883073151
0.189219743013
1.01504832515
0.0799620902399
0.591689167537
3.38127644081
2.85225170664
4.2000896153
0.591490831226
2.52555625769
0.282075470779
0.0545756369829
