0.0
0.0
0.0
1.14844281785
1.47991745686
3.09197362664
3.17916996661
0.79887326248
1.24744507973
0.88043177221
0.575464379275
0.0
0.0197385748615
0.0
0.778761582449
3.38680765592
7.89476791676
0.767229320016
1.43294387893
3.57516828552
0.928951404872
1.93341454212
4.32091835141
0.0397625900805
0.0
0.0824204236269
0.705017754808
0.0983185852529
1.616328754
0.507213126402
1.64056556299
3.27520103753
4.38946141629
2.87746600143
0.872356146574
0.511728234589
0.287577189505
0.0
0.214065220207
5.12727475911
3.93594302642
6.73532273155
0.404690881376
2.54830839392
7.13653560868
0.660608917475
1.3993695071
0.45036137104
0.0
0.0129150790162
0.155878968537
0.990805592388
2.99059113534
4.3761468851
6.64064883546
3.62595999648
2.09594666003
2.33582750341
1.99241160392
0.114437175915
2.90214352682
0.0
0.0
3.79393920023
4.07070665166
1.07302723313
3.17809772259
2.08046259172
0.625743120327
3.69093513396
3.83126185788
0.622598880902
0.0
0.0
0.050724492874
1.11506065202
4.93739158328
3.30572783528
3.82675654429
2.40414147591
3.74152032309
3.15786703443
5.04569777008
1.5011282498
1.16103296081
0.0
0.358124487568
1.58112758305
3.51036445601
3.0956245875
7.06151667703
3.33206628636
4.07405866729
1.17777790589
5.84611941595
0.969664050674
0.253925733268
0.0
1.77548471116
2.91398699488
2.58207414299
3.27949887415
2.12033308018
4.15556138498
3.24122769339
5.17492249887
1.02182613779
1.67709398642
1.21760477498
0.0221045627259
1.04212110862
2.85924930952
2.44419403817
3.67634327605
2.06377285765
2.46519967908
2.13907516422
7.29652209568
2.52988174156
3.35159960203
0.482420222834
0.151653687004
1.14699155511
1.49284541281
0.855880829506
2.79324653256
0.633855229476
4.64425985911
2.49069051829
3.89122172247
5.91570194345
2.16452574916
0.439701725729
0.0
0.698530570138
2.72833840223
3.1231827751
1.2075643134
2.15490065888
1.26131413825
3.61617753655
2.97170505271
3.06134909112
3.59014909528
2.25608931575
0.436270460486
0.554359116592
4.78139854036
3.39552083868
6.32836785819
2.18063759711
5.47689157818
4.31024416513
9.01182003936
2.96879949549
0.157377432217
0.0
0.00186035980005
0.344827793539
1.49901875108
3.94848129479
3.64003982896
1.15975985769
1.5132679448
2.25557475165
5.96043067434
7.06988203479
0.334784624923
0.257746249437
0.0920619517565
1.01990041137
0.819013148546
0.366323443966
3.08428210352
1.1240096316
5.62436315749
0.918705749442
2.87967904808
0.150971710682
0.0
