0.0
0.0
0.169319495559
1.96178106964
0.959109017625
2.217910924
2.45720522013
0.929244444356
1.64959784527
1.62980112433
0.986776630802
0.0
0.00460212817416
1.57315799408
0.72543489188
3.23790123686
6.12247063662
0.403974628076
1.29546121671
3.43430334609
1.39893173077
2.68254596507
2.56313025299
0.0227050348185
0.0
0.0426294319332
0.722984176129
0.576901954599
1.46901620086
1.21365126548
1.21569887525
3.25673301332
3.46119527787
2.69165388215
0.118894837797
0.0199676454067
0.096145442687
0.0
0.0
5.801646173
3.18052965822
6.59616335505
0.887043226976
2.45933421445
6.65948870708
0.54462439788
1.81155876769
0.617306478322
0.0613509230316
0.0632373448461
0.292111056857
1.21367069858
3.10030531697
4.08024290638
5.51371071488
4.80100865103
2.18414895714
3.07663610388
3.58405927033
0.0367302503437
9.71500098333
0.739120900631
0.0
4.09799001273
3.88425819669
1.1219273163
3.48328158114
2.05208785739
0.887333943043
2.64833491328
1.69758300099
1.18637023214
0.0
0.0150229433784
0.147194025805
1.57823282108
4.58166465134
1.53380517475
4.35113285563
2.91653529671
3.89167175017
3.62990233535
12.014949071
1.75528330635
1.60869473009
0.0
0.469158670865
1.30378794018
3.67641822482
3.71813310729
9.6174881598
3.8080561799
3.33950689749
1.41974913748
5.46450476628
1.98016344802
0.0161781078205
0.0
1.29492598653
4.45452924818
2.44751924751
3.83778247656
2.73950284626
4.92053383496
3.08273147547
5.39332375809
1.21130782168
1.94633181393
1.0444445638
0.0
1.06690143538
2.54392382083
2.36512772919
3.71586436761
1.58184779971
3.15456942027
2.50136363506
6.85699363239
4.67805700435
1.11050999165
0.966468130238
0.515516015235
1.94834501948
1.68257949548
0.941894041141
2.98573551257
0.473337163683
3.58765440917
2.19454238785
3.41959160066
7.66644478997
2.34522526897
0.36697752215
0.0
0.305951152579
2.4440547945
3.2915935989
2.17461413739
3.38212373422
1.06231015082
4.39262351091
2.59709105262
4.27013891353
3.24816880748
0.555831199046
0.445114612579
1.11949590477
4.82664956781
3.22560806328
4.68066305458
3.16058714408
4.70364437904
4.13692276913
9.90820818115
2.92854599946
0.21043122001
0.0335163623095
0.0
0.325647056103
2.10238593072
3.77341903001
2.61335757747
1.45392125682
1.90586049249
2.40939304361
6.4759801859
6.34055508021
0.380673844367
0.119165793061
0.370849341154
0.492303438485
0.0999116525054
0.365785955451
4.10991982743
2.14707622584
3.83599313186
0.712832022225
3.39479920274
0.168095310219
0.0546638518572
