0.0
0.0
0.00162937596906
1.44270959764
0.917975272983
1.8924154212
2.10575669562
1.21854328876
1.56963041844
1.35157176631
1.53686306998
0.0
0.0359903341159
0.0
0.640963691054
3.73811956123
3.39921421185
1.02031177585
1.28452135297
3.54753139894
2.0130479699
1.68813026277
1.71028874395
0.0358324688859
0.0221928283572
0.0422266162932
0.648621174623
0.81262919493
1.15428769519
0.619659920223
1.20007796306
2.99345067097
4.09733174636
3.11162603251
0.030334879877
0.981137964875
0.150251854211
0.0
0.288828473538
6.91916954797
1.67034380266
6.08455222519
1.53433433454
3.6017991954
7.22051955038
0.777850816259
0.741610810626
0.107425127178
0.0
0.0749537460506
0.382357249968
2.80500510894
2.49262464722
5.89063690533
5.94995320786
2.86282705143
1.70121107408
3.71777546895
5.51391007006
0.049899213016
9.07315378683
0.0875131413341
0.0
3.84475783166
3.3246097276
1.80032268574
3.23773263954
1.64427055325
1.53794267331
2.41333012097
1.54702869558
0.702038327232
0.0
0.0312168820528
0.416710682213
2.79128015554
4.20486602705
1.60193089812
5.28464121843
3.44420970953
3.7673456503
3.85421227501
10.9335027314
1.3767918488
1.36558101326
0.0
2.21621538326
1.96508743241
2.610191582
4.47109966259
8.92214159586
2.60041652992
2.95200339309
1.44012159377
9.84420213709
2.91183780646
0.103360392153
0.486405432224
2.27369413618
7.69997717533
2.40184745332
3.31310682744
1.70866767538
9.41837201314
3.31483280071
4.85981883714
1.48649822432
2.01781606115
1.56527338177
0.0
1.10438490706
4.03769408911
2.35699522245
3.48713955155
0.86347163422
2.87455266947
2.83424680098
7.7840093039
5.82316589484
2.04020031914
1.14605489373
0.686329238117
1.41799764801
3.46986315469
1.24861130986
3.15481782891
0.291657484486
3.4455572248
1.89519009925
4.62033382105
5.42792261019
0.558828489855
0.370924547315
0.0
0.702190278098
3.1947440356
4.27315084171
2.6295607544
2.76656004041
1.07456782949
4.31040334259
2.76159292669
4.82832531445
1.41138103697
3.84642512072
0.537392683327
1.10978236794
7.20704362355
3.74963810202
5.17885121645
3.17096721474
4.21135134436
3.27773619955
8.88896923326
4.2892425349
0.449584312737
0.143081232905
0.0
0.628821253777
4.94122758904
3.53158023907
2.13719394599
1.96081910981
2.00897040305
2.87104596151
5.96254368988
5.87941096257
0.453526413417
0.0611340693431
0.17700098455
2.88694538036
0.139711163007
1.15388594428
3.72628324945
2.26202295301
2.88683392608
0.441502852365
2.75158299184
0.400553459302
0.136948436499
