0.0
0.0
0.00158336746972
1.48383455712
0.997943747789
1.92178890435
2.10534378386
1.17200350668
1.62640606903
1.37576317112
1.58951187151
0.0
0.0142512954772
1.37139379978
0.640333867632
3.45929480158
3.45943970187
0.92760159052
1.38430584117
3.36825154326
1.88435237203
1.54196343385
1.90357821155
0.0156906959601
0.0332892425358
0.0193990692496
0.476318669156
0.933519205078
1.29358529102
1.0507751574
1.01150927553
3.16693253862
3.97299357434
3.06389056699
0.0446876782225
0.301724584773
0.162595098838
0.0
0.222016273066
6.25507390033
1.62409304455
6.1344204573
1.56791292364
3.54720302974
6.77306608693
0.786544635484
0.931682934635
0.102441521361
0.0
0.0512694548815
0.349444714375
2.65344778635
2.63247027691
5.46722247801
6.17157278262
2.85899200093
1.71064385382
3.65857259673
5.18086945044
0.108594115824
9.51109245396
0.125016823411
0.0
3.92666394264
3.30959494133
1.78933644108
3.10589399002
1.75811346574
1.38611111767
2.21519681625
1.01007255074
0.665161169134
0.0
0.0175631546881
0.407310509589
2.49094144546
4.30895641679
1.60264501511
5.33850963158
3.04610160179
4.19154334563
4.03753977199
11.680181656
1.50020671636
1.76005923282
0.0
1.72954980913
1.94109644898
2.90123624168
4.21148866788
9.026734352
2.82337584463
2.9889529401
1.39285637648
9.13600050379
2.68501078186
0.120079377666
0.0899037718773
1.73085962702
7.28815714782
2.78538273927
3.41328815441
1.8528838465
7.46829850692
3.43843759259
5.09337969753
1.46315814182
2.29184946045
1.45909731649
0.0
1.0193784358
4.15483453823
2.50720668735
3.23403633293
0.994877253426
3.35975984915
2.72355909855
7.47569151991
5.70754934987
2.06488952786
1.28447990119
0.699069529772
1.95379138039
2.96841861773
0.894501738949
3.07899745996
0.288772333413
3.61615128675
1.85538805288
3.9126634025
5.45763341803
0.558847939596
0.470269302372
0.0
0.746983812191
3.55184416706
3.97615926992
2.84631389589
2.94988604821
0.964846933726
4.48257881124
2.69916954357
4.6287965076
2.06939819362
9.1220840551
0.567229807377
1.21409189329
7.5520533435
3.53413431847
5.13494790386
3.26411365718
4.38923110743
3.31619707239
8.8045644816
3.94296694314
0.368661947548
0.0742177814245
0.0952819734812
0.418964058161
5.59831981966
3.54856338096
2.37023263489
1.89797716495
2.1015775376
2.7720932099
5.8683251231
6.39112887252
0.48806083831
0.0850316863507
0.239984810352
2.51968543231
0.355107396841
1.05315634833
4.01596794921
3.61302874517
3.44886425044
0.389866398182
2.98108495004
0.651160465553
0.07984457165
