0
0
0.0
2.19847126177
1.61008512601
2.38159738563
2.99489966361
0.754367268644
1.21965690702
1.05754655134
0.999237455544
0.0
0.00710555864498
0.0
0.648668628186
3.68829482235
6.78452055587
0.634966865648
1.60044158937
3.5764594588
1.43869057298
2.86120384885
1.95455791056
0.0290200896561
0.0
0.0710366219282
1.17750782019
0.96289116377
1.73924235557
0.680894750752
1.36033267574
3.02715298999
3.71421305486
2.9069947867
0.343438037205
1.30932304263
0.0944683235139
0.0
0.0129219191149
5.8483024789
3.45161067997
7.77899111476
0.685229394352
2.10418480961
6.53053960018
0.713086183532
1.6173130176
1.05518838763
0.0
0.0541529767215
0.340858800337
0.548344711657
3.52172714286
4.05760607199
5.79595265025
4.62272249034
1.9766100382
3.11808930078
2.01657916099
0.0228785099462
8.05569589324
0.0
0.0
4.18987478525
4.02815347991
1.34341202211
2.78307913337
1.97149631684
0.805939908954
3.33371167316
2.42923357931
0.960849230061
0.0
0.00918264500797
0.192375546554
1.63862335519
4.5314503815
2.33022433863
3.75467450731
2.58826868562
3.26858453616
3.19937699015
7.22854374209
1.75114376005
1.46582645574
0.0
0.559508513776
1.58070403733
2.65636103321
3.08908734703
8.18381888838
3.47827033978
3.28116748971
1.4048940948
4.15122100827
1.788898692
0.133894626051
0.0
1.69347750995
4.19686515734
2.19749711314
3.4892862495
2.4090480404
4.44582221308
3.25028136931
5.29773961561
1.1971804424
2.62243268639
1.87430181634
0.0543482350186
1.10225659329
3.04882812919
2.75703893101
3.89533886514
1.52918873448
3.67242429429
2.543707337
6.95941071876
4.33123424801
1.55713656032
0.403790275566
0.584662933834
1.64904409694
2.62147568678
1.12721328647
2.69164304622
0.567209227942
4.16283101495
2.23303212586
3.6778502193
6.09448293969
2.09953196347
2.91193932248
0.0
0.162345832796
2.03122100863
3.18085359968
1.62946444587
3.60332751891
1.14765632898
3.93661367148
2.50337002333
3.31284330296
3.55261295615
1.04189520422
0.334758333862
1.14218001254
5.70352360047
3.13032408396
5.25527578685
3.07851187047
5.15150996856
3.90560045186
10.0026570553
3.22691757232
0.230766564608
0.0177851561457
0.0
0.631449997425
2.03639526502
4.21577656036
2.39712388953
1.27638747334
1.81165042799
2.51706985058
6.33108726703
6.43031810573
0.48502522707
0.101896263659
0.270493924618
0.554290352389
0.1443169415
0.382168710232
4.45267759438
4.98988211621
4.71876603505
0.670600793557
3.01693270169
0.183405113872
0.0131192961708
