0.0
0.0
0.0
1.64515203459
1.17233812128
2.13558404171
2.42081822176
0.977891796269
1.60028850473
1.5943062338
1.5604939789
0.0
0.00586039735936
0.0
0.697397042066
2.56176202372
4.32503287122
0.718120981008
1.38182031107
2.82481070701
1.51291426271
1.85674347763
1.3411118025
0.397886325605
0.0
0.0559623762965
0.155339120305
0.636649645865
1.31218945776
0.891213670606
0.943366927095
3.17946831998
3.72646702221
3.58977528848
0.199325189868
0.971899837255
0.196535756811
0.0
0.175931500271
5.88514489122
2.08804867778
6.3505610982
1.23193779867
3.28513414686
6.88002791698
0.750045194814
1.16183097544
1.55457224883
0.237047612667
0.0651482809335
0.427610279992
1.52805236634
2.35488702636
5.02454639715
6.42062485754
3.44409525488
2.0145459238
3.31644401443
4.47644208465
0.148821853101
5.17876320705
0.114674054086
0.0
3.37774157102
3.25479602441
1.716685805
2.67326092394
1.53001679434
1.18964813021
2.40771302395
1.05686585372
0.510344113223
0.051704544574
0.0197796839057
0.17056103982
1.90552740346
4.51832656428
1.42213368253
4.95448698418
3.43298297608
4.7062563292
3.81422366801
10.7347745006
1.59915900021
1.33907593973
0.0
1.20515465934
1.44065526489
3.14220851753
4.08404031309
9.83950790437
2.9507785532
3.60787759681
1.66487000766
7.14967753936
3.21804932936
0.036993786227
0.399886876345
1.42899523536
5.26473471895
3.13793743611
3.96230057522
1.88231894118
9.4165670292
2.92209007649
4.88575876085
1.29409006122
2.43460021168
4.59507592395
0.0
1.38523908076
2.77667996008
2.55323885236
3.65355160175
0.999440414133
3.43184823613
2.67686772777
7.26778861985
5.67386813031
1.95602205675
1.19671861827
0.475376328453
1.14695435995
2.27523486153
0.912184124347
3.12045775913
0.370129419724
3.57318686199
2.04964570585
3.57926236081
5.97227014974
1.79515615664
0.56137215998
0.0
0.422954054549
2.92119146883
3.70991485752
2.89795110561
3.33227059152
1.01383560151
4.70299548586
2.70330778148
4.353506824
2.1110217087
0.739653389435
0.483913923614
1.21835136041
6.37687219679
3.28972215531
5.2100304761
3.30025208468
4.40714779473
3.53656193428
9.10040543787
3.52508054674
0.360657658428
0.059895504266
0.109411865473
0.867629289627
4.56134588551
3.5208366802
1.81406757655
1.53530336567
2.74774798262
2.37851127458
5.84762938775
5.85321721993
0.709698050981
0.173150690272
0.237320035696
1.8600397855
0.306472465396
0.58588231355
3.6922297664
1.58215971314
3.91031373932
0.550789287314
2.7110536627
0.547221121378
0.10510558635
