0.0
0.0
0.0
1.6851857882
1.42274473025
3.3422864438
3.90642447094
1.17448030505
1.23022185615
0.96562251146
0.30984303914
0.0
0.0203456506133
4.09333857894
0.728416029364
3.12197490875
8.01696985122
0.723101829528
1.22377666272
3.89269692067
1.05628537154
1.5348663819
3.83408316411
0.0124408181291
0.0
0.0594489499927
0.491682826541
0.244569048285
1.63600873854
0.718766693317
1.74795772531
3.49325557426
4.45818553527
3.53785278078
1.10227946634
0.0118072926998
0.267260562629
0.0100304074585
0.346565399319
5.16892943531
3.5065920169
6.23016297701
0.497059496003
1.88415684225
7.29068662971
0.723024845414
1.46145847347
0.283846460283
0.0734776705503
0.0219843541272
0.0512486551888
1.04198909085
3.02477862453
4.52419889346
7.99871912098
3.56588987575
2.51687927055
2.37553240941
2.42689672043
0.060904907994
4.92446380388
0.0
0.0
3.68742374709
3.80759753089
1.17789150297
2.9396364956
1.95169358607
0.580991585273
3.84308453393
3.42340545892
0.746723395539
0.0
0.0148673600052
0.0928884404711
1.72789037996
5.36435652385
3.23198425234
3.60198189761
2.95689814398
4.25187429192
3.69659345527
6.28644501534
1.41682235245
1.17958275328
0.0
0.493551586755
1.8166242633
4.16900331387
2.92154015135
7.56315262645
3.01606528519
4.40591244865
1.10143466585
5.71725869464
2.04010612564
0.243296001107
0.0
2.0529939729
3.15948136337
2.52503711404
3.74462632742
2.11491926201
3.8457211277
3.44156707777
5.12599725695
1.11426705867
1.76534131728
5.07953176339
0.00690515805036
2.22844793834
2.60876125819
2.33745020023
3.62988987472
2.41022886988
2.61590110895
2.23609006195
8.10973511054
2.39736518217
2.30366787128
0.34561132919
0.171201428864
1.30207111454
2.49098184751
1.02313081885
2.78170490835
0.701134224655
4.55223564804
2.41677997727
3.26490723976
5.88730200939
1.49511191808
0.569867141545
0.0
1.09861109313
2.53746168548
3.24952675961
0.873108638043
2.34578487009
1.60561771085
3.72336721933
3.02609941666
2.42337595928
2.50202072365
1.38687881595
0.131643638015
0.347637292929
4.70719950181
3.3218962049
6.97748940962
2.12416249013
5.50440092199
4.61369456165
8.89187756367
2.3310058252
0.15674636804
0.00964123290032
0.00436296919361
0.0884177386761
1.34056012519
4.07563136751
3.87792370003
1.17842455779
1.55368193612
2.34510409046
5.56239839038
7.00303047814
0.380304731429
0.168572872877
0.0725281015038
1.53926249966
0.275823183823
0.747843662277
3.65430411138
0.610730267814
5.48348854342
1.08057015325
1.82500940282
0.124333512038
0.0
