0.0
0.0
0.0
1.99624071829
0.708521110704
2.48379612464
1.88461972529
0.751604586956
1.21890543215
2.30712954933
0.258831068408
0.0
0.00104551541153
0.0
0.424395833164
4.97280802578
2.85917939432
1.22039885749
1.02277460287
3.50325231755
2.1448757723
1.31573991058
2.81720120879
0.0128787911963
0.0
0.611732542515
0.309243966825
1.14930859028
1.05696258647
0.491779472795
1.73542519298
2.63909586705
5.00425326638
2.70398113225
0.142002451001
0.150261841714
0.647309337743
0.0
0.414492911426
8.56276746094
1.51771847717
4.84599022224
1.87503308849
2.65910262777
6.78659811267
0.591305520677
2.07000090368
0.122775018681
0.0
0.00885405577719
0.843869189732
1.46641802276
2.19774536137
5.72215890064
6.22821592807
4.73181002657
1.62872968044
3.72279175278
4.52677939693
0.115130744874
10.5556854014
3.66225481033
0.347623854876
4.23411703028
3.49454004504
2.04459364153
3.84117913945
1.21349695791
1.84485095349
1.74842115724
1.22221530561
1.19173422456
0.0207504853606
0.0062773283571
0.176796473563
4.33681312017
3.97362702823
2.05591512006
5.039027174
2.89847149188
3.72967647191
4.255738993
6.18488237186
1.24828828941
1.33250388224
0.0
2.95509007573
1.9196774991
2.9035727093
3.87997163337
6.01983086765
2.65311097761
2.58000746835
1.66253660375
10.3113370426
2.59097617376
0.00981224887073
0.147595152259
2.33070382709
7.41192549455
2.80559761985
3.55386423052
2.17165169283
11.3628779773
3.01536666427
4.51326844282
1.53397580003
1.70317050815
1.28891275451
0.0
1.13946433272
4.94962234073
2.51532452705
4.14037324418
1.30056219106
3.3816917052
3.49607494241
7.92720942199
6.49661069084
1.95883323182
1.71026575193
1.84317453951
1.2220744174
4.76540174242
1.66745566973
3.34118490294
0.409507930279
4.11962698272
1.77605089842
5.34173826035
8.35821203422
2.06247855071
0.273166097701
0.0
1.00553407311
5.63769746292
3.76735646289
2.46007726458
2.51488236687
1.52134560049
3.97224516049
3.64593192982
5.27004980622
1.84154140949
1.00452694297
0.378939475864
0.594351664186
7.33174305968
3.91639509902
5.73197122407
3.9639722351
3.59671516344
2.95776787761
8.58381968969
4.53183944896
0.179493719712
0.0446486249566
0.0
0.0
6.13988368493
4.79367880407
2.82785590971
1.89809202927
2.30438465602
3.20393471792
5.86475860234
5.63932983577
0.599403927801
0.115663927048
0.0
4.35065533069
0.395517799848
2.60006100501
3.533490623
7.21909699048
3.81073801976
0.290750334971
1.75843477249
0.174710679799
0.288192369044
