0.0
0.0
0.0
1.78853491694
0.70996332122
2.94493512122
2.26094475371
0.731783711177
1.29179187259
1.59969414631
0.879631491494
0.0
0.0239204019308
0.838535249233
0.282426636666
4.68755725771
2.74346320529
1.29712224961
1.15080895904
2.31584583502
2.19312827103
1.73906789208
5.32664202084
0.0170450331643
0.0
0.41378724575
0.266627147794
1.8587482716
0.926933986309
0.367415429675
1.79387825064
2.22415931174
4.57737191021
2.90999101254
0.815707598347
0.353843733668
0.860471569002
0.0
0.410939689435
7.61162602529
1.65721105225
5.2477640032
1.53668331075
2.52262745495
6.34426072286
0.511277638434
1.74417392624
0.135153057054
0.0491779260337
0.0118671255186
0.425967948977
1.40156444442
1.96837131924
5.53389093961
6.25393197965
6.00689152535
1.63143929723
3.84857625142
5.75098352466
0.106404407881
4.24519190029
2.23523320118
1.44400763512
3.68544532917
3.44441213817
1.91509433324
4.0642034323
1.38759394595
1.77467835654
1.7552040692
2.45603084579
1.41944550257
0.0638091459405
0.00256420602091
0.0766356922686
4.14988580975
4.25583808962
1.77778378612
4.72915187734
2.68696369871
3.53944399481
3.28183265065
6.38784486149
1.0721706592
1.27193417866
0.0
1.84269541316
1.27145450062
2.96805580892
4.02733157203
6.16387213394
3.52225697134
2.61641230853
1.65814784425
8.41423254739
1.96958945179
0.00823080679402
0.0610095262527
2.46670878225
6.05680957041
2.86235902086
3.4156306244
2.93414225196
11.2589063692
2.70388659672
4.94538914319
1.64611462271
1.88945746655
4.61723724008
0.0462941303849
0.85709054675
4.1875269803
2.15160997515
4.0325263266
1.37986376183
3.53181305132
3.65346896113
8.10822459217
6.29087905586
2.22294502892
1.73938178457
1.86866667215
0.771613847464
3.96872994769
1.4040335032
3.48729268718
0.447609993163
3.86317427037
1.86348945682
5.70685965917
6.83861426543
1.55800094642
0.282757754903
0.0
0.534247441916
5.89793059789
3.75491954479
2.8280624334
2.22144717321
1.72276937799
3.97725133318
3.69805390446
4.17607888579
0.898682488129
0.576717928052
0.394139997661
1.01028298214
7.004214185
4.4106083333
5.72421523649
4.5161922921
3.34427949693
2.77041256102
8.19675412588
4.50310857035
0.0853092595935
0.0213531460613
0.0
0.0
4.8313221694
4.61700212024
2.93555784877
1.76549743314
2.63624410331
3.04825960507
6.07515308599
5.1193869398
0.561112944037
0.0194310434163
0.0
1.67715631984
1.35193725582
2.3896875002
3.53893524886
4.1599384679
3.98706667498
0.415232036088
1.79374026507
0.206443551928
0.213683456182
