0
0
0.0847688689828
0.930211380124
0.577622519806
2.25566743361
2.27305761655
1.15153907565
1.43415195681
1.47708744882
0.544445408275
0.0
0.0
0.0251653064042
0.411449626088
2.37858545035
3.79261559143
1.37554679741
1.92924949271
1.18347529788
1.84348441334
1.76656042738
3.82337458758
0.712363255909
0.0
0.669965229928
0.242121585645
0.618050019373
1.26117443992
0.532904029067
2.03945911687
2.20307003707
4.79560884344
2.61854452046
0.981700623408
0.531732455827
0.0321880541742
0.0
0.370358984917
4.77519398369
1.42627186124
4.51351076236
0.885404175147
2.7068687547
5.25899268151
0.501073277555
2.39935594238
0.59492598474
0.0606788918376
0.18721935153
1.0675839035
1.3103858605
2.24066587526
7.72130259965
3.39023283776
5.56006781012
1.3913314502
3.97656182351
4.21117973508
0.0121698579751
0.502321841894
6.82129812241
0.00294403126463
3.96912186965
2.74040363211
3.80428197584
3.17643562518
0.633911128971
2.22869049851
1.79387334886
2.19873280381
0.877304814756
0.0207329550758
0.00485505996039
0.483858735766
4.0180471795
2.85189297039
2.17247986223
4.13103243522
3.4411364065
2.47410397115
3.56229518465
3.56390982855
0.670367898652
2.15874149598
0.0
0.740050235763
1.69213984837
3.12872985587
4.54517955752
3.74978290265
5.47288942523
2.35077022074
1.74622662901
9.2276834657
0.701103479543
0.602335115429
0.0
2.21590408077
5.19126708899
3.20070024393
4.73747567344
3.85388231731
3.16090584919
2.56899965834
3.88375383057
2.10944210645
1.68707171455
1.28065652936
0.0
2.56127537088
3.34419942787
1.12801321555
3.39136694954
2.36315146077
1.97918263567
3.68831194518
7.4651163884
6.57160540996
0.981102416292
6.18777965521
0.409585659858
0.925328846555
1.76943260571
1.50395378092
4.13435920933
1.6972600586
3.50844451494
2.1539148743
5.31315951422
6.99887180811
1.24711271795
0.58461275138
0.0
0.481819026405
6.92007127142
3.29553511878
4.19470389374
1.70573987323
0.928331423551
2.82490602671
4.0349498447
6.78992143599
0.939630842768
4.12063780427
0.20063808281
0.292830923805
6.3475073548
3.49163945485
4.28025189589
3.5176964323
3.50977096241
3.90799468476
7.73854506155
3.33744019456
0.0061790747568
0.0
0.0633451119065
0.0
4.44865270611
5.50189253921
1.99375968962
1.56833485654
1.81359686167
2.31768429233
4.50603063189
5.74527810328
0.529809132335
0.0
0.0154353408143
1.1542075793
0.421961136744
2.91839463618
3.54410454817
2.52785461326
3.76155795297
0.853224975814
2.06299082539
0.491340335459
0.0
