0
0
0.0
1.24151448364
0.678261733265
3.20969497575
2.12965415418
0.971108170925
1.46134904679
1.39523359411
0.733243324794
0.0
0.00533507671207
0.0
0.351892414503
5.07637013495
3.41357443936
1.48514062603
1.43279543682
2.25340446632
2.06952629518
1.84985372005
6.58217065636
0.0161988604814
0.0
0.297694601119
0.283237721305
1.00425566029
1.22668040683
0.414832613285
1.62551905529
2.23481753375
4.29407345573
3.13369059766
1.31461960822
0.73390157707
0.166946323123
0.0
0.394344681408
5.27646354539
1.54665244601
5.41832958898
0.598529766314
2.48895694956
6.45513768966
0.473638667609
1.06071682461
0.955048322678
0.0
0.00511214090511
0.4556697472
1.74054784048
2.47462037718
5.40548980341
5.74591080204
6.66240518168
1.55083834892
2.90178940631
5.95111308061
0.0739649608731
5.67549336073
0.0987626239657
0.00315366359428
3.86926657241
3.02143576962
2.67088894639
4.38350048522
1.20002224809
2.18837722251
1.67564240872
2.64996397484
2.31002003141
0.0193177449983
0.00438172230497
0.0540741942823
2.27728831116
4.41017759836
2.23661820334
4.19274154806
3.07176299486
3.2179511711
3.29454890126
4.17770229257
0.745915919309
1.52889345121
0.0
1.08524989476
0.771236652683
3.23856919818
4.09460598254
5.87376338383
3.94412760343
2.55409960495
2.04392080661
8.17456150008
1.25343085709
0.32254242897
0.0297788567841
1.90366606007
6.04826587159
3.19792187121
3.80494051456
3.34958377387
8.29829698673
2.81243868207
5.39342088462
1.30800519465
1.53816551249
3.78886310617
0.0
0.635171210393
3.4902643247
2.18160090863
3.88029090862
1.21381861507
3.32434844761
3.48293896602
7.94334891671
6.4975231823
3.14812203054
2.53353178967
1.37077762559
1.24118633382
3.06172528351
1.12453005789
3.87147169258
0.783563527744
3.75988548598
1.84078462829
5.78352221707
5.87934755493
1.38792932953
0.0674536656588
0.0
0.535901058698
5.76227168087
3.23751940392
3.04132247483
2.0676425912
2.04533008253
3.60423938365
3.55329488323
4.86376843392
0.729200810194
0.504326537251
0.434917960316
0.702556072269
6.34802604932
4.44899764057
5.26377107471
4.37225335697
3.52643422107
3.13246876921
8.36024381034
4.71770291042
0.0
0.00617210566998
0.0974438562989
0.0
4.13290931564
4.12625006121
2.44241917878
1.67617559712
2.10811111983
3.07806226844
5.00665098289
5.99178312474
0.165284935152
0.0411268509924
0.0203473027796
1.90537717089
0.117784993723
2.28584459222
4.25133223739
6.64568989089
2.94667537557
0.354909435147
1.76182422566
0.256577607244
0.124082818627
