0
0
0.0452349819243
1.38335593976
0.84164614859
2.10848538045
1.79973842157
1.2554741872
1.71887487289
1.47243437381
0.904747830471
0.0
0.00170254893601
0.921128988266
0.749458061298
3.81927682878
3.00447863893
1.01242445153
1.38671516348
3.63125359081
1.83952210192
1.24815707537
2.26017076243
0.0196034647524
0.0397533923388
0.0210576113313
0.417759450153
0.662827959284
1.18413349183
0.351704802015
1.2528464591
2.81235895772
4.29113630205
3.15523162903
0.0461685070768
0.292000997812
0.11442377232
0.0
0.308184275171
7.26859533228
1.46389223589
5.4244809082
1.52728119772
3.55207785824
6.91525014397
0.676265049027
1.11103812529
0.0631167758256
0.0
0.052145531401
0.447340335697
2.01302079158
2.37757947994
6.00228516705
5.17961071624
3.28264352761
1.69731683703
3.93964179768
5.28211752803
0.091106235981
10.3762711408
1.41497123241
0.0
4.07381771598
3.53843417717
2.00615455862
3.15053638443
1.66334450874
1.53293093597
1.81855681352
0.815419055376
0.687100004405
0.253253675997
0.0482537227217
0.334876927314
3.13851732481
3.75714234647
1.57238390646
5.03855849017
3.17730838619
3.70455626794
3.79365241248
9.18411570101
1.37504484504
1.13771822583
0.0
2.31954390556
1.66769923735
2.49202021654
4.3806315572
7.85839785764
2.72308648145
2.90198354376
1.41656028363
8.57037551049
1.73936649156
0.124124875525
0.0619133859873
2.05662253499
6.7660585437
2.54986175802
3.21069295681
1.63140981272
7.50776540162
3.38677845258
4.33514043453
1.80931359151
1.90120778605
6.12390978262
0.0
1.19273083028
3.29408694647
2.12920815614
3.60633342189
0.834715806879
2.67288937792
3.00487178727
7.46437960272
6.01955542783
3.15566656832
1.13251449191
1.44824445248
1.59355763067
3.09096531291
1.27756944066
2.92351234751
0.359417028492
3.79051449639
1.92244947457
4.99310131371
6.89926515333
0.740271799732
0.46690641623
0.0
1.15800936101
3.17347226478
4.27131774463
2.3918342907
2.6283579357
1.12531572022
4.5531250122
3.09366975015
4.88560702279
1.6870688349
2.51091232896
0.80298470147
0.723532933742
5.65035791788
3.51382999262
6.09564397426
3.46696531144
3.79932854138
2.95673740469
9.01838465221
4.05009415909
0.368730708957
0.121865011752
0.0
0.266150742769
5.13111556228
3.83836648613
2.22413237102
2.21894774272
2.10796114942
3.05926841078
5.79482418997
5.74761237379
0.663279429078
0.077006008476
0.0992598608136
2.88889640828
0.467787410482
1.22242837911
2.46409692367
3.11161410424
2.87929497844
0.389316255692
2.79861573616
0.231791108847
0.264426477253
