0.0
0.0
0.0671089589596
1.40131535288
0.837568779476
2.1989262097
1.67986094323
1.21218387503
1.7099698754
1.29888947192
0.986922681332
0.0
0.00104549166281
0.977562367916
0.69782531634
3.39500317536
3.03051309532
1.0250505195
1.41262669791
3.67846991867
2.121961114
1.02787652053
2.16925735353
0.0195721001364
0.0498878695071
0.0
0.350107669597
0.514204898849
1.21546592144
0.374742989894
1.28476597922
2.81831293739
4.1825797325
2.7714380098
0.289351530373
0.236220253631
0.208564117551
0.0
0.301181937917
7.52797911316
1.57925060391
5.58837380237
1.61168343946
3.36094752373
7.01495164435
0.692264225334
1.31461102882
0.0762219782919
0.0
0.0460048206151
0.408506502397
1.745466833
2.17552761047
6.24632702046
5.24244618183
3.54906881298
1.71445254795
4.08692092774
5.99026547745
0.100463602692
17.923339454
3.88055849075
0.0
4.18490320165
3.51406811783
2.14000535663
3.2247201046
1.44971263059
1.57363802218
2.4112120863
1.17055930354
1.01139844023
0.235374062555
0.0459142369218
0.407942660153
3.4702528721
4.12476197968
1.8333661895
4.9348450352
2.92563367169
4.06068285456
3.74412340904
8.65500606876
1.38482161146
1.33706140472
0.0
3.1334766238
1.74691585347
2.49007209588
4.16911873053
7.19882299879
2.51060637087
2.86040504149
1.43434658361
8.62198330648
1.37821274891
0.075981242815
0.0
2.11601086892
6.60501343524
2.47626549471
3.16525974439
1.7053307998
7.42360621202
3.36153206578
4.55874175948
1.92971921922
1.86357795447
5.84600647353
0.00253737834282
1.23227295198
3.74132781313
2.30682888045
3.76458689815
0.992743432987
2.54424522724
2.86327107344
7.44416388031
5.64754598163
2.07588395569
1.14233637368
1.14918233082
1.11085506948
2.98329050466
1.40590121644
2.5282001507
0.385497474344
3.70552797057
1.95234464575
4.98633104563
7.23397977091
0.649357531918
0.45640794374
0.0
1.34173458163
3.58225863986
4.36022469308
1.98909826856
2.91429724358
1.11593504716
4.38897044398
3.3013079419
5.33061243827
3.54404157586
2.47731643915
0.733962779865
0.820540870074
6.23316309042
3.36273361777
6.54221406358
3.57788957888
3.65493619209
3.03385177907
9.55457077362
4.38240032038
0.179238272831
0.107724301517
0.0
0.206469789147
5.59518574644
4.13103216887
2.58663567691
2.16358063626
2.1200809828
2.93514388474
5.58676910028
6.16578389669
1.09378039092
0.136685696431
0.0966129750013
2.89541718364
0.0370184856502
1.75817531953
2.85463486077
2.64874758199
3.4140043077
0.395863731625
2.44785840291
0.406079882756
0.0837989971042
