0.0
0.0
0.0
0.838174046949
0.541186593939
2.06316569529
2.22514693812
1.07868787472
1.32509959955
0.708841684507
0.738533402095
0.0
0.0217503861059
0.59781363979
0.550356619991
3.66411408596
3.90636088327
1.42870904593
1.35015964345
1.00737507758
1.65540646389
1.35745820636
4.16148601379
0.00731419585645
0.0
0.292439103127
0.0468210941181
0.833045825362
1.13057442516
0.619105435151
1.70855652192
2.03004615102
4.17811155552
3.09570556134
1.49038301944
0.381967514753
0.0775807220489
0.0
0.359514940763
6.19668608531
1.61010403995
5.07659976324
0.315012597828
2.5198079329
5.74279994075
0.548608762096
1.56617339514
0.735149085522
0.477756559849
0.0401525497437
0.556300177239
1.75733169541
3.04463530431
7.71834196406
5.34112686384
5.36904867506
1.4605871907
3.5311912953
2.42094207893
0.0395539100282
0.0672567039728
2.35330533981
0.0033753477037
3.51824590936
2.44505539862
3.30731073348
4.99534356501
0.645794468466
1.95761534618
2.12091993762
2.85231382214
1.48162778607
0.0
0.0047288001515
0.551501628011
5.64234430715
3.39279097121
2.2463607532
4.78685596213
2.9696752117
3.25270306552
3.62661989013
4.29288831714
0.416347226594
1.13059686217
0.0
0.877090756781
0.960060419282
3.31502388569
4.8078304769
4.99660122953
4.52866611234
2.59349398315
1.28633439448
8.5058140941
0.96230471693
0.965330893639
0.0981599912047
2.30387714133
6.4973193258
3.33819491789
3.99303157465
2.91352648474
3.6766327431
2.4059728242
4.43687923299
1.77224172815
1.2244364894
1.71887780074
0.00611069984734
0.213595354231
4.44740587706
1.83756895392
3.60265899269
2.01033750153
2.44465895777
3.44294780761
7.63797018095
7.25435874786
2.016623904
3.78904871643
1.1181971659
0.853926252574
3.39277429064
1.18954051938
4.90189490188
1.06246706599
3.61670845281
2.09639844752
5.14695385657
7.71237135492
0.709225147031
1.31986342976
0.0
0.676824916503
7.80733940564
3.24828846985
3.38285743492
1.97100019222
1.33433040278
3.01563534513
3.55821947102
5.70726890001
1.55580222234
0.312851993367
0.518971062265
0.364740677644
6.47797982593
3.41018912103
3.87942025042
3.50254864059
3.35573887359
3.66035946831
9.07121519372
4.2501262296
0.0
0.0
0.0985610898933
0.0
5.80430910818
5.12651644275
2.4986961523
2.28712192352
1.70469985623
2.61481759837
4.8628830791
5.61982852407
0.553272047895
0.0652261599898
0.0121489223093
2.39357060194
0.0764182717539
1.95496385545
3.79139288329
4.26232288545
2.1560250402
0.857119988184
2.29213647358
0.363206419162
0.0
