0.0
0.0
0.0
1.58099296689
0.72826454835
2.34758191457
1.70628057001
1.11673395429
1.47468573321
1.39538949565
0.499398644839
0.0
0.00104542810004
0.0
0.556749517098
4.31812846474
3.01424734434
1.25794749148
0.823979779612
3.37870965735
2.01889750641
1.3591531408
2.85504183453
0.0217012353241
0.0405763685703
0.0
0.279157278594
0.926403600955
1.07270759274
0.43050002167
1.6040935826
2.73867387511
4.35339791328
2.60620525171
0.818329542642
0.171361919492
0.198700550944
0.0
0.384421892464
8.33869432937
1.50752030034
5.42168825839
2.03935979772
3.11790403211
7.22129808128
0.581899466342
1.79072512221
0.132485513575
0.0491779260337
0.0137535482645
0.64411540702
1.72060875455
2.65488119231
6.51687763172
6.09422906325
4.81705068192
1.7932720352
3.70471391
3.56998649123
0.102000669576
13.22205939
3.89076972008
0.263197153807
4.72066567186
3.45498548821
2.01632176107
3.46255199594
1.46502707992
1.72032522177
2.38738212001
0.994050019654
1.34596510464
0.0
0.0298362635076
0.278956755064
4.5477152036
4.10285258666
2.14336899912
5.15510921285
3.00975901005
3.61788873328
3.76596331445
5.41271446424
1.38912631711
1.72935570031
0.0
3.60774543043
2.12563762307
2.86479891284
3.81932249796
6.27961021196
2.28998952499
2.82164130476
1.57319973526
9.19876149297
1.6675579194
0.0434000920504
0.0478637106717
2.45202582469
7.10336839495
2.49536624184
3.61975272524
1.98666990106
10.718519507
3.35352091299
4.43988194782
2.27854474494
1.79481335729
1.14329357352
0.0483261712361
1.54968394036
4.39182001911
2.29172983509
4.09476189874
1.09527127235
3.08639510931
3.30950003839
8.07038612477
6.45107890561
2.01975904242
0.861298896372
1.69779027998
1.54324972164
4.38260400901
1.55558803678
2.87206292432
0.294389566174
3.97411157738
1.87059528858
5.10892052751
7.6202550889
0.688458607532
0.477543929592
0.0
1.50633149967
4.52114412561
4.15654703788
2.16132590594
2.76673744537
1.3800874087
4.40543862258
3.36201960163
5.48752562422
2.86134892888
3.52772828937
0.791234161705
0.445916197263
6.67091964651
3.69573905936
6.76921644434
3.85742202098
3.54959553387
2.85808001645
8.9205382634
4.66583807801
0.338162537664
0.0646759718657
0.0
0.351734220982
6.76121489145
4.55037839524
2.37701302709
2.17591029976
1.8682094831
2.93783304212
5.60492954403
6.15819249291
0.820260053501
0.188640292734
0.0110657801852
2.23400063161
1.43397554731
1.79687917139
3.6493905384
4.08296124914
3.07313802455
0.388063811697
1.79556791857
0.478001426905
0.271301060915
