0.0
0.0
0.00242812326178
3.20821474772
0.575202940032
1.51281961566
1.51637852099
1.1129549162
1.18287085858
0.7249825974
1.11945994594
0.0
0.068890536204
1.00723808259
0.550334305502
1.47756120237
2.8197126945
1.89065245719
2.27011455642
0.989014810533
1.39208295709
1.50046500098
2.64318880485
0.0
0.0
0.239880852401
0.0427902676165
0.8484173459
0.968786073383
0.877328434377
1.81784368609
1.96530063124
5.05320483353
2.84025841393
0.955333791557
0.990648249863
0.268122371286
0.0
0.615931092761
4.84539929591
2.21391745424
4.40146551753
0.41162742395
2.84043632366
3.93411454174
0.64917762205
3.05874752055
0.127729274333
0.0593269579113
0.059197049588
1.78195145261
1.15856835153
2.1202350923
4.80049490614
2.52958626021
5.55278078839
1.35758458753
4.34207406471
2.41324970906
0.276890156791
0.263584576547
3.45725696534
0.0
2.30690706614
3.5436037886
1.31153284013
2.48601965501
0.903713519336
2.1418973417
1.4043270254
1.30112432915
1.10664948169
0.190118887927
0.00566291762516
0.517962057143
3.87330684299
2.42761485686
2.35835304786
1.33703879919
3.76567799354
2.11595054512
3.64750607073
3.88454388897
1.38911189092
1.3020881922
0.0
1.15837056452
2.31447082147
2.95486310974
4.92666740867
4.46548528515
2.72253427119
2.3545762985
1.65953549952
10.1262002559
0.185981106013
0.0766014680266
0.0390218645334
2.05770526128
4.01630192995
4.46923275106
5.6765752288
4.29823064012
2.74508337257
2.16130670608
4.51079563017
2.47364833672
0.799245070026
1.77936476702
0.0
0.44208538672
4.71080257464
0.43967040116
3.39986132499
2.2951729265
2.08909413777
3.29809331108
7.85229358682
4.73169928044
2.00158651872
3.89230772899
0.383505514124
0.741821662872
2.57941209897
1.51371860481
3.9615712855
0.793604336446
3.76781161909
2.21328974678
4.27252895036
4.86970683653
2.21384245809
0.231776948087
0.0
1.50445903733
8.03597663715
2.91254238505
4.32752563967
2.07535268072
1.24651653622
3.30575614446
4.04975178908
5.79565827176
1.13136050338
8.71337312507
0.455221537501
0.14554944355
7.40019445238
2.79543505207
4.45735027874
3.44255610555
3.05168297421
3.72942184727
6.96052733669
2.89059794787
0.114124823362
0.0
0.559502927936
0.0
6.85321998247
5.06756974244
1.81999429571
1.54413217813
1.15360582096
1.50994767866
4.94445094909
5.63385349442
0.830620311201
0.0177572388202
0.157595590688
0.765244698152
0.0
1.69345977157
3.73852401832
1.18433727976
2.51835946797
1.01891270559
2.29044641741
1.89426105097
0.0226623825729
