0.0
0.0
0.0
1.51411267929
0.564648775384
2.51069451438
2.66235306079
1.11807231605
1.30158042256
0.547819137457
0.49394156551
0.0
0.00922541390173
0.626442283392
0.556670135818
1.91417018324
3.3924699169
1.27924899315
2.5041415554
1.04145589168
1.6827481878
1.55245946138
2.31967705954
0.0361777995713
0.0
0.581122353673
0.255289028399
0.583479406312
1.00897406531
0.683955375978
2.14995687362
2.14679061854
4.49579291465
2.67961972277
1.27484989411
0.573237001896
0.203340727603
0.0
0.540048658848
4.74357922003
1.66153932852
4.5033863323
1.17745099199
2.86076229671
5.24248776701
0.749242342426
3.21929251583
0.26286765188
0.162380192429
0.0845136865973
0.780563139357
1.41969230957
2.07603620528
7.89604901138
3.32978198933
5.39978163852
1.69109950936
3.71875728935
4.67000338383
0.0477319848724
0.339962176979
3.90471595526
0.0036314050667
3.3576561301
3.05104216147
3.14522807347
3.01058526663
0.926953040063
1.89469454484
1.35359314881
2.61980074598
1.44088042085
0.055854507722
0.00753275718307
0.324850024655
4.11329918401
2.93231606117
2.51519089658
3.34268632601
3.54287585698
2.16148022434
3.64351640729
4.18651615793
1.22980364121
2.48495520465
0.0
1.29910609219
2.06683213869
3.29374244739
4.96002338105
3.57399908314
5.06567550008
2.25111419777
2.01741361804
8.41942093428
0.498754256405
0.594925370533
0.0
2.51983292901
4.31394542009
3.57259434648
4.48772191931
4.21259006218
3.2065196922
2.44568974362
4.00101177429
1.87551916548
1.55578127457
0.822856035084
0.0
2.0765724252
4.01331259171
0.926215772924
3.14770924393
2.40548162413
1.53499229648
3.62323653337
7.33738631918
5.57933644543
1.17606047774
6.52195491828
0.621230525896
0.837391115259
1.58406285156
0.97777094203
4.20885625854
1.13676182867
3.48257712403
2.05392042268
5.16226266138
5.71829589363
1.36181881325
0.578217842616
0.0
0.594459311105
7.13961767289
3.59075390059
4.26164519275
1.65361670684
0.870325660333
2.89869191521
3.90138145443
6.93131345394
1.3344272736
0.688500130549
0.200233653188
0.430426920531
6.54166090133
3.54493709211
4.13477845723
3.77258422412
3.17519132933
4.04377367569
7.76462824375
3.20226557972
0.0101425917819
0.0
0.180893738754
0.0
5.18984804209
5.13140776195
2.41591762856
1.54992318212
1.78399655875
2.02020438504
4.31115247286
5.83025449794
0.779881960363
0.0
0.0
0.44718882069
0.665256477281
2.2766336021
3.96907385392
1.63341264191
4.26086196874
0.790244889446
1.98263894394
0.633165862411
0.0
