0.0
0.0
0.0
1.64949160628
0.376860911958
1.76931652823
1.47669871221
1.6354560554
0.584435863188
1.00014476164
1.56520024
0.00894437450916
0.0
0.0526981204748
0.747843575664
1.27221503109
3.2775873692
2.23761604866
2.50425494974
1.2236859221
1.41943040211
2.02403233503
3.06872214889
0.050304976292
0.0
0.217115808278
0.0516024790704
0.922248945106
1.17596672015
0.844203021843
1.64013826603
1.93400627002
5.6414339093
3.61085480708
1.0479275526
0.231855675578
1.1218120493
0.0
0.79986093007
1.91565238126
2.40458921844
2.95344957407
0.264610863756
3.34922837326
4.08677581832
0.733159169555
3.87734001223
0.0333752445877
0.0953040397726
0.220817861147
1.21322642243
1.07262739539
2.54355859413
4.50124586583
1.73253063223
7.24265919137
1.74627594301
4.73045840312
1.67260154965
0.14118516352
0.16669721948
4.08972186409
0.0
2.65064442856
3.10978208855
1.32186042122
2.22784250323
1.43745580455
2.14573684218
1.13590032002
1.96518392139
0.322627332062
0.204602113168
0.00739486620296
0.652549719438
3.26301227789
3.1496400797
2.53978881368
1.46430530166
3.92193307541
2.1266342153
3.6260229093
6.322182826
1.22713983397
2.05992614105
0.0
1.84669354581
1.34359111509
2.72035513859
4.15247514658
5.05534797086
2.04378490709
2.37805926939
1.31191579392
6.75051387772
0.0439548101276
0.0
0.0
1.63608929334
1.59668826498
3.16464338638
5.65331990062
4.05044076545
2.63947032671
2.04147236305
4.28688151296
3.36394894589
0.597324280534
1.16861179564
0.0
3.24900879059
4.14004972368
0.432532346342
3.08943383698
2.7611205008
2.38200594333
2.92481095996
8.06260054465
4.37855800753
0.589117311873
4.03330275696
0.638865090208
0.999303989578
2.26486786886
1.71600217419
4.25002395548
0.609745761787
4.55842966214
2.40054907021
3.57223784475
4.77691491868
2.24184777588
0.304441670887
0.0
0.919840488816
5.02878281754
2.57183741406
4.15835446119
2.15604476165
1.4353132695
3.18866310199
4.62974286824
5.01946334005
1.04870124534
4.16183767281
0.420870252419
0.325297207106
5.82423800882
2.72007480689
4.60067534633
3.60109983024
3.32987315441
3.82520176936
6.72073002509
2.65642620996
0.0956637505442
0.0
0.860977065749
0.0
5.66426618223
4.90482587647
1.9832117972
1.78121997416
0.933557031909
1.54594219103
5.41146556055
5.3992550713
0.759913104004
0.0734870992601
0.370378196239
1.32158129849
0.00224500172772
1.65290698735
3.75468645035
1.4127465589
2.3025659807
1.00528227538
2.13864815701
1.59363666549
0.0
