0.0
0.0
0.00119009974878
3.24664962315
0.560757816071
1.47703196906
1.56652513519
1.01147439692
1.15413603419
0.705093615456
1.16481479781
0.0
0.0793113835389
0.64696085453
0.546430689748
1.49142965535
2.77802010509
1.87667817902
2.5878643808
0.94753319805
1.46372393752
1.72369791125
2.45787486853
0.0317218508571
0.0
0.380081690848
0.0
0.913071774296
1.06513282133
1.10537005612
1.572136292
2.09458693909
4.90618045395
2.77594763506
0.297791981371
1.15592597565
0.17115268833
0.0
0.569575143745
5.12349703442
2.60382690694
4.35641468258
0.42235298641
2.86844724859
3.89544210886
0.676649110392
3.38487068191
0.150792604312
0.104352499242
0.134566396475
1.64285762049
1.16996387066
2.34177465222
4.94560509268
2.6206539275
5.53335546516
1.31696868653
4.10481397243
2.52116239641
0.228679700755
0.0411854088306
4.32821638882
0.00159546278883
2.93076343974
3.38890252681
1.46755241649
2.53141465306
0.950498394144
2.00014717178
1.09617436404
2.32236625347
0.927909116028
0.18638837873
0.0152976575773
0.521824203432
4.03919457924
2.5847631651
2.24479378757
1.45959655358
3.75838238199
1.94327443274
3.84106337
3.23593134899
1.01941016922
1.5849871058
0.0
1.04085710377
2.31142084481
2.97046049719
5.1234211952
4.68338635215
2.93018865946
2.34340341471
1.64058088139
8.44158314541
0.0970735084265
0.957430839539
0.023503055796
1.77530024946
4.41257409379
4.6644899901
5.41021785582
3.86522187805
2.81164233154
2.262626615
4.36868349661
2.52317695459
0.760566234181
1.19988897536
1.07014489174
2.27995642647
5.23704554723
0.560192138859
3.43954489485
2.31894394383
2.0432527482
3.31982107298
7.56375800632
5.28074695659
3.14988384023
4.36466848291
0.265251279576
0.914633582346
2.48819303489
1.47122047842
3.97730113473
0.769293155987
3.5917979097
2.15297546447
4.58048959356
5.27024455054
2.15347229317
0.346331358887
0.0
1.02972399304
8.69038119027
3.15924662631
4.2009822235
2.20528426068
1.19650843693
3.30040205712
3.79832874238
6.3675708964
1.1104136575
5.15881468682
0.504497149959
0.235038716812
7.69491330511
2.71281601861
4.01376269292
3.36090754624
2.99047911004
3.79273384251
6.82489493792
2.93368055142
0.0670407488942
0.0
0.45661776315
0.0
6.87581611052
4.84200362768
1.82447809051
1.55187394156
1.32988736918
1.52008018349
4.90237036836
5.61005778634
0.580073884688
0.0107972184196
0.231733053923
0.542288418859
0.0092833157841
1.80294893682
3.78797448706
1.95336466003
2.71041893447
1.04851143854
2.32241156115
1.73170323391
0.0241416748613
