0.0
0.0
0.0
2.80634295009
1.0783740622
1.43292018841
1.93193331873
1.0364129584
0.882541752886
0.642184042721
0.829053405032
0.0284568350762
0.0552849143278
1.16107472032
0.724585520104
1.18951427378
2.93270311796
1.65511593502
2.63569398772
0.937351688743
1.98195446841
1.90965499659
2.52168396063
0.0647956333123
0.0
0.325253393501
0.0551589690149
1.0832050317
0.868389691226
1.14333053195
1.76678110007
2.17808766942
4.60702358652
2.88157258811
1.00738449662
1.21620021341
0.223682179581
0.0
0.403660655022
4.8731996608
2.20071788901
4.51114983263
0.658346580458
2.84920204728
3.90589377424
0.64831776818
4.10560318828
0.0219186227769
0.065095375292
0.259099304676
0.775959771592
1.12143999664
2.37479363976
5.73248892301
3.0474634727
5.40418688394
1.27427711908
4.23364976386
4.69600774348
0.028205503244
2.73375219875
3.41631996632
0.00195608078502
3.05248658068
3.61359350162
1.96721068409
2.98247679893
1.16872843029
1.84549478488
1.27242397476
1.54966721032
2.16263486654
0.0687952942681
0.00271858263295
0.406300805509
3.98723693751
2.7801552625
2.15216209926
2.32160677272
3.42407170497
2.30570555013
4.02282960434
2.88648061641
1.07638295949
1.35116599593
0.27386751771
0.867948033847
2.06972468167
3.09309264808
5.56450214802
4.0893700805
3.53125724662
2.50736294733
1.95775545377
8.04167053849
0.107594028115
0.921929482371
0.0
2.02771996497
4.60684326291
4.47647503391
4.97609720507
4.23675622203
2.74556753086
2.07718299504
4.63197558949
2.16355734295
0.841344901361
1.50650773256
0.603894591331
3.46569402376
4.69695616723
0.551275456906
3.14305040147
2.24976829626
1.52128178009
3.71920900705
7.34537559561
5.05726254813
1.02164217364
3.07834988507
0.230318673886
0.793010576628
2.59000422573
1.34177509486
3.82954670512
0.74995094561
3.55777555821
2.18038933456
4.71711219495
6.68381300895
1.49156970019
0.504362720996
0.0
0.904358346714
9.44364747941
3.51521145023
4.58939053677
1.95880434988
1.28024961613
3.45559780684
3.65219722129
7.39749918412
1.047001075
11.8115501832
0.340753102675
0.0608823201619
6.88703540154
2.93734133925
3.74178673583
3.55051742098
3.14382786211
3.81199856848
6.90273948293
2.88390364806
0.0208197211323
0.0
0.3911767276
0.0
6.56879945099
4.61139998701
2.2626550491
1.48579710326
1.46762926516
1.58887246455
4.93747604592
6.48915146105
0.527415928897
0.0
0.365664094687
1.09499421716
0.00761121400046
1.85879983223
3.6729973217
1.51799489558
3.15618465655
1.00525696902
1.72166202264
1.58434084198
0.0190567485988
