0.0
0.0
0.0
1.71539295558
0.42392033292
1.92949054163
1.53249333124
1.52050185576
0.563898815075
0.795471040998
1.30310229969
0.0
0.0
0.0567197315395
0.697056991979
1.2661934942
3.12602675171
2.47819928033
2.44826332317
1.24054996762
1.50096906023
1.9639249898
2.85204797238
0.0312661528587
0.0
0.232728067786
0.0580978356302
0.950256686658
1.12158537412
0.846887005027
1.42594298581
1.97038070066
5.58955128049
3.8207640741
1.42230291339
0.445040825754
0.865922079422
0.0
0.775921940804
2.40662158839
2.30960571009
3.39044774999
0.315565202385
3.26229672786
4.06680721522
0.702288608067
3.80785334203
0.0193203631788
0.239423168823
0.125919803977
1.26991628844
0.920566117391
2.76957707125
4.5354260793
2.03086730913
7.29741547746
1.6184383973
4.96522668505
1.62153662182
0.0234725642949
0.642801764421
1.3348884955
0.0
2.38631746825
3.23512782576
1.24248397513
2.61889825854
1.47140769009
2.13961408846
1.23121506441
3.22974600689
0.707018993096
0.127114109811
0.00694695767015
0.567780248821
3.28675910784
2.9138258805
2.39578425942
1.4198520293
3.6239334261
2.29170117289
3.82029003312
3.89012617001
1.44571931835
1.81170170102
0.0
1.61522279133
1.46926204208
2.86368628056
4.41222920408
5.15103207435
1.88902086858
2.16153868905
1.33087685332
7.43274747208
0.0165216827299
0.0
0.0459978096187
1.50206742715
2.44707024843
3.57650487663
5.86652121012
4.1127170322
2.66948137572
2.12332737818
4.4487410374
2.74915243266
0.79478172888
1.0091970684
0.0211710565491
2.89694568585
3.72802229261
0.476050182013
3.1867211035
2.66986431973
2.27373893256
2.90814100381
8.09034148743
4.49533276632
0.819679942448
4.90906965919
1.25941878813
0.966490074061
1.65809145942
1.70610228111
4.30854050186
0.525363128167
4.10627662879
2.30375539977
3.63453038014
5.44774305786
2.2774355039
0.268317928538
0.0
1.1371442033
5.51641571196
2.56537847966
4.39559575915
2.3080479136
1.44157267921
3.12336991029
4.59772387007
4.37157311058
0.966444272315
4.09097461682
0.41911232844
0.304059170885
6.0249566806
2.6279057283
4.17828478338
3.90201278124
3.12975225388
3.83344020415
6.7294796349
2.82488774927
0.0893574929796
0.0
0.546362183988
0.0
5.73637883109
4.63591237273
1.97846972285
1.5771632595
0.802544740029
1.62961440487
5.02368054958
6.10498149414
0.68862274976
0.123494490981
0.425263769925
1.08282259107
0.00330255948938
1.74625557661
3.52582347265
1.33277691458
2.79870865087
0.804322265227
1.87099321559
1.70052860864
0.0
