0.0
0.0
0.0287217404693
2.01983722742
0.480153981596
1.98330658796
1.53977964912
1.86532581493
0.791865321808
1.5604882685
2.2493423433
0.0217023659497
0.00215049064718
0.621651981026
0.733026096015
0.694713428617
3.51151311817
2.34501205571
1.64239896706
1.12636305718
2.02324859705
3.27859408886
3.35693578888
0.674300198443
0.0
0.318984597921
0.0951037043706
1.11303141294
0.742476320011
1.74850168754
0.997795517324
2.11408917024
5.73367400421
2.68554576772
1.54176426539
0.463876485825
0.555984764826
0.0
1.20157803595
2.51383472979
1.84575610695
3.51983152004
0.81896473025
4.50443620305
4.69291107816
0.920131436898
3.18759036344
0.000629526155535
0.105005577207
0.358510650694
1.09929933771
0.788687641732
2.50601512427
4.86473430344
1.17160382995
6.64526484068
1.45387538488
4.3413140077
1.56400329294
0.0401097261347
1.2534349272
0.809307932854
0.0
3.0147426771
2.40073651285
2.02728419693
1.93659185851
1.06982171256
2.04129276797
1.15352010634
3.04181388533
0.693083415157
0.181770440657
0.00734154321253
0.552379849367
2.55590908322
2.82405734068
2.05338777765
1.75296535046
3.75312313018
1.97607188777
3.55721805827
4.24039424257
1.08159246296
1.15515500866
0.0
2.18760467321
0.671755899093
2.03969215509
4.05958817061
4.84128575458
2.67005732132
2.15843948687
1.71573622338
7.06999835186
0.126515372191
0.00420092185959
0.0643559470773
1.47035689279
0.91575291194
3.0405930907
5.53197910043
3.90836848342
2.06188218552
1.69735521497
3.54616359115
3.0988475848
0.958746826276
0.695375098381
0.0189378540963
2.47417074814
4.4351450596
0.839021470863
3.29298359808
3.11674544192
3.07835595938
3.16655425634
8.1813206207
4.42768054898
3.02553087624
4.11516299238
1.2979359692
1.05834541377
1.82863218116
1.10319683363
4.01243478246
0.810694379848
4.88169726089
2.41912919091
3.32631883107
5.6318504659
2.29345324123
0.353732440621
0.0
2.86938336992
3.68139263429
2.37931654276
4.27090802271
2.91186078638
1.45292428043
3.49690133228
4.5328034698
4.40594864229
0.863195214421
0.0965165831149
0.578128922731
0.027710814029
4.29638757743
2.97208667017
3.89078307431
2.41028472409
3.64506115927
3.38247681689
7.11468304612
2.21671350894
0.190897922963
0.0917260870337
0.44798642816
0.0
4.0282001266
4.74688032502
1.45765962079
2.12807752937
1.02404936316
1.18780306145
4.2319035065
5.40214985493
0.643997351406
1.01402063668
0.173692797311
0.923623235896
0.0
2.38400956988
4.24955645204
1.46514743334
2.73101287865
0.90779164806
2.66345127858
1.4186552749
0.0
