0.0
0.0
0.0
1.61521967221
0.25909277983
1.80053599924
1.47932672384
1.82975559169
0.474161359482
0.963508675457
1.5048395833
0.0127389710397
0.0
0.96983610373
0.763563913293
1.11944764853
3.03895272582
2.07715748297
2.55720463069
1.36764286598
1.58397134719
2.67464609235
3.21250965632
0.0443982183933
0.0
0.306393042207
0.0487356744707
0.956264496082
0.936837085523
0.999936520297
1.65573260561
2.00062581268
6.04457603069
3.40467354725
0.510187557666
0.162733659148
1.1686225161
0.0
0.845349885523
1.9508679593
2.58707390039
2.88897612109
0.40572611941
3.60198531044
3.96441063512
0.790886017377
4.06305937562
0.0
0.0382849648595
0.191072686925
0.956164793111
1.08582168666
2.52056547627
4.43102303275
1.54967131978
7.17809061997
1.77397652506
4.81501981209
1.91847178247
0.117043071426
0.989946357906
5.0641220063
0.0
2.35404334404
3.10732397623
1.48661881406
2.1429409571
1.6239439802
2.05951260217
1.25740818167
2.83135496196
0.717313325033
0.176071999827
0.00414094747975
0.708442302421
3.20026675425
3.20207008021
2.57381909754
1.98414484621
4.16875033313
1.973923143
3.86091444176
3.17845879268
1.27396036859
1.838096397
0.0
1.99085089634
1.12877320207
2.65438527003
3.94098485634
4.69285384868
1.98047343828
2.13957833266
1.45425912552
6.12420323119
0.0389642767259
0.00442269258201
0.0
1.67485914147
0.842852225527
2.78741944232
5.80456767534
4.02975209453
2.61715908442
1.96976341517
4.12985151703
3.08821556391
0.489798225695
1.12393011153
0.0
2.55266562873
4.42045480013
0.479476901004
2.97404275066
2.82264768775
2.42813434242
2.74457095796
7.98458676203
4.44412340084
0.903139180969
5.80223548319
1.59017119347
1.07458050339
2.44275261974
1.56494871108
4.28149801632
0.619245595532
4.91823873227
2.41123604542
3.51353802066
4.59119199007
2.13233487541
0.173718944192
0.0
0.958018673584
4.50089854375
2.66511620395
4.68581454805
2.38172778132
1.50196676794
3.35752856103
4.67530120583
4.07215938997
1.15237298701
4.1994368881
0.459794305265
0.187147479039
5.08544100169
2.62293554487
4.77617043606
3.36324694951
3.36258687824
3.76869937312
6.25044009753
2.6019277228
0.2168697007
0.0168508570641
0.656693299301
0.0
5.01905556791
4.97230068501
2.16510056308
1.5880738541
1.14582606079
1.61323575617
5.05879416887
5.56238069665
0.776738530025
0.103120663203
0.5712813586
0.670153819025
0.00398293067701
1.76577855926
3.79240337759
1.55797339763
2.45510885055
0.941029389389
2.08053969778
1.91466026008
0.0
