0.0
0.0
0.00127309712116
3.33169570565
0.962640838232
1.47532778664
1.662962173
0.983333410695
0.995955604129
0.734748024843
1.01482575794
0.0
0.0812927510124
0.646812230349
0.653579317732
1.30075420067
3.1106939991
1.68754516635
2.40554759791
0.80441056483
1.59177045338
1.59127226262
2.69250821439
0.088754221797
0.0
0.329677045345
0.0187697187066
0.930170480628
0.886187237571
1.25394017616
1.64759599557
2.1441419418
4.65889670723
2.64016374043
0.237059173058
1.09006856871
0.0702731765341
0.0
0.497851045802
5.02115411684
2.29637790332
4.63316343771
0.530113183893
2.82063855557
3.89800742967
0.65828425152
3.70147265587
0.126232376322
0.112788355211
0.135811105371
1.11419720482
1.13207637053
2.48845201929
5.0534735996
2.96542131016
5.34785421379
1.3366428169
4.01509349653
3.33881750214
0.0422926433384
0.0575278699398
2.36038348963
0.00195700558834
3.22340512951
3.55731530802
1.76830008032
2.66110877891
1.21309571899
1.89412095363
1.14891202509
1.30013176473
1.47891569789
0.0778592952993
0.003593575384
0.446159835905
4.10206048959
2.78361158189
2.28592616238
1.57738909079
3.68144018948
2.20107609406
3.75700832609
2.96990283811
1.03413510928
1.37377836462
0.418760716915
1.01426466991
2.13644727872
2.86541824602
5.4246273624
4.27013563726
3.29536955024
2.39771647099
1.7468201298
8.83975796402
0.11585246399
0.944211423397
0.0
1.8199019318
4.62545748614
4.80341800489
5.10690022318
4.25617589208
2.68569434388
2.10994968924
4.50205300847
2.08831592323
0.795526518545
1.16136421787
0.85492348671
3.31538638426
4.00168966223
0.54766759483
3.31390235608
2.27175760991
1.83658516489
3.46040564368
7.82999240234
5.10890683183
0.830464336555
6.06189101096
0.552065731958
0.902496540919
2.78365382296
1.52308158862
3.96501121379
0.82262554043
3.73226863728
2.16740615934
4.45216769166
6.06187087763
1.87434096634
0.259552606381
0.0
1.25908813707
9.17975073261
3.12467182177
4.38197001442
2.03927812097
1.35811763909
3.47521250672
3.80873827869
6.13594881655
1.08433201769
11.6412912607
0.36729612574
0.386779702269
7.15934071597
2.78023814014
3.90710509336
3.54562676395
3.08523420664
3.87740806211
6.89269720856
2.96359856281
0.0411417223513
0.0
0.472184590064
0.0
7.21868833713
4.68342499598
2.51057369029
1.44482236018
1.33727368107
1.48354541225
4.6233651801
5.81597316312
0.491500842385
0.0
0.551907345653
0.774888657033
0.00965479126171
1.75271768402
3.62356806989
1.6917477959
2.85526719004
1.01025920594
2.27068575844
1.20973184984
0.0
