0.0
0.0
0.00114105723333
1.81294477917
0.622244033962
2.2859939565
2.05704078125
1.08361992403
1.25015554763
1.56552677474
0.639334694308
0.0
0.0946907409234
0.660694180056
0.666922863573
1.16712626658
2.93514373736
1.28758175485
2.43372907455
1.08968433738
2.0369715183
1.88317956449
2.45966908289
0.0792516046204
0.0
0.396675154567
0.12669743225
0.818217616645
1.15145582985
0.765109239786
2.08127745613
2.42262708629
4.2835351564
2.68239246972
1.18831376615
0.363232031465
0.148529609665
0.0
0.558882296085
4.8327693413
1.54543773877
4.77494841162
0.909988563799
2.98738536751
4.36292163562
0.66769832233
4.25908251945
0.101985409856
0.142793536186
0.0773771032691
0.678195112501
1.34774781018
2.28016298823
6.83154007222
2.99679405382
4.95485026506
1.67082643101
4.12593967433
4.23983005702
0.073925986886
0.37884976482
6.6127038002
0.0
2.94880445488
2.90809407178
2.6044052426
2.8137799101
0.973955949303
1.96730153309
1.36113101104
2.5151495852
0.913127936888
0.104922840372
0.0145830917172
0.366362922709
3.46488814661
2.86179472483
2.41548334504
3.39454551414
3.51325683598
2.19559326442
3.70726686646
3.88598942757
1.34589885548
2.82536522113
0.524071335793
1.54282779829
1.68148834503
3.5827054283
4.95426506351
3.57524495106
4.25713495421
2.37428061757
2.30182727985
7.37462310761
0.337624748237
0.0
0.0229989048094
2.38458573166
3.74663577788
4.21815764159
4.62511236733
4.47531776282
3.20547984738
1.99857742153
4.14501610649
1.95749882676
1.33798296796
0.507127825171
0.0
2.31737709371
4.33122134232
0.842124718474
3.14108445588
2.24571193248
1.38322543539
3.52244089101
7.45386789087
5.23232671246
1.35063534044
6.31747484021
0.348119334318
1.03476628242
1.66720628273
1.1997738739
4.00354118086
1.48720522691
3.62730863364
2.02927477506
5.25209191907
5.15948621789
1.18480677251
0.211127143353
0.0
0.713375222753
8.84609897312
3.40029396676
4.23007668904
1.56636210717
1.01169580873
3.32707886351
3.79985553736
6.79298068059
1.16849080636
5.60915815365
0.374303486198
0.494685970247
6.49354391219
3.58628121298
3.99465313298
3.96173250675
3.02048425982
3.69515431859
7.65234091773
3.33523513528
0.0149344555102
0.0
0.1249620663
0.0
5.40303147398
4.95687699667
2.23196560109
1.19498220133
1.37922681822
1.59175325069
4.62685722974
6.30944073841
0.547409774736
0.00136162166018
0.58685284853
0.872334484011
0.015265240334
2.28365314379
3.78341736621
1.99606476212
4.00167777517
0.972205908503
1.98576099612
0.672923767939
0.0
