0.0
0.0
0.0371057018638
1.14132008515
0.359457762912
2.04531491059
1.53822689026
1.89537378959
0.929438273888
1.68021015008
2.17143953778
0.0186589453369
0.00215023895726
0.324243932962
0.479036938865
0.607827156782
3.41654677643
2.77549069375
1.51819338836
1.44123528153
1.94165817136
3.41799225792
2.90219677798
0.186775694601
0.0
0.277289748192
0.563427895308
1.14666462783
0.826606566407
2.01168498874
0.893831618596
2.06641195947
5.72487008851
2.87820788624
0.983995870687
1.83040837944
0.385409686714
0.0
1.10668601096
2.07001034415
1.55680839671
3.56137174298
0.823631260544
4.06878280663
5.10667049757
0.818764588097
3.23619901948
0.0
0.0410363823175
0.436755895615
1.11506194249
0.79560527252
2.80975794024
4.78143763752
1.50354603329
6.22262489516
1.60120897705
4.3125559492
1.31725020846
0.029306571465
0.300350211561
0.562582225073
0.0
2.556169305
2.51177206426
2.21753771277
2.32603551261
1.0402579871
1.9522715155
1.12594515784
3.06551976711
0.276360069402
0.163133727852
0.044159298297
0.607837349176
2.51498038974
2.44995064009
1.94619735575
1.54221295391
3.61720629502
1.87944580236
3.59456805256
3.90744686371
0.804695822299
1.19299359992
0.0
1.86662705615
0.550771491718
1.82757958054
4.03949465929
4.81942739978
2.64792738328
2.28414330329
1.66763620265
5.77416151762
0.0377168152481
0.00420133024454
0.0828070864081
1.54078348121
0.675203891471
2.96313273971
5.4208950795
4.20794256032
1.87122839782
1.67680182902
3.81354636431
3.15412245318
0.788735470269
0.288747100858
0.018147142604
2.20105807658
3.5052443943
0.917357608676
3.2849202386
3.04387647135
3.19481466524
3.19496274181
8.02975578792
4.26027298905
2.16132139775
3.5271301847
2.05537622981
0.829344501253
1.50706775859
1.17282252898
4.42365572392
0.959894724423
4.85489982087
2.71468824125
3.21402841271
5.3046973173
2.36732444493
0.275539726019
0.0
0.216808033583
3.1124731712
2.68854118069
4.15981157741
2.24930884968
1.44824407902
3.43661601888
4.24598084041
4.86461690499
0.922515493352
6.90523585724
0.377905387431
0.0513469111174
4.34630709654
3.21270780149
3.91096384544
2.48563284148
3.72875455214
3.4969685364
7.38624529354
2.24951784551
0.19244430121
0.0692018792033
0.330141037703
0.0
4.03919641068
4.86459858954
1.55149962089
2.23611088656
0.921975550882
1.1114459699
4.66247976612
5.6575645695
0.561459788703
1.0128646642
0.0610034652054
0.86319189705
0.0
2.64933096072
3.92081362568
1.32881493705
2.94008056691
0.839233232196
2.7030133282
1.39715550188
0.0859601348639
