0.0
0.0
0.107773095369
2.38751780987
0.595855217427
1.92527033691
1.04310728633
1.24141006847
1.10233506374
1.55227451725
1.92607253673
0.00236929091625
0.0220522005111
0.107705768663
0.281362242065
1.01091528137
6.17025770625
3.16784277343
4.54675523331
1.88551048888
1.48372487514
2.96641891357
1.8735108031
0.0515514034778
0.0
0.141134217381
0.0473921291996
1.50358063343
0.811673347547
2.48019056616
0.324675625889
1.6433525458
3.30337755359
3.68252984912
3.67174136563
1.19282522053
0.336234211922
0.0
1.51612508867
5.27925132494
1.24883241707
3.74599531287
1.75175299437
4.03992125264
6.29217852623
1.14128623181
2.1864428175
0.264902867377
0.0
0.361886190251
1.69976702379
0.999702071771
2.05396403186
4.68713251327
2.03915013792
3.02436940745
2.07962776197
2.99393543182
3.01699634711
0.0390090406872
2.24545569625
0.0620773057453
2.51671385765
2.99345596693
2.29246084462
3.47869349306
3.74199056847
1.00009856466
2.35144346021
0.657253786805
3.92588417942
0.889677931089
0.355545129627
0.00182734051486
0.557613329962
4.82177222706
3.49613777507
3.49081971252
1.23327497602
3.54675428092
1.50117584108
3.12809579505
3.28450122615
0.74455384491
1.29285533726
0.0
3.17282115022
0.537555211107
1.51384056499
1.9221013498
4.77253747359
3.44605113333
2.50815461297
1.46901384788
4.4361051775
0.759387508035
0.179512058385
0.185934837908
1.87333150621
2.19073632103
1.69994741236
3.83821245836
5.4792573161
2.18115584087
1.70707909018
4.03410602279
2.23374044686
0.83240951784
0.70982079301
0.0
0.745496119605
7.44707245613
2.05916776275
3.09758399054
1.81166376662
2.81307301915
2.09333267837
6.80298935366
4.3333604699
2.25557918008
2.45148031972
1.26762392139
1.33206334896
2.9144214351
1.85916020331
4.18916872935
0.880568564869
5.5646757388
3.39940569689
2.470449585
5.94677697122
2.32955551217
0.209187844768
0.0
1.12326173333
4.6839371114
2.43372851156
2.97834111413
2.77995433565
1.22913826467
3.20431420906
3.41254808288
3.33188120555
1.39023509296
0.497246515006
0.247248561122
0.115341675002
5.24048902851
2.37704591523
4.52674295637
2.87995684752
1.98361266498
3.7286246866
6.84902160731
1.82044799114
0.264681717381
0.0269049629569
0.316136956215
0.0
6.05295863422
4.58341768384
1.94684705639
2.53240471147
0.512486289255
0.679643360316
3.75601155561
4.82735569589
1.07207822707
0.0539220521459
0.603298936039
1.44757882133
0.0398785017314
1.83053422906
2.66438372445
0.793102065101
1.83490491053
1.48608279973
1.94448038284
1.36174317822
0.155071805231
