0
0
0.0798598593101
1.11376805574
0.344382269308
1.7581107216
1.50370823848
1.73571757087
0.983104398474
1.91576403053
2.13468621601
0.0
0.00190690031741
0.257453981787
0.432013876736
0.62914212537
4.34579553129
3.10052353051
1.88195266621
1.57992881024
1.70339776878
3.29498311807
2.66814825404
0.243246172555
0.0
0.198122769594
0.740382127813
0.801030098461
0.788738858129
2.12780284148
0.634814661113
1.83509266726
4.89841621742
3.12266424595
2.04551744997
0.130154252052
0.320758424699
0.0
1.37466637045
1.43416392105
1.25228354079
3.66699711082
1.02571289905
3.94092654181
4.87676599319
0.85155803524
3.38086819183
0.0
0.0
0.533923603594
1.00957148336
0.701813845895
2.7028402735
5.0250572192
1.52531896986
5.70163554954
1.74040683755
4.10890777025
1.56107058562
0.084495880641
1.44733385462
3.44445685856
1.53155264072
2.29308346554
1.88824926014
2.38691111654
2.69680303324
0.843961064704
1.87755523738
0.955905954121
1.01345067809
0.721126660705
0.15160265076
0.0108756880509
0.45305686444
1.39664728194
2.91717727226
2.21018337738
1.55694853025
3.26480781706
1.87060951767
3.78848881903
4.48159866722
0.784826428629
1.16053507291
0.0
2.90581697156
0.686443941668
1.67110383045
4.02597049042
4.68772903318
2.28760183137
2.38320306956
1.74275784381
6.85879861191
0.202960776747
0.209418878891
0.0562758855522
1.2260371556
0.726679306477
2.31072287285
4.91982535168
4.87939586374
1.56439353968
2.07325215632
3.64787445788
2.60279932991
1.081917095
0.247008151608
0.018226431217
1.7348800411
2.62410085485
1.05430862005
3.23337914067
3.27158419276
3.09988341166
3.20015856624
7.45752805471
3.95259695617
2.24606202182
2.16895502713
1.60202971753
0.331397973932
1.04131951078
1.0766806528
4.46636342118
1.55498563428
5.06123265112
2.9484852872
3.14159560134
5.45766954031
2.54484572983
0.312811147887
0.0
0.2077398072
2.85874619847
2.9978965777
3.60152975848
1.94180818531
1.36477853521
3.29210593994
4.2244886104
5.11019667354
1.34877992305
0.467178690713
0.340339435264
0.0633718082681
3.64309926034
3.01450162695
4.29317782074
2.29855949711
3.54567012726
3.24290346028
7.36361989798
1.98882344173
0.27885259781
0.0808515027165
0.0378396213055
0.0
3.29898903245
5.09446204087
1.66604747437
2.20326044224
0.85018626973
1.11952064733
3.79654760787
5.29954122379
0.577213856741
0.886396087706
0.159994551912
0.274454802275
0.0
1.98801499419
3.81351991196
1.89242453221
2.38829329144
0.707438121317
2.51655394933
1.1548646217
0.139993779361
