0.0
0.0
0.130269236863
2.22814849019
0.656893837731
1.83167646988
1.13190218178
1.38201703224
1.05277760676
1.72808434191
1.84805466887
0.00233189482242
0.0170799409971
0.304014179856
0.315897816792
0.839351434668
6.26435493678
3.11151451094
4.25307697989
1.94890667219
1.71439263737
3.10060092993
2.098877009
0.0506002306938
0.0
0.159389480948
0.0215389248915
1.41464764113
0.892082388978
2.30957870279
0.412095773616
1.50002512569
3.46047183662
4.27878900187
1.8154557877
0.0
0.522866551764
0.0
1.3997250133
5.85516854702
1.51937697071
3.58516811393
1.87944204989
4.11944571836
6.12037977419
1.08465270069
2.02610074915
0.022706259042
0.0818503424525
0.368141776882
2.08177809813
1.02500765212
2.12639979587
4.9154831348
2.08676348836
3.56519311341
2.11194343597
3.11699509609
3.10162176826
0.059623188572
2.60598180862
0.10744800081
1.4381415844
2.95270527015
2.52026801626
3.65349061461
3.78837149823
0.954428559169
2.30762348277
0.748918440309
2.3477149579
0.542611878365
0.727402979508
0.00774509558687
0.640032572672
4.70493505616
3.68666610937
3.50914429978
1.35879656998
3.19845356001
1.57554254739
3.22189845331
3.6009611343
1.00148553262
1.74390145764
0.0
3.2685145844
0.652822649921
1.44860283262
2.15802829759
5.11084454285
3.07614210038
2.41440241644
1.5494365003
4.54605883185
0.209362454712
0.31275752373
0.214554138482
2.41198981868
2.85307623784
1.46591972047
4.05798970209
4.88088921295
1.95560987107
1.79799130687
4.01342668053
2.58546918666
0.907140408177
1.02375936927
0.0
0.696630059858
7.70799899986
2.17840264388
2.90399646363
1.82416992867
2.9588153339
2.20904844697
7.61415117374
4.60221258039
3.67539238976
2.36031794176
0.761114781257
1.97683827579
2.79483119369
1.66951596877
4.32542983146
1.06333883139
5.64608138544
3.36493730731
2.65644666972
6.01889762934
1.98007736914
0.44200813584
0.0
1.61468955874
4.70840943302
2.59170196782
3.29173439142
2.66224667616
1.31475693989
3.05359402252
3.5675758518
3.92758868868
1.30675011501
0.480354303494
0.185230369214
0.17990686046
5.49261749239
2.46822816972
4.51960629015
2.76592311077
2.22946864064
3.7030178681
6.97699135751
2.11742295278
0.370980799198
0.0239167753607
0.350788597018
0.0807253941894
6.23901797412
4.685199406
1.66430693492
2.56954806391
0.666786636692
0.747242853395
3.56088320981
4.83165789023
1.2915316103
0.877276197076
0.801973346621
3.454386428
0.0288441470475
1.72801619233
2.87515177816
0.813455124812
1.78329395287
1.39719944913
2.06731489906
1.48873160034
0.285877492279
