0.0
0.0
0.0479283819441
1.45624182065
1.06872087717
1.68745882856
1.06901253387
1.41490683728
0.750326895155
1.21659393737
0.940774521325
0.00344995793421
0.0
0.159261122346
0.196293499321
0.543492790428
3.49353674334
3.32333788159
2.25538251398
1.62869034475
1.9897733503
1.99575340934
0.784658547491
0.113026666222
0.0
0.0
0.00819933414459
0.748114779592
0.527276510838
1.73750531144
0.602325210581
2.15520103637
1.47977621481
2.64050799119
1.75257007498
0.702219069004
0.795897774398
0.0148614626378
0.819989562035
2.56612782925
1.37151645857
2.66433163418
1.27797071938
5.06222268753
3.58179510559
0.912414656021
3.51970816869
0.343363003805
0.0179678611457
0.309300713241
0.68110617518
0.156512279995
1.9838286771
3.75456583907
2.75317661068
2.21096919151
2.6467133743
1.8363612938
1.51506647875
0.0561661489774
1.05786511907
0.175312224892
1.18303823471
1.21999677829
4.45162820583
4.14903566847
3.6146313065
1.49477649014
1.72572705382
0.725435155211
1.90569298156
0.506755316223
0.305495435488
0.0
0.318113867193
2.67420649342
4.08653889596
2.47581991786
1.65600425331
3.55969280587
1.26078461838
2.3738045824
3.56210408721
0.658293716027
0.773217620794
0.0
1.52043457411
0.967057916801
3.98681591079
1.30139502272
3.06896764156
2.82855298475
2.08623227401
1.46462100005
6.06651920592
0.205339860171
0.0576035119593
0.275843698531
1.77518294472
0.977791020647
1.14413157199
3.85253678821
4.26878178748
2.16504542902
2.73561571736
3.88590325136
2.80719877081
0.29644519696
0.824871683028
0.0457430891693
0.264408569783
9.36496266304
1.97613920306
4.39192379493
1.45907976013
1.89754853491
1.69543204084
7.40654542763
3.24759940431
0.855953636579
0.531030569226
1.44254758279
2.7237783419
2.46230184473
1.75179791055
2.35786654556
0.570429969812
4.42275099363
3.44139009522
2.62083756994
6.25448914338
1.26807754952
0.100481856614
0.0
0.145330844796
5.2588328945
2.52357666357
3.34780249477
3.06299357757
1.51444760221
2.50882279302
2.54031611048
4.03290542355
0.699447601102
0.00858508294914
0.853457177058
0.792874227278
6.85013851617
2.42005215463
4.40400882717
2.37870978145
1.74066992616
5.31924104621
5.2859714129
2.36211518198
0.184033093974
0.0
0.0878612324595
0.0
5.63261877722
3.96040579397
1.38814068498
2.44902804657
0.361146496027
0.67972683371
2.75430603395
4.21557428141
0.535064477008
0.0
0.814862564206
0.268712600693
0.0
1.55795524502
1.84282138007
0.861118729692
0.942048187135
1.87724150048
1.58891920373
0.84316264838
0.18237939477
