0.0
0.0
0.056491188705
1.96310173906
0.764722049353
1.56310937129
0.708491949597
1.08066740772
0.635320421541
1.51712600887
1.33078291011
0.160537112039
0.0100526493043
0.390485316515
0.302665490657
0.587154031498
4.86213923711
3.17092254711
3.51416507387
1.67343626393
1.44825834269
3.55744156986
1.77621196536
0.235885045258
0.0
0.102909654379
0.0543727336917
0.752809427679
0.443458465219
2.3296107417
0.316199950292
2.01981468219
2.84051745688
2.68008096295
1.16302810493
2.32592654228
0.458447910845
0.00316257704981
0.971538150334
2.26125166286
1.38554274407
3.60882121441
1.28564084735
4.10692899232
5.95372877369
1.06950176368
1.99605811929
0.0155755383894
0.167243115604
0.20803630352
0.989130759612
0.689120019786
2.00752604147
3.88594433293
1.65261768643
2.81785304472
2.56820711959
2.52008255967
2.54248430976
0.0
1.18923184043
2.73460932204
2.99250144511
2.32469692826
2.47361835954
3.87944055127
3.26782990806
0.944349455385
2.27930039179
0.781389839365
3.27945339191
0.58328516304
0.151893757342
0.0293715928565
0.47059570998
2.90208953992
3.696015183
3.04538117745
1.49714085017
3.44973309198
1.29770304775
2.77362652402
3.56194238772
0.444499581121
1.2048350246
0.0
1.89960491844
0.594878120115
2.28268011054
2.00820342475
3.46768688655
4.37066033948
2.31194058142
1.61025044601
4.57185057201
0.126849829219
0.182753160596
0.386671349406
1.85799896112
1.11932975362
1.61482040677
3.64346553735
5.59688380396
2.09979981836
2.0560622249
3.76094126844
2.3289922449
0.640172120184
0.393574234098
0.0
0.367997338995
6.93241635826
2.07655766374
3.66605901846
1.25383255654
2.30671573267
2.06311110657
8.44871726818
3.48843926191
3.20797175332
3.63799878303
0.662485130131
1.91307036299
2.05946376509
1.48340706062
3.41432063701
0.848899555858
5.07338031288
3.46477377717
2.33761966648
4.93122033728
2.03619728517
0.752389078494
0.0
0.493959726533
3.0626781825
2.38723387761
3.62623988464
3.28433484293
1.69239371293
3.13217717083
3.11187857308
5.35377697134
1.07076595607
0.537073139567
1.6209016745
0.875570792705
4.97578769247
2.27067091875
4.66442984343
2.79173543595
1.77080694353
3.82045579306
6.03985247063
2.25332708284
0.127332562581
0.0101582510397
0.033437281847
0.0
4.09196434612
4.30953207612
1.75415340369
2.93267718004
0.577158158412
0.708077771764
3.59268269769
5.11772250338
0.777862193063
0.662273006514
0.727697194437
1.00475412607
0.233567398041
1.97175984317
2.09124136984
0.929434919031
0.916030701948
1.78727867967
1.97506013315
1.34102185443
0.28022884205
