0.0
0.0
0.105560863856
1.23925044452
0.295448722318
1.68189825665
1.39594433224
1.42604195327
1.086256688
1.83789503633
1.99700074596
0.0
0.00803416140843
0.205666318536
0.449043035507
0.590125799179
4.30682708835
3.43835754227
1.90460671554
1.56440537143
1.66814339149
3.90196522209
2.65700985305
0.264417091385
0.0
0.219286071137
0.730812996626
0.746107969084
0.728374912811
1.82746529498
0.530708966951
1.86201683362
4.80435238592
3.57071225264
1.26234861102
0.109661139548
0.357963003218
0.0
1.18363200873
1.54015884339
1.49204005208
3.78448458842
1.1029184458
3.97062513232
5.07416525856
0.991614080209
2.85767085664
0.0181524939835
0.126912049949
0.488815654069
1.39752143668
0.609277555719
2.46657148079
5.27970502852
1.48247997463
5.1954164207
1.86744339042
4.38998828514
1.60836238647
0.0660059398506
2.60204604361
2.89099061862
1.52398476936
2.27412785892
1.7340121083
2.53859603126
2.63717232831
0.84964768542
1.9949562042
0.905109102488
1.01282449684
0.804198550759
0.108981326455
0.00458825286478
0.335603645071
1.5291629564
2.94681124319
2.42943344265
1.62969706277
3.350765076
2.01920146408
3.81646758807
3.84746124968
0.866939030588
1.37850237358
0.0
2.83791281376
0.626842826605
1.28400155436
4.00995088695
4.9970165214
2.31314415182
2.42222706717
1.72837596014
6.54302980006
0.231006405433
0.237963683903
0.185515256366
1.48008917551
0.646461430413
2.19782027975
4.81235047785
4.91204054118
1.87649729941
1.88425866788
3.40060685948
2.49427390267
1.06044981861
0.470256915549
0.00449402723461
1.87388280639
2.54001464718
1.16213139566
3.52073422307
3.32984415116
3.13473248598
3.06760155805
7.84192937799
3.74930532143
2.27401157469
1.96879103105
0.836797199678
0.749344506301
0.872869189596
1.17080395576
4.45325761137
1.77558521507
5.26416874118
2.75755094807
3.06169330771
5.74143105303
1.63237608084
0.338683363982
0.00405126111582
0.316252318968
2.77109724912
3.4770769258
3.41014276125
1.89062945289
1.24007259123
3.21274456941
4.20272106968
4.02755708352
1.2191028283
9.77369337762
0.285442208871
0.100080421194
3.35725223739
2.9382827591
4.23465731135
2.34364307579
3.32738566468
3.34508317988
7.08779903129
2.31312384049
0.111471248791
0.0643777200021
0.124498568475
0.0
3.58907582914
4.84805093007
1.69308247883
2.03569509648
1.01443112828
1.22422918212
3.79227900563
5.16265534144
0.485480204923
0.858272261918
0.523275863379
0.639800220728
0.0
1.91992102936
3.77287520003
2.44902802445
2.70670579048
0.73971463996
2.42962363525
1.34687189409
0.185553252697
