0.0
0.0
0.0288676656783
1.84425755776
0.816289089038
1.56790289236
0.593433326925
0.960536843166
0.88793646358
1.47475656238
1.40558586142
0.123855502345
0.0134563557804
0.257333904505
0.416910734028
0.753710869409
5.18784742709
3.09170892625
4.36689699814
1.72812805464
1.21213770402
3.69067160599
1.79622358549
0.0449236810673
0.0
0.113512292504
0.0783718177117
0.833021162311
0.467422862246
2.62387012178
0.281878501992
2.18805321865
3.12449391
2.71543857205
1.53383090667
1.98219950125
0.507531316951
0.0
0.980595744331
2.75256864913
1.46187028964
3.23956494103
1.19965391769
4.00155031774
6.08639860718
1.31461586757
2.70548270678
0.0158207253553
0.0197257194668
0.0743273794651
1.1260199307
0.772900292883
2.08680969733
3.78991232661
1.62035772833
2.86305325618
2.35959395021
2.68715487694
2.12131923903
0.00352818286046
2.12521771854
2.30541498307
1.51304328442
2.15766869485
2.51550234202
3.68098157726
3.14296923322
1.01345420978
2.25036830339
0.576628153911
3.337199995
0.387767989479
0.227156678913
0.0300251415465
0.429290831089
2.87984540313
3.57635989226
3.05586690258
1.43868404371
3.45053195441
1.12834044918
3.01957466686
4.29475243844
0.381268072641
1.50586268294
0.0
2.08054963459
0.536957352626
2.00440638699
2.06147246808
3.65182952082
4.67716298066
2.44862817251
1.52038560109
4.65714261832
0.043172897771
0.0998019464314
0.16073722532
1.57047523349
0.875041673658
1.74533825321
3.74487934471
5.69030987273
2.01857266948
1.82976030762
3.58392661525
2.34874857811
0.841732919216
0.770617660019
0.0
0.575792398304
6.45380175556
2.13863732875
3.20189260878
1.56145696423
2.35297897272
1.99023188278
7.94050103705
3.250160533
3.05485728662
2.3750812225
0.807103008498
2.22202562075
1.86556519661
1.444108353
3.5014803505
0.842266778462
5.30077210069
3.47000612784
1.96518681524
4.97619780991
2.29073249362
0.441786762327
0.0
0.42220421182
3.44129617303
2.28968292812
3.50158843887
3.02278697223
1.51041691354
3.27837615623
3.26958071388
4.48921036627
1.03950997419
0.202352237422
1.26738915313
0.17486747168
5.18071018439
2.25825499406
4.67767976178
2.8104831134
1.82716321689
3.81202056468
6.42651767842
2.10867307195
0.119204584509
0.0185461975634
0.033507745713
0.0
3.75559406099
4.52141964063
1.74585786671
2.52869960945
0.465284342645
0.755702282942
3.01024342666
4.62481153058
0.766285617603
0.787725608796
0.377477338654
0.227742495015
0.0
2.16689539934
2.244362392
1.74124774733
0.955082813321
1.6235537529
1.75708312355
1.55744983908
0.2777890414
