0.0
0.0
0.159143772442
1.61171310209
0.725608116714
1.79842524929
1.59263387951
1.14419141738
1.13490836089
1.61855893396
2.13659482158
0.0
0.0218829460209
0.287239437457
0.411586394534
0.990625970066
5.68496371899
3.14762508823
2.38444793201
1.44798944518
1.7904769436
3.44041578844
2.52250275761
0.60624421481
0.0
0.24791386351
0.517027608585
1.21634712652
0.955404114269
2.25106902426
0.530899603618
1.46774655581
4.36487846542
4.62372458784
0.518625367898
2.1626337152
0.628337964416
0.0
1.65137068229
1.82177303359
1.57317789644
3.25226135831
1.35415045917
3.63322175038
5.47361448419
1.1150644712
2.59399632458
0.0335745438933
0.0497906561941
0.664005182683
1.64696213044
0.599261924624
2.57008709549
4.96351420879
1.80679691397
5.08823288302
1.89102094527
3.46292432572
1.49965986749
0.0549338981509
2.74668287346
2.30627556145
1.54911372066
2.81239015795
2.28495804762
3.35697865672
2.91424300894
0.670514241792
2.04307135707
1.00780921994
1.22881215101
0.937295752577
0.813284672098
0.0469975165324
0.415839784779
3.07469895761
3.46715867496
2.2241263201
1.75401905552
2.86199413193
2.06624058459
2.93660125649
3.63367658108
0.862596445717
1.97770611942
0.0
2.98774376977
0.713504429907
1.35093228414
3.19729077164
4.7947365758
2.18762161129
2.61947921524
1.55645532673
8.7620915689
0.697538878769
0.316943652928
0.0233537815511
1.54044192284
1.94238731312
1.79764286487
4.71422601445
4.56489155168
1.72854289599
1.63661928149
3.68554927642
2.83668245957
0.913561474532
0.470937252976
0.00286634056829
1.46321981493
5.32827349333
1.62163339928
2.75979991659
2.95122218761
3.38072437537
2.36452219437
7.96139726788
4.23877813003
0.897465610411
1.05741520226
0.421969920862
0.672004172578
1.61944169598
1.16143383528
4.15671444754
1.2781675912
5.63017145894
2.93396362127
3.10983352247
5.97110737453
1.53531541571
0.39264980983
0.0
0.648884540191
3.53268767288
3.08150119334
3.21946198447
2.13982405898
1.34747728053
3.17261791602
4.06986154639
3.89992449107
2.08762150025
0.282049752772
0.296689162031
0.319960433524
5.17855910398
2.65764755441
4.21393702086
2.20548576774
2.98003978661
3.25027535111
7.62469061976
2.67179050576
0.248364379629
0.0227798074484
0.511457800865
0.0
4.64759989968
4.47870054469
1.6607103222
2.10225303192
0.774154267972
1.16947675729
3.75531205896
5.03116333549
1.22401910275
0.795447483659
0.523554131389
1.36633716151
0.263812981546
2.02238465101
3.65581110969
4.15450018138
2.07901330851
0.885114172008
2.29105938599
1.56950905174
0.0724656060338
