0
0
0.081575229764
1.03800750792
1.37016273208
1.69484068721
1.51083363965
1.24169305054
0.883794856723
1.35845296376
0.877808888792
0.0343585573137
0.0
0.196212901734
0.142127448693
0.605084041017
3.33870460931
3.23132480448
2.59796337981
1.55079346593
1.79371189768
2.08819959313
0.824764601886
0.138170880731
0.0
0.0
0.00937704625539
0.772936636582
0.683364468277
1.50645024085
0.666529659589
2.04810192692
1.34921564697
2.3501664527
1.93553918367
1.41904854774
0.341303011402
0.0
1.01184301078
2.21573876962
1.27084796471
2.67645395966
1.3527645939
4.85366356629
3.679079458
0.914802564948
2.2570126444
0.284929945599
0.0789902582765
0.142507234588
0.754109489382
0.20109491609
2.02727772214
3.39771643118
3.0731861128
2.48790368135
2.80855604284
1.71682935825
1.46450513077
0.0579736320069
0.842417044798
0.167522541597
2.72143220901
1.24220596999
4.32735311333
4.24429126002
3.57104730001
1.73426303174
1.54279083142
0.620383734349
2.12949236762
0.165863057598
0.331282842439
0.0
0.310763336718
2.68757527322
4.20553844894
2.57132666558
1.75287990225
3.84641507803
1.03114220069
2.43011024426
3.28400959249
0.776426147087
0.841251797508
0.0
1.33029872365
0.933918213472
3.94871070911
1.31162306439
3.33732138516
2.714798545
2.03572460311
1.46126049245
5.73233808979
0.0200677724788
0.0907240957022
0.240782797337
1.95816823654
1.21961418074
1.30408733967
3.47173479793
3.80872509576
2.39749137405
2.59926940466
4.18143501272
2.79923480982
0.142148541985
0.955184403807
0.0552284494042
0.185790748335
9.04130714957
2.03320153547
4.06140900124
1.34547400521
1.95992570755
1.71728063107
7.24530110601
3.09102828125
1.03966452461
0.943220556714
1.79669123096
2.43368536141
2.30142266769
1.63792804343
2.51069992234
0.655106358114
4.44632398151
3.28162234958
2.82668328949
6.22381578013
1.39325324236
0.197620772757
0.0
0.148534107371
5.4551306786
2.52419814933
3.12117764639
2.61092743452
1.66973186168
2.50471089582
2.31452301797
5.38210995821
0.762022786774
0.0919554836582
1.28728952818
0.0377924256027
7.07739191689
2.45732571709
4.46111405664
2.15888682101
1.65776191786
5.47610814171
5.41708257096
2.27601756435
0.281410282943
0.0
0.0603040866554
0.0
4.80486767559
4.22374892328
1.44925804902
2.3539537905
0.334657883039
0.606544859824
2.45086278487
3.91550841031
0.190252934583
0.0
0.655749991536
0.156567156315
0.115694611333
1.17118740035
2.3111559328
1.40100709855
1.06809679267
1.9865293107
1.53894104529
0.63048106432
0.0985291600227
