0.0
0.0
0.0727720782161
2.02562761866
0.590336381458
1.65468924324
0.724023888237
1.0399600002
0.888644090854
1.47132107965
1.42458079295
0.125222212169
0.0130850691348
0.349691040814
0.368402360007
0.786857195548
5.86701834481
2.99471337319
4.81649488246
1.78664447321
1.14928330039
3.84802229144
2.07095514424
0.0389545396902
0.0
0.116794511676
0.0822649844922
1.16958050197
0.71897375898
2.31780053547
0.276387406862
2.30127282604
3.25311454851
3.03981224337
1.31268292712
1.82663172483
0.314663946629
0.0
1.50848025212
3.5079092402
1.37115093693
3.46490602719
1.26583828451
4.2218777854
6.12855786478
1.31949404301
2.60262252146
0.257550721988
0.0
0.262442603707
1.24776311032
0.779293888249
2.00379768014
4.14194895187
1.75143662561
2.92597142537
2.31769685773
2.79559215956
3.01254940615
0.0172922636848
1.43056018371
2.24540827307
0.000769551261328
2.37200100347
2.41526543908
3.55851735006
3.14431491843
1.01377637009
2.38500757143
0.443813466234
3.04659532011
0.514940308814
0.0513154179789
0.0173545123544
0.535591542721
3.09473164519
3.48018276389
3.37971136672
1.30084568099
3.28566710022
1.17349463957
3.04203602299
4.77550817782
0.450776923448
1.43437405676
0.0
2.54825525451
0.586596307578
2.15926343063
1.86640229821
4.37941271043
4.23864815501
2.49506975454
1.52612675424
4.16926868539
0.0514300651848
0.0704692266881
0.178368121386
1.59956993186
1.27625902963
1.75257738121
3.8692961965
5.69151335326
2.15750853461
1.79265987431
3.7074510894
2.61264132988
0.778225221671
0.889931571204
0.0
0.58501996845
7.4426648817
2.17539189593
3.29040593718
2.01395315374
2.69776040316
1.98575709946
7.49303729704
3.99229862541
3.31770345196
2.77862798283
0.59368315991
2.4978595525
2.17395691556
1.65012212913
3.62522612372
0.850209271535
5.3027519756
3.50727152498
2.28831722232
5.21131497622
2.15289921127
0.291916661896
0.0
0.458245639922
3.4365057887
2.56134283543
3.17090777244
3.2132203494
1.3105974379
3.12404726143
3.28411738761
4.08064903971
1.11254935665
0.286752755521
0.171809116844
0.116375561804
5.01814937015
2.12007456413
4.74184039747
2.70436330326
1.8373831769
3.91375943949
6.82927316427
2.18853212288
0.140970446169
0.0268868040293
0.132139001042
0.0
4.07016548421
4.55294535495
1.72031486477
2.39682966797
0.560386951547
0.749334826658
3.21046024968
4.61941087246
0.702493242687
0.781391065568
0.331080775475
0.247174918439
0.0414417050779
1.94573553046
2.29548992775
0.94315597794
1.19619667297
1.55048197694
1.76779807592
1.40184567869
0.298130705953
