0.0
0.0
0.0354159520939
1.54202948633
1.11697622761
2.07225303649
0.995875301538
1.40005791956
0.666463745059
0.926978914766
0.745168851456
0.00139662181027
0.00905445980607
0.179308876395
0.19424064178
1.20847766288
3.5986304488
3.5512755001
2.66883479245
1.39337247936
2.15054181544
2.41474145278
2.42046692502
0.0782234040089
0.0
0.0
0.00714720925316
0.672710441053
0.547056030948
1.71486882505
0.510537780647
2.11030673212
1.6786422336
2.08344005997
1.77339731203
1.45695388317
0.435667242855
0.0148614626378
0.806998424232
2.68678783625
1.17675287183
2.70014016633
1.33170485392
4.83033934911
3.9937696564
0.832332428545
3.10728192376
0.240729704499
0.0
0.291721373796
0.640132315457
0.166305307299
2.0899566724
3.78664362273
2.51125645498
2.1778178867
2.54564644338
1.82431431214
2.17090295162
0.0156137812883
1.77310625138
4.84131982387
1.25915896147
1.50425061584
4.19136001309
3.80626164546
3.81253609539
1.2675547949
1.60315390571
0.882684390643
3.1474638537
0.730998743966
0.0158332269639
0.000956236093771
0.152127355337
3.35618792847
4.10577764153
2.71370173024
1.84116340289
3.6852689581
1.34146209806
2.48428308766
3.75716506504
0.287361768191
0.778410901316
0.0
1.92245772004
0.945407103398
3.34567012649
1.27081728721
3.2100296304
3.07447779633
2.17739395914
1.44679792551
4.78651095199
0.209604837
0.0987640470266
0.452130027115
1.9203050267
1.5289813932
1.18621873925
3.66993962973
4.40497687727
2.08951051626
2.85616322199
3.82944305986
2.87547207391
0.312630162574
0.679990812205
0.0
0.284104797989
5.71179960459
2.1300565924
4.21794378501
1.78652890306
1.89661738626
1.50377893157
6.8940645
3.31426126324
0.956687163562
1.63061912288
4.42995619774
2.8107018508
2.64924201835
1.60266224784
2.19581055047
0.52530546207
4.77069144393
3.49060440669
2.37737637258
7.13844408374
0.960687607527
0.334076314466
0.0
0.208370577195
5.31084829569
2.29482586123
3.30735077895
3.89412509138
1.47037464287
2.60602520127
2.60365811002
4.55364379333
1.17320615379
0.0426065004431
0.546778022777
0.632326493971
6.42740823701
2.62382598687
4.88501892146
1.97835080326
1.83103369991
5.00904654711
5.53149098158
2.04591520317
0.0631701259408
0.0
0.0116580231115
0.0
5.39218294993
3.56934486609
1.37819171022
2.45443848445
0.434825186385
0.505165389273
3.52937099966
4.3596422188
0.569717759849
0.482824057341
0.747223816812
0.368356700987
0.0
1.92883634381
1.71766047366
0.9753378327
1.05961223191
2.10571103269
1.63979683211
1.01717414893
0.0603523291647
