0.0
0.0
0.00224358774722
2.19338984042
2.7422434506
2.58522244584
2.23090445832
1.42156900378
0.857107819524
1.47057112888
0.649660553201
0.013246065937
0.00164843350649
0.21211515367
0.0767161680851
0.347811126907
1.6393864667
3.61147372407
3.29169224633
1.34569278802
0.99351264647
2.2539370798
0.835427973652
0.086738165468
0.0
0.00140506657772
0.489193886518
0.390130321961
0.759949939209
1.24744810286
0.376988753502
1.60702664906
0.456367777137
3.32721936854
1.73670405324
0.0444967858493
0.99830327183
0.0301539190114
0.00076726678526
3.38687592279
2.00205157301
2.68036536052
1.06857302901
4.25737889064
2.1697962496
0.944678260013
2.4264893746
0.0436910539865
0.0393309760839
0.0136009454727
0.737004846364
1.63005419378
2.0696456905
3.20358727616
3.81699730456
2.83916238113
3.00081612216
1.33576262859
1.51686883881
1.12714687642
1.79797383933
0.0821306854486
0.00547205610201
1.24087858759
2.39077189192
3.81193598127
2.93076794385
2.768407539
1.29284495622
1.04112015001
3.25611301558
0.47025034437
0.314081037417
0.000847032701131
0.0417834743857
4.77465024451
3.70850259508
2.16470306856
1.35867085354
2.68384749303
1.81190476613
1.43341081915
3.10741436901
2.44227281492
1.38184430858
0.0
1.42690445157
0.577482529334
3.9273029865
1.83226966963
3.45466576936
2.2796941034
0.936782662757
1.25644736364
6.73657433456
0.124003934558
0.0813928842545
0.248132400215
1.45399306249
2.84214496799
0.438545200392
3.20641783951
3.84461977053
2.87612061482
2.96829917259
2.57226089993
2.9153757859
0.121535683982
0.649465370923
0.000718616065569
1.98686280474
5.99701029342
2.43618178868
3.15583499765
0.997579400311
2.18010865152
1.60898890451
6.58488419279
3.33648827113
3.36116766557
0.380891202949
4.65973918256
1.96841846174
1.94836347084
1.56454420264
2.92059221258
0.613117402885
3.88611866091
3.58307155967
3.22091566655
5.7431308364
0.887500436045
0.0701403282583
0.0
1.63326844224
7.54715102911
1.85190004716
2.92867939721
1.26883788139
2.54726598435
2.85288929555
1.9918738135
3.55210742855
0.785857134033
0.107554816641
0.382389497012
0.157902553794
5.87623219308
2.89458522591
4.27739200881
1.51402648469
1.58120139525
4.30479023186
5.87028554757
2.95387101173
0.234300868586
0.0
0.0569144301116
0.0
6.11933902884
6.55379709182
1.77561273548
2.67768829409
0.366537439055
0.3955162575
1.84888332058
2.65332883317
0.251968082157
0.00120293407235
0.770679259324
1.0812720058
0.1602026131
0.827208862174
1.30452341912
1.69311051117
1.18835604843
1.92004721193
1.06283771526
0.0411821678281
0.0515358131379
