0.0
0.0
0.0171678364277
1.85497918073
1.04918015329
2.53975326975
1.86467038956
1.34437229391
1.2793328939
1.6385893398
0.472317840438
0.0
0.070044875145
0.0
0.00207466410939
0.984298273921
2.18375454692
2.63122033328
2.3117533219
0.775638508727
1.28236950212
3.49206097052
0.629467404913
0.151882763952
0.0
0.0
0.117198973894
0.0
0.419065615162
1.60753852595
1.08986549464
1.65143553645
0.874656173401
1.99983120104
1.05520627834
0.469040587544
0.357046811841
0.0
0.401106122881
1.74333149497
1.3861078131
2.52769826225
0.528387168597
3.22135255137
1.69478484057
0.875177926384
1.95377394324
0.122217813041
0.0
0.0672164361458
0.760139188264
1.28422374697
1.69304445072
3.1465527846
4.25936684804
2.29935187998
2.81916535925
1.35221114568
0.547332739923
0.0403543300927
3.45295609161
1.87631737615
0.0
1.77903339826
3.08765396476
2.97196211346
2.45889670588
1.98702443595
2.88901788648
0.878455652855
4.34202769585
0.542470522225
0.251131772762
0.00432848604396
0.00335235381499
7.99183198623
3.65858180169
1.65805832506
0.737883284863
2.58815739385
1.48751841311
2.67789425654
2.69702549861
2.06353844842
3.05505531013
13.5435682393
1.20317017505
0.106189054437
5.08241733583
1.60093237937
4.37194024702
5.83547783084
0.620914159343
2.05530464114
11.089431593
1.53150951676
0.0222137884703
0.159242529422
0.394838429987
1.50243850332
1.13113400043
4.18511769501
3.44444257882
3.55612703646
3.23398917215
2.71297985595
2.43520479882
0.320772908861
0.206625490682
0.00151303817984
0.352783869021
2.37328778644
3.27693119459
3.36835659482
0.775988281472
1.9196857526
1.48243754683
6.58160791942
1.72228912124
5.50503124762
0.714347710833
9.46372071467
1.18663004879
1.07381262304
1.10059931636
4.2942848606
0.418443450006
3.21950141061
2.54906218033
4.13456202112
7.34981599357
0.167746268329
0.0320835050661
0.0
0.135234451853
3.51298051886
1.26952587627
2.65042769618
1.0413345811
2.61697499407
2.77862175251
1.62247427553
0.87502185558
0.874250762165
0.357325378805
1.20092151663
0.165501983138
5.98020345869
2.92964372411
4.27378063463
2.90508119855
2.43189906375
3.36395297153
4.33452529693
3.45201537572
0.108734291047
0.0250113792717
0.0924845337868
0.0
7.00597928744
3.95192282367
1.71301256493
3.30106438894
0.606665821979
0.496937834658
1.6847279676
4.78642915934
0.253761790693
0.00162714906037
1.01482537354
0.158643668052
0.106170453131
0.385624722461
1.33279151912
0.843461067312
1.11547574238
1.17336660158
0.585213594139
0.462341785431
0.0660615041852
