0
0
0.0651646996848
0.618622332695
1.27437027637
1.497940114
1.60793085932
1.10349625326
1.05879685935
1.13386374246
0.857086856617
0.0380138345063
0.00118427432608
0.174237567
0.0944052832201
0.626862210105
2.9263528157
3.40509965923
3.11748150934
1.3592569083
1.62508320855
1.96898272028
0.725210824981
0.164028485306
0.0
0.0620751827955
0.00714721065015
0.852462276816
0.458325317421
1.16144300986
0.669244579098
2.00386011507
1.42240298865
2.51187809196
1.43883882836
1.58933222294
0.290960252285
0.0240069776773
0.693577255588
2.41974730976
1.39784141257
2.77750114491
1.2974145629
4.72588259494
3.51081738225
0.982461478736
2.62668615251
0.288933988661
0.0
0.14198589325
0.735741419485
0.475990238599
2.71536887088
3.44707760739
3.2131104914
2.12395122042
2.78520320519
1.7418793526
0.80369137926
0.0802397616208
2.35479365243
0.139411005657
2.92446446419
1.22076909244
4.36915841012
4.20987075299
3.21983406565
1.97713566944
1.40414464183
0.813977290993
1.59614154405
0.0954514383338
0.15053019952
0.00179517699871
0.2059776932
3.04208696261
4.11086916883
2.33542499598
1.56998113031
3.5521268656
1.02014932991
2.42242128146
2.97492950724
0.846062822849
1.43484821916
0.0
1.37846981606
0.92438653484
4.35723860341
1.28303946141
3.27082131302
2.57541235024
2.08626285126
1.40688204998
6.6504229164
0.111641129479
0.0
0.29779752274
2.20101909339
1.63916819915
1.30753152142
3.53037261229
3.54618443974
2.27965123113
2.50931212946
4.07951587893
2.70165437227
0.154144225176
0.859530343674
0.105560779572
0.154932588805
4.96019028139
2.11336260452
3.94463258819
1.65305954381
1.89298019954
1.71876932576
7.52116390318
2.67059400934
1.42798530031
1.22885993216
2.62183083966
2.15888799541
2.47750576353
1.61742246838
2.67729162541
0.709084862901
4.48136208463
3.20181157999
2.25924126548
6.59648204641
1.12118353322
0.161466958933
0.0
0.173005647026
5.0775444936
2.49196983781
2.97517719067
2.10185094597
1.56964588794
2.49234763545
2.64323603932
3.99715455435
0.511442044983
0.0336256108712
1.32438397221
0.0807843385264
6.72302569496
2.43241978344
4.51383644028
1.68702162057
1.64525760082
5.53705557704
5.6777095446
1.88865164109
0.169105559587
0.0
0.0282566454262
0.0
4.48830997571
4.38860075129
1.36142023129
2.68459782586
0.31233960134
0.524139623449
2.93444248347
3.88842199161
0.201245051459
0.0
0.521437212825
0.139855217189
0.000146540551214
0.839752347209
2.0914614168
1.26229387024
1.1810921802
1.66597478383
1.36923869001
0.549884006381
0.151119185612
