0
0
0.0353404916823
1.44552851259
1.36623636913
3.23565626843
2.00074948574
1.79143826279
1.3455646839
1.75199089292
0.70388859557
0.00488809030503
0.00349712418392
0.17579549551
0.0
0.868860672228
1.49971749261
2.24612976017
2.16464001313
0.815283230622
1.14554311172
2.93836819101
0.878079637885
0.337937436998
0.0
0.0363035686314
0.23470389843
0.0399351641536
0.490372627974
1.98643210041
1.47425772995
1.28603036469
1.02897378942
1.85416844254
1.1565246128
0.294051647186
0.462517850334
0.0
0.250019570813
1.54702931258
1.6375936626
2.42689608713
0.593396719254
3.77040351392
1.86469442036
1.39868743392
4.75422539935
1.11744016409
0.0
0.158027354861
1.0059318014
1.1545697758
2.34457349125
2.5651354579
4.79114702658
2.17211259506
2.68457584525
1.48207718448
2.14479960245
0.0323561094701
4.46175634227
2.56079197675
0.0
1.95159266237
2.950795196
3.33890353871
2.70861329831
1.99272292969
2.76962438016
0.933998011053
3.17314206762
0.407743045129
0.138193108141
0.00821331236511
0.0264908522367
6.14143549465
3.56263256806
2.19115476985
0.689118714188
2.32264634944
1.28425618622
1.96401003283
2.61400552141
1.75673833699
2.6116366908
0.0
0.634196737665
0.0240805982321
3.71954587242
1.63931524381
4.32974560605
5.93506261706
0.514424555004
2.13317334838
10.2924566693
18.933604205
0.0013768679928
0.347252737731
0.870558565017
1.61076784367
1.01660248445
4.21318165254
3.7469074775
3.37839675602
3.74755855091
2.83295386448
3.20152500272
0.049933657283
0.264344790019
0.0
1.34827536112
3.48147248814
3.20870262571
3.12373480015
1.03497613571
2.14806473453
1.2528300602
6.87687890255
1.4376497902
5.09326890786
1.32580965012
7.38384733908
1.28977161087
0.785746182082
1.02541109268
4.14051905181
0.426516910549
3.24130814243
2.5777197131
3.33307958301
7.48117338051
0.500309108291
0.0999361625873
0.0
0.172142179916
1.87867133325
1.21973519865
2.65767789714
1.53119810019
2.94192233542
3.02947996184
1.51338375639
0.764667260693
0.934325649403
0.798009504564
2.32062251098
0.123070775182
5.14343935438
3.54984934558
5.1046231389
3.25124151586
2.38133328827
3.6240135713
3.91839504987
2.84288735269
0.0827709930018
0.0
0.225761204958
0.0
6.77013079636
2.88669749722
1.51426475518
2.50626239402
0.735778462607
0.492022163467
2.37748593139
4.40405285638
0.170218968764
0.00806388191995
0.954597134201
0.157465328462
0.0175462979823
1.35549286893
1.96601991728
0.695214164443
1.02270595171
0.847375392448
0.345276262611
0.587172448635
0.159595567733
