0.0
0.0
0.0
1.14690276654
1.83486023452
2.9201925605
2.34386756422
1.11746941297
1.3647482607
1.28618209879
0.901483211666
0.00684612430632
0.00349759717938
0.0816143208649
0.0598393832333
0.594211234711
2.27094608219
3.51001548022
2.72718397295
0.921774491202
1.09711054573
2.28274126659
0.797215949278
0.441622010898
0.0
0.0
0.102564662695
0.374130321667
0.415329255164
1.70191856218
0.767584699206
1.52234052354
0.641489003785
1.77571866568
1.67942537344
0.70041012764
0.309069342446
0.0
0.433279808611
2.07303789398
1.32453889772
3.15598200157
0.776091337495
3.77828576206
1.65391833917
0.931633031229
2.46383079886
0.242114091292
0.00757118035108
0.119765918702
0.666727961856
2.29084260296
1.98485888913
3.34282052924
4.0494989414
2.87621768317
1.93823925231
1.48279695772
2.55868845485
0.0
3.74436722603
1.59762242762
0.0
1.68569278345
2.76431362703
2.65316018648
1.70748401817
2.14251894306
1.99106116639
0.908830047352
3.09800416068
0.695431598462
0.163114736322
0.0345281925984
0.0432469472289
7.02012342773
3.64080695994
1.76423597336
0.886407562532
2.76814341685
1.71738398331
2.52408236358
2.49429443246
2.96965158079
2.54325516708
0.0
0.973507815506
0.414325528778
5.00630422565
1.3066678585
4.810721708
4.57978569716
0.943753965199
1.36152181774
8.8705983283
1.06064803153
0.0796070098877
0.016678955406
0.579424944881
2.28639876563
0.709412703291
3.7058740668
3.91617641342
4.18113468721
2.50779747125
2.54945918359
2.38997374102
0.236936496571
0.62544844381
0.0
0.0719415917993
1.5727810557
2.50752512552
2.85229272349
0.535101714078
2.49042248551
1.09999733418
6.9221168356
1.95248644007
3.46471637767
1.45066703111
4.39921109332
1.31163363741
1.19575685635
1.35487350397
3.86061552638
0.425847501727
3.63356169185
3.38777243206
3.95754069136
7.07531747036
0.354045429733
0.125624956097
0.0
0.544767380692
2.95378308638
1.34569737874
2.89168108627
1.07051081304
2.4218014332
3.08755875641
1.05570322555
3.12376216915
1.11486839817
0.253872678615
2.85200400092
0.0608752486296
4.96573923714
2.53858054848
4.13151180372
2.27328486333
2.32340320805
3.33454149088
4.70210120128
3.22015244374
0.147599846125
0.0
0.0566891469061
0.0
5.57832106901
4.64617760293
1.93866278604
4.43178353051
0.404080116539
0.519172072411
1.99818941206
4.15453055687
0.10997186834
0.0
0.444454847835
0.019613519311
0.0
0.644658587873
1.02274898131
4.28606330303
1.19203574362
1.76940124482
0.469756707549
0.277306109667
0.263559255749
