0.0
0.0
0.0347067303956
1.63028628915
1.11638344172
2.95400752721
1.5586084376
1.68832649849
1.2138973875
1.76456662035
0.636187479366
0.0
0.0161083274288
0.0
0.00203259341652
0.901637725532
1.71104655741
2.47463027388
2.12822630815
0.775388174225
1.13874878676
3.00984194456
0.598818498664
0.139859609306
0.0
0.0
0.126233428717
0.0
0.457717619836
1.82080280292
1.16988324915
1.39162468864
1.09028745454
2.06862779986
0.99717573938
0.0544656589627
0.731177563081
0.0
0.38794625178
1.78054404957
1.34159150184
2.36545709148
0.606414742942
3.49298206903
1.63691161352
1.35259910673
1.81665965728
0.604764565825
0.0
0.28692602599
0.978983660578
1.19906636793
1.70910581574
3.08780755143
4.6278581208
2.24343170016
2.62984898873
1.45341225981
1.33657350647
0.0
2.8129416366
1.93954338133
0.0
1.86329912581
3.02513288707
3.16471704183
2.66379208281
1.80173470941
2.96109954384
0.929625184741
2.96674313885
1.22404196113
0.357383496827
0.00528289983049
0.00458327960223
7.704108309
3.66789053852
1.71067082655
0.772962244635
2.74104669073
1.48656966572
2.25722507271
2.85515875742
1.78678176762
2.85085888114
0.0
0.838839433505
0.149977324996
4.4498833078
1.631152916
4.33087872842
6.02226909995
0.598541791085
2.04655658046
10.2289264183
0.90459356131
0.00155403895769
0.349231574684
0.591681317077
1.41005198122
1.04779963463
4.05091838125
3.66682320158
3.48924454488
3.0341739594
2.86205534171
3.32259447034
0.0820092839422
0.315315056127
0.0
1.34234248311
4.27211447345
2.9997055456
3.37093332107
0.815965529531
2.12878051546
1.26736788452
6.54650748055
1.3584054627
5.43899239274
0.312382046133
8.86076335516
1.21611904865
1.15828124923
1.14421424689
4.99747770466
0.425904058851
2.80290255719
2.54901898222
3.88269819412
7.41603511944
0.421307169832
0.0398617452011
0.0
0.214520723093
3.03756517853
1.49534876924
2.67135148693
1.36490449961
2.66794625926
3.1577367601
1.5572177365
1.26418131636
0.875612905249
0.556339400355
1.96257710666
0.120079710498
6.24197182618
3.67182573001
4.85090070032
3.09227386501
2.44578890246
3.55922642141
3.80160161201
3.07923670788
0.100900257938
0.0
0.119073063135
0.0
8.69746500952
3.3123505488
1.66643521376
2.74964598345
0.706239114748
0.415119876387
2.14077100519
4.62130843056
0.254416403826
0.0
0.748669262975
0.958769210149
0.00710610859096
0.943260917789
1.57832064293
0.573038573901
1.25490158284
1.45793201588
0.372759629041
0.563996732235
0.137387871742
