0.0
0.0
0.0194496202748
1.15797767043
1.83028159221
1.50166997034
2.51134226832
1.53782411717
1.2103561624
0.997317147907
0.386477536522
0.0
0.00176024867687
0.913026273251
0.103251635097
0.536050482886
2.17314392421
3.103377758
4.14440998866
1.45514264086
1.32908197376
2.37157946592
0.90644641337
0.0827358700335
0.0
0.0760275423527
0.109362214804
0.815897563472
0.534005435591
1.41876039095
0.921518440329
1.96977132699
1.05781689938
1.70935218851
1.38994910615
0.0
0.295200706925
0.0
0.0509052805137
2.84101382643
1.09137152764
2.27302905801
1.23235705658
4.33239672426
3.01102230058
1.05171392951
2.17924639746
0.329363352619
0.0
0.117726461031
0.579959340859
0.639608364785
2.89069116022
3.25782965921
3.29866261513
2.63866878161
3.44927431247
2.2267968891
0.574044545123
0.0244257133454
2.88938720617
2.69646325707
2.90055513382
0.825946420431
3.88482853398
4.2365043516
2.14359747316
2.3924440337
1.2609643857
1.11888473935
2.19864598149
1.16876587365
0.349037416629
0.000986939179711
0.0495920963585
4.30339020677
3.95926701371
2.47474257229
0.954603808932
2.72562559345
1.3687621206
1.77365507232
3.20504499169
1.88388517965
0.949284314178
0.0
1.51215076772
1.12821017957
4.68197501311
1.52712864219
3.21300209686
2.40082500828
1.08680232195
1.1118544864
6.41247500898
0.118705190718
0.0
0.100564910448
2.38228158356
2.00055930438
0.956622906029
3.35478820396
3.08066101535
2.36718573514
2.31971494155
3.89435313409
2.73435086664
0.0211465770844
1.89949087985
0.0
1.05331289116
5.36879347696
2.18239536427
3.0981865268
1.20928916591
1.8751707729
1.66619303729
6.86330641434
2.92078719917
0.646466675098
0.831208872609
6.81653207098
2.17981280107
2.2503174711
1.86776495131
2.72019012726
0.506948141847
4.69477673259
3.39592494105
2.95194944402
5.84910821542
1.00659191608
0.184853557497
0.0
0.0671031953534
5.09715531388
2.45907407207
3.4854390173
1.92387984321
1.73037653603
2.49764687591
2.25296124327
3.74519820302
0.886422132608
0.364472746849
0.545392605476
0.0368197755888
5.34276496916
2.97108606063
4.31820606021
1.8349964933
1.56291285087
4.67231122893
4.9795585809
2.92669880902
0.191832677461
0.0
0.0095194503665
0.0
4.6182551356
5.11402795091
1.42704319139
2.34156083316
0.391623355797
0.544843517244
1.96459316835
2.64046315488
0.244554029894
0.00136354577262
0.583606213331
0.663892338984
0.117134460248
0.747035247274
1.78015131134
1.75255577406
1.30927968258
1.71567177412
1.03117547557
0.366664074361
0.076902071014
