0.0
0.0
0.0144032253884
0.899986271746
1.31490057509
1.61964081775
2.22708104935
1.38585496851
1.09555933345
1.00454918324
0.595820163726
0.0306044202298
0.0019055888406
0.0984500274062
0.109873102978
0.486305202125
2.63894688338
2.86412922654
4.18336802197
1.29897252144
1.44840163004
2.8520807866
1.06612289371
0.12570932135
0.0
0.0815284326673
0.0107208136469
0.803240567446
0.533808005042
1.52630388434
0.815191342437
1.734878388
1.31616737373
3.75424080907
1.44049797696
0.0
0.231011299882
0.0260075591505
0.152593890321
2.55366317276
1.10425509297
2.64021301479
1.35320924502
5.23030317156
3.26540041773
0.969700257294
2.42228265491
0.23409761209
0.0
0.102118384093
0.654945900664
0.61325232801
3.14853625791
3.52546018054
3.26762216003
2.47597988206
3.24365207157
2.036784878
0.870930276229
0.0784661285579
2.71131089795
2.82667472214
2.94831418991
0.776213958859
3.78626955114
4.13236442301
2.2086687648
2.33459820715
1.55319176835
1.15350433427
2.25466750242
0.994587437948
0.380860956386
0.00278099795105
0.0468130297959
3.34088389575
3.75503598328
2.23265679507
1.09561041504
3.42873284454
1.2332612169
2.02968063409
2.98149411764
1.38757091144
0.818144977093
0.0
1.37360215874
0.95973238087
4.76720799797
1.63413294667
3.389250746
2.56079006102
1.46131943073
1.20585426677
6.35187333403
0.223713649437
0.093359939754
0.315307618584
2.57032199658
1.6075059073
1.03458158497
3.44421857386
3.2570491517
2.60540096462
2.23972802842
4.12601205893
2.42963140737
0.0413714069873
0.321194394957
0.0
1.21449236386
4.14238827513
1.98245279887
3.58373933099
1.48601287417
1.81653957284
1.52076135122
7.17884550156
2.68519207276
0.540447741281
1.44791931659
5.62794237677
2.14266290516
2.3019378772
1.87948561629
2.60792427883
0.508572387625
4.50884818321
3.47111089993
2.81441737805
6.50368291477
0.831035176758
0.17460518796
0.0
0.138260947191
5.26220554695
2.40370308585
3.5167108553
2.00689080334
1.5057425308
2.60603080713
2.27625448583
3.98373825848
0.888781003887
0.0350276860408
0.847215053625
0.0763749047183
5.58038165414
2.75457620341
3.89077326981
1.62260784383
1.47421205696
5.01703947876
5.12022506283
2.8334228872
0.199693381786
0.0
0.0
0.0
4.55841438472
5.24900548905
1.32814565342
2.65023101959
0.337306292786
0.493034931598
1.97844761517
2.98053515702
0.464418219635
0.00133845058735
0.537011645734
0.234054197557
0.196101743728
0.887756190263
2.12085578404
1.70512564946
0.869912114576
1.67644561722
1.13380364049
0.451366811059
0.11237107031
