0.0
0.0
0.0
1.80917011853
1.3727711523
2.58524437645
2.248496001
1.13440896175
1.35871962574
1.59837475559
0.383320373716
0.0
0.0288189649582
0.0308422408998
0.0012087643845
0.994328077883
2.34873236617
2.74633456953
2.40704987175
0.787539149518
1.20190475928
2.9938832433
1.20995223522
0.209064968862
0.0
0.0239832960069
0.126187175512
0.0461411441211
0.440734818112
1.70668771677
1.1168341341
1.63570393948
0.735590465134
1.68525493005
1.65218335576
0.155551999807
0.399082361255
0.0461296699941
0.401565387845
1.82857501984
1.42497888533
2.91710943356
0.486767479742
3.51047571783
1.57395776035
0.869028227404
1.88830636023
0.0190018732101
0.00934332888573
0.0246935300529
0.823881767108
1.36070378684
2.07055104111
4.00713529048
4.40425955504
2.47026057739
2.61914896406
1.26239355537
0.518053914886
0.0623754002154
2.396521369
1.84321853239
0.0
1.95838341489
2.91503223404
2.56789138203
2.08495693561
2.19793762988
2.71788962104
0.856258052401
2.20343169617
0.675044785487
0.037017274648
0.00318695278838
0.0186209790409
7.79541693721
3.78827526886
1.51957571041
0.984992591548
2.62774302921
1.4773010849
2.49150652892
2.97772906162
1.9475667302
3.15381127037
13.5760775467
1.1165134958
0.0659320484265
5.61811040621
1.58837882802
4.23186106468
5.04626980424
0.641779654194
1.88777981955
8.64206463471
1.67969139758
0.0030574654229
0.0886567756534
0.42252823757
1.81732842582
1.08898437518
3.7455052915
3.64409490704
3.26874698483
3.35159133887
2.67232945375
2.37881563022
0.259021988837
1.07211753842
0.00473197596148
0.0608980562538
1.5342082195
2.61509280093
3.10257950751
0.634865135653
1.90620938921
1.60970330634
6.89852943015
1.83743306925
4.74703061953
1.16568693146
8.62497601379
1.15996618662
1.14423757698
1.23150642205
3.73414172139
0.419787968742
3.14590400597
2.60595491494
4.05755182076
5.83951497544
0.296509377426
0.239118425641
0.0
0.0507837240584
3.45604838268
1.21996989753
2.68893069401
1.05822622404
2.41542304913
2.83548644767
1.60462259315
1.44552460033
1.01354418509
0.225038412958
1.13356513809
0.0684529565042
5.41619663074
2.79592671059
4.31301636994
2.47235412139
2.47490102798
3.10411818
4.43290808517
3.00333926931
0.126082833507
0.0
0.0
0.0
6.4514140354
4.244735213
1.7272053156
3.83275440033
0.546122987755
0.520324456389
1.87175523303
4.42211360252
0.279924825998
0.00167697027791
0.192889166763
0.107348140795
0.0524731948972
0.577782741804
1.36849212158
1.34825107269
1.27336064633
1.5702628796
0.452025476843
0.353589117527
0.00305834691972
