0.0
0.0
0.0
1.07901452039
2.16795524955
2.79379508761
2.56903415057
1.26161212102
1.1582861396
1.64355068747
0.789231172064
0.00631847977638
0.0
0.0491185411811
0.0848704185337
0.44558010879
2.32638411224
3.79587381706
1.94127432664
1.07631663175
1.27028603584
2.37735755299
1.08765273634
0.513695301022
0.0
0.0
0.102527074516
0.601252058987
0.352937027812
1.56766784366
0.755143871647
1.71019878855
0.868645140668
1.98154784739
1.12669550534
0.0
0.479357427685
0.319383591413
0.51299217192
2.18810100434
1.60384495487
2.61507927033
0.875503500807
4.10177239915
2.1209183461
1.05587559752
2.09483551286
0.0338405501097
0.00808327738196
0.102569438517
0.578588250792
2.58384602959
2.19434377889
3.13449607173
3.54796630947
3.16875756619
1.87795172678
1.51667618216
0.514730707975
0.00328542827629
1.67184592178
2.06635292759
0.0
1.79366836324
2.78911486175
2.93701871642
1.81316122029
2.29291048844
2.52501385612
1.11878738971
3.49969239952
1.04101738799
0.252864930197
0.0153952389956
0.0212518908083
7.34020825662
3.31440741688
1.98072617874
1.06608171418
2.68382407515
1.77665520972
1.42318280833
1.97025731998
2.59028199431
1.85104351514
0.00311669171788
1.31066994218
0.686795055168
3.87711826805
1.20526094979
3.59976620506
3.79403680749
1.3131784352
1.38260177616
9.9037578518
1.26109869871
0.0724270581268
0.0230657998472
0.817399561405
3.49676738167
0.646752934903
3.20834020618
3.8149484233
4.1215782119
2.60383704631
2.96309248544
2.13453072915
0.202780446038
2.17329352302
0.0
0.791969613172
3.14760329062
2.43963152915
2.53413559566
0.652487494459
2.09798558633
1.25147485745
6.92203157675
1.95485378243
4.19737802073
0.731857777573
4.78241839795
1.19544602773
0.928906262154
1.12999381823
3.47164776735
0.520029362291
3.70453615265
3.21514410363
3.34283637581
6.80320060626
0.500382881146
0.0439759679139
0.0
0.930601614818
3.93309833296
1.53051935928
2.90948407445
1.01175942144
2.34540709155
3.13556008367
1.07343543338
3.29068523925
1.10069271061
0.0489068934694
1.55201706477
0.0632034228183
5.45005105104
2.70944790985
4.28517145943
2.26458026108
1.78362185252
4.02447516657
5.66546654073
2.66320873238
0.148847535253
0.0
0.00628609396517
0.0
5.34767928056
5.59643296059
1.7774049351
3.52306655888
0.340667943819
0.568795235828
1.71370695857
3.64676716644
0.0966344103217
0.00162678700872
0.433468946721
0.15653968323
0.0
0.888628330082
1.62535316625
3.31739276333
0.956286179484
2.11008334719
0.78588629514
0.204146757722
0.114673272008
