0.0
0.0
0.0680216699839
2.78263799846
1.74375636171
2.55397230867
3.21178511041
1.47274838155
1.42602327047
1.88633885956
1.25259631593
0.00150611752179
0.0033807316795
0.795346736908
0.0176013285527
0.934889279306
1.70279349945
2.76169079076
1.93038689671
1.531001708
1.8217913988
1.97355646919
1.04616199015
0.335831161588
0.0
0.188545748591
0.117530100048
0.168738353997
0.390404056059
2.55356082681
2.17758793719
0.673620768357
0.843748259824
3.04416468693
0.931059228722
0.0442725270987
0.708246231079
0.0
0.206690475345
1.30676498252
1.68574568129
2.47717941331
0.611619837524
5.05254582106
2.40863156272
2.27478278801
2.17946367629
1.02636138676
0.0
0.770138971042
1.62501400651
1.58586967411
2.09620563485
3.36014956632
5.00203208346
2.94367739442
3.02267476032
3.18811852299
2.40406864369
0.147198326886
3.05609332875
2.75158794504
0.102925285697
1.23634550348
2.09734244272
4.42079713987
2.46753222588
2.8569978138
2.30447077588
0.79441774264
3.25696676481
0.241623206995
0.0581366289407
0.0
0.154843197553
6.2222633604
3.41246209072
2.18782839848
1.28456547065
3.47865784843
1.31902437401
2.74411602446
1.91151451273
1.63996475912
0.969852331269
3.99789902288
0.761624582112
0.230500290112
2.42586998752
1.90781208558
3.45469976601
5.14805376995
0.868278963724
1.50978474901
10.8046518182
13.7728403965
0.0510638430715
0.077190540731
0.820714201778
1.56523409334
1.16059359815
4.39642752754
3.19255333312
3.80155592988
3.59495144244
3.15076878807
2.72150115273
0.014696723083
0.046573552303
0.0175485567888
1.34572738223
2.37026722811
3.06040038913
3.75984120555
2.6857193046
3.09242025943
1.18867006403
6.53247394599
1.00115648261
2.88958620839
0.242656283081
10.0558583217
1.28611122729
0.679511495458
1.15472513391
3.05301997717
0.397582279053
3.04465129878
3.45545010269
2.66053272015
11.5065007107
0.35012344562
0.280934514944
0.0922629162669
0.215380988317
1.2628738489
1.89152777009
2.69811545149
0.672897445271
2.95249531651
3.42982017691
2.09419698338
0.814168593148
0.623718571384
0.113913023612
0.489700113423
0.190456757322
4.77293371863
3.10817506723
6.67279309357
3.37088091369
3.15599823883
4.83364880364
4.50458755041
1.71898708609
0.215580092277
0.0
0.0
0.0
3.76998526836
2.81271299953
1.31085734977
1.50666990224
1.29819642124
0.877923132153
2.35479075043
3.79307318409
0.349466769025
0.00157894671429
0.386491328478
1.36796366796
0.136634652968
1.43051430952
1.56664468907
2.57509231986
0.923965718481
0.798679945758
0.357504069805
0.350680202246
0.0703450264409
