0.0
0.0
0.0680216625333
2.47368777776
1.49233827728
4.06368912975
2.85384432878
1.55213162675
1.60780665651
2.51383518963
1.4705673852
0.00189228798263
0.00737065135036
0.0136789660901
0.0416975580156
0.790114350617
1.87473397329
2.99379604589
2.16242020251
1.20235104579
1.31972326298
2.53548916616
1.5386829651
0.378591395915
0.0
0.0214041974396
0.109385706484
0.21535920637
0.586223536171
2.30507518724
1.86252362415
0.793409697711
0.755178583146
2.4865937368
0.772873983951
0.0477040223777
0.690210524714
0.0
0.24387058767
1.47782583907
1.80950036435
2.83766254014
0.490871914604
5.15713333676
2.04592342116
1.97853778116
2.74703816255
1.21002608072
0.0
0.544698562939
1.1502049035
1.763019762
2.46109673427
3.0265906094
4.92466385174
2.66516267904
3.12260276091
2.82542423485
0.769081893843
0.0140258430038
4.24568395107
3.36799871549
0.00410556799034
1.2723354788
2.39516069368
5.91488967522
3.76227057516
3.76394389058
2.73843067297
0.881576773245
3.66128449142
0.207128064358
0.141434737016
0.0
0.093407639768
6.32249523047
3.55214206129
2.73566999543
1.51553634903
2.81983327027
1.89500507171
2.07481821557
1.8988442081
1.97900709248
1.22843522904
3.9899278665
1.22985517036
0.368731751107
2.78418570943
1.89788016892
3.6997367501
5.11260557268
0.830688782502
1.79665179539
11.76798063
16.1096481818
0.00330878910609
0.236425299197
0.494222838432
1.46114872396
1.21327102557
4.28456970607
3.16851424205
3.62874297565
3.61565986066
2.97523615509
2.77946865768
0.00957260350697
1.23454739153
0.00132639496587
2.18051746342
2.35311993631
3.03728858754
3.2568562394
1.72295005847
2.68279755628
1.01272174262
6.32557042968
0.969843249768
2.31539161317
0.312986493111
8.33870658651
1.55369430501
0.375615904806
1.37059796462
2.61233706458
0.164375251159
3.76022876333
3.28447121056
2.64631960291
9.30354081327
1.21789494902
0.0866969083436
0.0922911912203
0.182371139061
1.0387542278
1.68138162978
2.70585069689
0.940979675273
2.90646535414
3.02813772205
1.52788140927
0.725877492456
0.918903979007
0.819722573273
0.971375582041
0.0942227547057
5.66579577752
2.82619517017
6.16259419813
3.40316349175
3.32083543437
5.26044830983
3.87316250172
2.08964915015
0.115048833191
0.0
0.0
0.0
3.3884513923
2.6327778378
2.16741799004
1.45636140835
0.91674112156
0.59972863202
2.33019849658
3.96235299984
0.349499888718
0.0486191129312
0.480862613069
0.214392451104
0.123715981841
0.504335457925
2.08264458552
2.20539075788
1.5087117916
0.956138315145
0.300690218806
0.639142036438
0.0
