0
0
0.0678296610713
1.36676980043
1.78020194452
3.21210610436
2.30341613456
1.48342633358
1.49814755097
1.72856953996
0.997395226033
0.00578345451504
0.00524579826742
0.084333576262
0.0
0.81833364442
1.13952206168
2.5628796051
2.11998694902
0.701128286892
1.07582381554
2.6733503514
0.930224299431
0.281196407042
0.0
0.0136780310422
0.16564655304
0.0823779869825
0.548106700182
2.33330147364
1.61111853615
1.21745479078
0.977484038449
2.04385607131
1.88944395934
0.350655943155
0.622832936817
0.00192471337505
0.251133249723
1.44944661972
1.60033526074
2.38128660782
0.742695795372
4.25676804036
1.82559998182
1.42033229349
2.57627585367
0.137562360615
0.0
0.164025098085
1.06488906033
1.29401063547
2.3777951517
2.49523227767
4.79532696912
2.10005839763
2.6458427466
1.73432763247
1.35480080917
0.0225908644497
2.58150725299
0.471889488399
0.0
1.79924561852
2.9619022496
3.70616936754
2.90664812055
3.13155526714
2.86793174106
0.839455134235
3.01722516445
0.240094594657
0.200878042728
0.0106216277927
0.0283015351743
6.9832667727
3.52093898272
2.39433000959
0.892320514075
2.6392307459
1.32222887222
1.93234170531
2.68385762651
1.51111078286
2.95017704833
6.2170290947
0.708696244052
0.194114515616
3.5687298188
1.60530621279
4.18949122028
5.72459192295
0.467842939775
1.96780885989
8.50787175959
0.895795679651
0.0
0.0428020618856
1.24113453948
1.73314109351
1.02313855127
4.66764239088
3.8492146678
3.55527613289
3.66288833623
2.94782957062
2.57025760179
0.156763899606
2.05891271355
0.0
1.93649880937
4.01278807141
3.31802944839
3.2202959531
1.20841413853
2.14663849911
1.17767448409
6.64581171516
1.42656853702
3.26424049865
0.279103504028
9.13492555125
1.27396388573
0.551680005156
0.962981504388
3.64378523058
0.351930787321
3.13928815979
2.92886050837
3.23936770065
7.89389095549
0.361682034214
0.0841876068152
3.28843522072
0.885825430742
1.57063158741
1.19946958218
2.6727547138
0.935989828315
2.76471114997
3.11150962394
1.42529342812
0.902975658653
0.953892041929
1.0230748076
2.18698093365
0.138659794815
4.74829708692
3.85737686604
5.4866996815
3.07930485648
2.8857081593
3.59834229387
4.21534920577
2.50625494029
0.118689790368
0.0
0.269437044859
0.0
5.25345988316
2.60945505369
1.90784699214
1.79540136619
0.793062454322
0.52788712969
2.61870314181
4.69776882371
0.197545472533
0.0147244464606
1.87601548433
0.0518815359101
0.0400277860463
1.2602645962
1.84348784667
0.922398064286
1.33350322593
0.550179603975
0.421736804768
0.510779619217
0.125866726041
