0.0
0.0
0.0378974409541
1.54531848244
2.33583583822
3.88338165736
2.48466889816
1.8236949509
1.51312590018
1.82319351356
1.7081823037
0.0109155857936
0.00524515786674
0.0887215575203
0.0012087643845
0.651776862331
1.51780174486
2.82124507101
2.21611162974
0.906955573475
1.26064148149
3.03081077524
1.12266841042
0.326475267764
0.0
0.0149979200214
0.13675288856
0.142958840355
0.588668654207
2.66619937716
1.66747095779
1.05850193556
0.935008947854
2.48985418351
1.43914040783
0.405652076006
0.732039481518
0.0
0.185416893568
1.45224615256
1.74436765397
2.79909300711
0.495304795564
4.87953446072
1.8182604562
1.14786626515
3.96769504785
1.70947185345
0.0786567479372
0.343537299195
1.05450283707
1.339266486
2.5235116384
2.6224974033
5.04267074401
2.1786552649
3.10970592126
2.45350509905
1.67519728455
0.318449164741
2.64511680882
3.96021304093
0.0
1.63782194583
3.14037543628
4.21282055438
3.44861024059
3.75652848091
2.65198104217
0.788271203171
4.17815497215
0.270534304902
0.147776026279
0.0
0.0479118141229
7.51346100681
3.4852769624
2.81041905796
1.0531525315
2.43245840864
1.6409564655
1.92803609464
1.82115068822
1.61784349754
2.45541081112
4.21730136871
1.0634815197
0.194798710698
3.4025364886
1.4391418444
4.00984624773
5.03456248343
0.678725638893
1.78905231343
9.94139338366
0.584742667153
0.0
0.207646094263
1.39542793925
1.26233313233
0.930761372205
5.00109542417
3.85522712459
3.2694689926
4.04722742015
2.811988728
2.84242448187
0.0675986361457
2.16921175458
0.0
2.55969241797
3.27459379737
3.37577931583
3.36794068664
1.26094673935
2.28763198754
1.1344432761
6.29270218662
1.24001176131
3.07784179086
0.3503709957
7.69718691241
1.74563803431
0.775319171196
1.30360767141
3.12772842508
0.360305787995
3.19342931733
3.14132237388
2.89257920953
7.89247822436
1.18776903977
0.0934623125941
0.0
1.81651219714
1.66276640369
1.4701891049
2.68048364134
0.697457671165
2.85928881052
3.05522861518
1.41202890489
1.6920762579
1.01381837414
0.965271047084
2.26883076597
0.176858820021
4.86821593856
3.27831776813
5.73593718791
3.21085571509
2.85735407379
4.09270275076
4.56480285327
2.83514515031
0.179789990187
0.0
0.0
0.0
4.34985970613
2.81144344714
2.23423342104
1.44970181584
0.912871617009
0.507308784407
2.64282129519
4.67717393441
0.188425618573
0.0446531735361
1.84567823773
1.98430606909
0.0
1.55001224577
1.79927964229
1.17011067248
1.30747540924
0.851741045481
0.315287005156
0.528606593609
0.180383510888
