0.0
0.0
0.0
5.39612223767
0.55547080515
0.925872875843
4.28946740821
0.97423649719
1.95811013272
1.63886034535
1.28754952177
0.00433361250907
0.0
0.0334886620985
0.503383586183
1.71704803407
1.48295375425
2.13595415978
3.10003246664
1.84550131764
2.13817582
2.86388831958
0.855660951696
0.168801917695
0.0
0.104543179274
0.060279481113
0.116898790002
0.428721211967
2.49973311689
3.17546332907
0.507415005006
1.61321961135
2.17445487925
1.28891601553
0.0128717888147
0.363780742045
0.0
0.681871473789
2.43333521672
2.16315708449
3.27561092819
1.55025172094
5.44788057799
1.96960954252
1.91914908367
2.52309252846
0.0785982534289
0.0096619958058
0.336005806981
1.67511000822
1.87952784123
2.66337814799
3.53598135384
6.5690720717
2.94192682556
2.12970487447
3.95111356024
0.832387510221
0.277043306734
1.53935962287
0.531898172572
1.49858752755
4.19967947109
2.92239292711
3.4909630469
2.15813890123
1.95834238175
2.00584177393
0.851745688124
5.59831451508
0.155956649687
0.375412580557
0.0615047551692
0.151079675881
8.33487536572
3.91436305747
1.68184580375
1.21365269972
3.07399518741
1.51449199126
2.83335081907
2.30833538854
1.78431224823
0.420099794865
3.47433143482
1.25182640814
0.311015920248
2.58318698034
1.9125126889
3.53303933213
4.57069046889
1.37120612874
1.2779443739
10.9196236711
0.938410470728
0.163478672504
0.0
0.9745839471
1.98955657706
1.25920898165
4.52852060599
1.86211869773
3.38263385399
1.99727554061
2.74083460681
1.48758434324
0.350748827681
0.0925160842016
0.0
0.0946862186538
5.98652735294
3.28992555849
3.37193160667
3.38822217193
2.95425179962
1.54942296201
4.83727474324
2.29815111682
1.6862627212
0.0312694236636
7.9016331539
0.576457151561
1.16482338344
1.86520466016
2.63359745441
1.60855944897
2.13373237575
3.0356784754
2.53716669476
10.7032506368
0.740962106269
0.545171008678
0.0214105565101
0.260108384595
5.30596764572
3.59123258293
2.99757600622
0.939954923932
2.72505040932
3.47700045578
1.99481631815
0.616107092355
0.462345377076
0.105436387472
1.10407722532
0.122898864094
11.8665737696
2.50274304382
5.14015247341
2.00152304419
2.17385287583
4.02227209369
4.80221505277
2.06092783343
0.224372274708
0.0
0.0
0.0
7.22083623055
3.5174724441
0.735526903649
2.52171752928
1.42692044226
1.10375045286
2.67825135798
3.86749885092
0.268021695549
0.093611074728
0.165553699248
0.223334537819
0.0
1.43985924835
3.25283132709
3.87149609346
1.2694926196
0.954813244287
1.200921949
0.940237373114
0.348499600543
