0
0
0.0
5.38967940444
0.844725471921
0.876549308654
4.36249132373
0.953081797808
1.52647508821
1.7412937542
1.06524608191
0.00462638027966
0.0
0.0
0.461516287178
1.86212732969
1.73285654746
2.34085823037
2.80873173772
1.83153302094
1.93216996919
3.10601252527
0.839908442926
0.375454638619
0.0
0.27244463563
0.195341601968
0.0256099961698
0.263201621361
2.89710918197
3.04659818008
0.611673761741
1.45835779788
2.8913995754
3.24193896074
0.0179713107646
0.494573567063
0.0
0.500653598341
2.02460122714
1.74248979532
3.25186408637
1.58940794913
5.04939375352
1.75905425614
2.49436959345
3.68030425214
0.177186667919
0.017574114725
0.209353283048
2.02927744272
2.14959480288
2.69222715002
3.31402461958
5.83275932306
2.58385995915
2.37989294529
3.75852014078
0.842654529959
0.515828356147
1.93835167168
7.66179981176
4.82394341787
3.25990787521
2.6424581036
3.64808751096
2.02842972614
1.82132750074
2.00332689728
0.758658033679
5.53829830326
0.18656690605
0.035010531079
0.0
0.207032182021
8.46418657154
3.41079571279
1.64467597572
0.969975657528
3.10518440045
1.49441396666
2.6926174215
3.14936301671
1.54219278239
0.499014534056
2.72906836681
1.22700555326
0.270630535204
2.64069686848
1.91082603164
3.27718124521
4.41075239191
1.42237992259
1.29846351082
12.4143400742
1.06763315666
0.192213458009
0.275297574583
1.27381382987
2.24768894631
0.996571684955
4.62455897371
2.35330819892
3.4505856341
2.10776319401
2.50080822664
2.08338660514
0.212883566041
1.68580588698
0.0
0.474366248294
4.58714989107
2.95825400297
3.36867453344
3.08940407843
3.08269478055
1.44698321633
5.38463077415
1.98682687455
2.85651784996
0.124253911898
9.34203743096
0.945074124029
0.825630047766
1.80042091734
2.96319384966
1.04281444033
2.21377712407
3.31907744333
2.75145324401
8.81863832334
1.04754248203
0.714638586622
0.0519867539406
0.925392658566
4.58965718001
3.22825207096
3.02170758805
0.759258713573
2.78786212497
3.48061165621
1.89653129037
0.801399804652
0.758566245437
1.30049422802
1.3344217625
0.145757432561
10.8384097666
2.78069393127
6.49881267204
2.79864989687
2.3920150334
4.19331340527
4.94735225011
2.63073738851
0.203346570954
0.0
0.0
0.0
6.3790671372
3.14040646283
0.950986921205
2.1420883541
1.25416397571
1.0095529363
2.41942151636
3.57106621354
0.550286727026
0.0797751843929
0.394365984946
0.957394811325
0.0252717528492
1.82745969301
2.90149211022
5.15717773326
1.14578686453
1.08653135784
0.482712971047
1.03181567788
0.229748628801
