0.0
0.0
0.0
3.31031663157
0.715647264267
1.06169039267
4.16267890588
1.19036057347
1.83886959846
1.16548104491
0.437348259147
0.0117563845124
0.000711026019417
0.0162142179906
0.93796241621
1.12375338934
1.66024877317
2.52874430129
2.22030263918
2.20218376839
2.77960522095
3.23030893842
1.0482823737
0.194040683098
0.0
0.542450904846
0.277938276529
0.309392228723
0.505871565081
3.67987664917
2.80615867983
0.461046166252
2.02104408911
2.5313531385
1.36382264155
0.142499309033
0.23968469887
0.0
0.525184638798
2.13405152547
1.64937179966
2.73687941278
1.9589572387
5.31871806108
1.7382664755
1.72927697422
1.83585735143
0.0
0.317744381726
0.40421566274
1.1824712404
1.33416727465
3.15702653851
4.37454602099
5.52145379037
3.49766358174
1.4825951095
3.29596873326
1.81429909274
0.299006860238
2.41930038121
0.539043288794
0.178317189217
2.921330126
3.78308777005
3.1710667247
1.97968553868
2.09831369948
2.00237893546
0.843566305004
5.67823375316
0.243952725548
1.10901509225
0.0392090789974
0.188438102603
6.85807479545
4.01680181152
1.29889578721
1.55259769422
2.516895473
1.60755915393
3.17637370958
1.84675072168
0.384798146901
0.874144048546
0.00930286385119
1.21711301664
0.0994969617459
2.47352011467
1.75363090564
3.83395269245
5.76457096176
1.2179404092
1.53810781427
9.24597679498
0.796853367239
0.0
0.555585562834
0.513423311961
2.96522338345
1.28572717053
3.84709426947
1.78765020357
3.68137583754
1.45434256154
3.16223995667
2.07199445739
0.769870646298
0.0752072273754
0.0
0.923909055127
4.53990155249
3.26265145431
3.39303059026
3.36183928186
3.22828948498
1.49599069793
4.7706870067
2.90808367752
5.91763603059
0.103434175253
6.10416069813
0.650760693476
2.17867076152
2.20023702236
2.64041474101
3.6049157544
2.30506995425
3.09118082258
2.97954080574
10.0753031873
0.829755732324
0.138707446866
0.0627064406872
0.229937189724
4.27860684693
3.57405397057
3.34854028095
0.858179041184
2.46800806466
3.98078012152
1.89744288521
0.412615633104
0.88303668797
0.278988528997
0.935331639834
0.116431299597
8.25741219055
2.33829661622
5.29281575978
1.91066623153
2.31872760766
4.10565041099
4.88670004345
2.02149725705
0.478532508016
0.0
0.0
0.0
4.675981123
4.01186579606
1.13059563842
2.15413656295
1.32383899303
1.08152562915
3.12464006047
3.66149624833
0.198881714663
0.26465705072
0.000742004369386
0.165704101324
0.0
2.20580184385
3.60273002461
2.76292206207
2.08729934064
0.861588465981
1.44675308245
1.97507350147
0.0
