0.0
0.0
0.0
3.69486966915
0.614745932631
1.03568038315
3.7732387078
1.23892021598
2.04311285447
1.19243003405
0.831508378033
0.00459170667455
0.0
2.10452540684
0.779834833578
1.04528422625
1.36150786001
2.26538513484
2.70420791564
1.99511935748
2.63459781441
2.07148484606
1.02566311508
0.159973519854
0.0
0.386118590832
0.215537026525
0.171616964042
0.527464534156
3.13279252371
3.22875029873
0.534430162632
1.72278136062
2.73932219693
1.67324314779
0.359504906461
0.188264596742
0.0
0.887372136116
2.86659133248
2.21065236838
2.98222187941
2.12548587203
4.98401403369
1.64941992098
1.66153964726
1.65998777258
0.0407635457814
0.625248175114
0.380492087919
1.24976493057
1.74881143123
3.13958869921
4.28949131304
6.23366534151
3.38765686192
1.87329662708
3.63276601839
1.37670965958
0.34401950147
3.08746677998
0.369935107185
2.81293225288
3.11102552788
3.43550479272
3.00868424395
2.07099603728
1.77071688743
1.88337976439
0.84488653997
5.52967762249
0.247402756475
0.357939012349
0.1939689219
0.227391838096
6.92827993818
3.59792354034
1.37470116559
1.45564443374
2.68945685588
1.48216440156
3.00200295844
1.88491170295
0.601514443289
0.644788861275
1.29262955114
0.984355296649
0.22307693772
2.25086063938
1.52800447913
3.58826539703
4.76396534953
1.44530385593
1.55293179583
3.12917966023
0.966687781736
0.0
0.00347531121224
0.151298491284
2.36345615191
1.3687573541
3.95807019831
1.79922370793
3.44757585361
1.6305536349
3.096154158
1.33656468056
0.461221304955
0.0696564102545
0.0
0.300149651244
5.67647912883
3.20984424322
3.10082398355
3.00593085214
3.0409512599
1.64290407699
4.71122413245
2.50091683259
3.14488501014
0.0213250853121
6.92777352221
0.674704089179
1.70676178206
2.1603430775
2.4558096705
2.57876445388
2.48419105227
3.03485008562
2.88424704969
9.31548830471
0.205290627666
0.223642808385
0.206566870213
0.210899013618
3.83531136485
3.09649519809
3.05066434154
0.930011242512
2.41191714909
3.41384305735
1.8324161116
0.649018951692
0.811829181388
0.033486972563
1.01328058611
0.0102118263603
8.27931382478
2.36469125305
4.84082228545
1.6809631139
2.35424116068
4.14009138948
5.05341975391
1.807576227
0.412952810526
0.0
0.0
0.0
5.69167987444
3.52038742928
0.938402814325
2.27822098846
1.20940342161
0.891679993481
2.85059245862
3.69837314705
0.0370856039226
0.252119220793
0.0
0.130971804261
0.0
2.25126240472
4.16134069208
2.71328400051
1.56951391685
0.601273598149
1.92095769197
1.28577625751
0.33131082356
