0.0
0.0
0.0
4.64142869599
0.449234196916
1.04457776831
4.35474508209
1.15388446115
1.86060008127
1.3935663125
0.806759289
0.00451720366254
0.0
2.15264551295
0.567742323503
1.10737698525
1.49948894884
2.09564207401
2.83209486236
1.87798413448
2.48538394392
1.9648887692
1.03201287985
0.17242439324
0.0
0.264236181974
0.201151296496
0.142178893089
0.441385073587
3.04962344107
3.61674931413
0.494002508232
1.63789918134
2.83111502626
2.24144185754
0.0432670749724
0.19769650267
0.0
0.958360314369
2.83140479773
2.18587227166
3.10251858504
1.67689968809
4.93468236329
1.6968508265
2.00262348773
1.70680280257
0.127067640424
0.101836487651
0.352313266136
1.64999880013
1.68801962852
3.03060375049
3.66487692419
5.84439754579
3.40645662509
1.92568488978
3.77156091947
0.80852903286
0.31318578124
2.51213321905
0.33226116735
1.87424945831
3.67627089215
3.25337919954
3.0392747866
1.90627687192
1.62844417978
1.76000418887
0.932367008412
6.27922664036
0.244354906026
0.337680267636
0.0
0.182373955846
7.21505412646
3.6751253198
1.4461371795
1.30896998732
2.94218258886
1.3594421288
2.80251487857
2.47311559413
0.73313811468
0.750423792051
0.0167214907706
1.26513815252
0.287474725395
2.38088336028
1.72143046372
3.36185593507
5.17243691161
1.37932087603
1.39989371458
6.42336808424
0.842418379849
0.0143932299688
0.00254700169899
0.49050605495
2.27509688959
1.27579085343
4.31319061993
1.73934965627
3.34066386166
1.64709168114
3.13004049915
1.16454903665
0.399965353077
1.89154958818
0.0
0.317286888603
6.43403726834
3.22017376643
3.43219421059
2.99094943446
2.97596873966
1.73670312332
4.88931853767
3.12939650845
4.27532007894
0.189479529858
6.9458719939
0.6027415719
1.32408819068
2.27951665781
2.16855752002
2.07908756286
2.27349117812
3.18439430324
2.76747993962
9.35909128375
0.613667547936
0.297524252906
0.148791670799
0.282749804028
4.66436295048
3.69609139115
2.89510928327
0.88199615106
2.52822598256
3.46999241423
1.87730408367
0.550059211906
0.0782731045038
1.44797817711
0.927003787132
0.0311437358032
10.5264190036
2.43262676254
5.15894020803
1.63401747961
2.32870457228
4.23264578776
4.89727754425
1.62386850826
0.328308150172
0.0
0.0
0.0
6.22347312048
3.79096106486
1.15011971735
2.40594047331
1.39712504554
0.950978077948
2.76517143939
3.60742573999
0.0724307376659
0.190287181525
0.0
0.155185468495
0.0
1.79312125198
3.74439069908
2.51060259345
1.50358968729
0.790619025007
2.1687589651
1.4110442698
0.5336052645
