0.0
0.0
0.0363162495196
2.94939942518
1.50737335766
1.77388595225
3.24387295218
1.21295548184
1.57406277768
2.0899307013
1.14270010777
0.0033927122131
0.00316216587089
0.753450512886
0.0336087113246
0.905400000396
1.87876769714
2.61906089447
2.0642429702
1.54004623415
2.18403935712
2.86649732944
0.799276714679
0.289807144552
0.0
0.222458198667
0.113774806261
0.107556775212
0.486316755414
2.37155041454
2.63754077777
0.612702667946
0.959170860704
3.20341689
1.37855527364
0.0419059433043
0.674380716868
0.0
0.362813923333
1.40861937357
1.87279483746
2.68417328957
0.744337633019
4.98467562243
2.29181110673
2.42246994004
2.56871971872
0.481669538654
0.0
0.458051004447
1.90016935091
1.60451338673
2.28212937299
3.498064816
5.35163092054
3.26910093171
2.57687265077
3.46213427954
1.61903585121
0.216329030693
3.40026402962
7.41051902249
0.0672558918595
1.56342544965
2.19676679652
4.22726403596
2.48128857603
2.35101428721
1.83295774017
0.665745076607
4.52680252434
0.113713452127
0.0565219968557
0.0
0.146636793157
5.92085618619
3.42581542954
2.04425308178
1.29580258892
3.60707640927
1.26688654639
2.58275363827
2.09029935417
1.40445039142
0.595247671008
3.99685117044
0.975135436747
0.238843180792
2.27279381349
2.02861081378
3.42319964245
5.15425989591
1.01615821896
1.51773642492
12.7817898327
7.26289087324
0.120013656095
0.103733763099
0.937207099982
1.19835913181
1.17918047728
4.55971338029
2.88650204288
3.96622463569
3.30341616226
3.14163130941
1.58474589
0.190874374006
0.337786141783
0.00188216054812
1.02111063339
2.62490145769
2.71692555305
3.82338395249
2.70207098935
3.42633305956
1.34546164994
5.99448137451
0.983569095843
1.99157594796
0.162656979635
5.61509441677
1.29304595292
0.618305455544
1.21256290749
3.08165858779
0.49541054666
2.42841434898
3.5127279493
2.52187562897
10.5917928182
0.495229854947
0.292491451371
0.0953285172582
1.21472285385
2.09547547641
2.1909253858
2.79060132278
0.622383498587
3.18587020854
3.31955050305
1.91271180077
0.988189407391
0.836012311629
0.0701010175981
0.81931609544
0.236421185546
6.59957521007
3.21808026684
6.78266271995
3.59015263384
3.1713001749
4.84247182682
4.0607985286
2.12053114222
0.166967462981
0.0
0.0
0.0
4.21574489004
3.011806831
1.50303343788
1.71405341697
1.16201145807
0.965824340237
2.19697332941
4.01993480884
0.436334630009
0.0707424703287
0.834136515856
1.62481613737
0.105341311544
1.83685616776
1.90611020941
3.29110981734
1.34222742543
0.881653291173
0.493904918432
0.367386072874
0.151947179809
