0.0
0.0
0.105843931378
1.79575197864
2.10975483328
3.86681610343
2.47357636469
1.92950762244
1.5151499752
2.10302122892
1.65982129984
0.00706208590418
0.00349644175731
0.21819096012
0.0012087643845
0.644959677011
1.73591135815
3.25878598052
2.23443167005
1.02659568749
1.33988891396
3.36996599846
1.40319720632
0.322519661859
0.0
0.0194788593799
0.137118443847
0.185942040756
0.564819231629
2.78607748752
1.64516529947
1.04759836849
0.867415870773
2.04514571908
1.37225372437
1.12210276723
0.725657249102
0.0
0.122771605558
1.5737930485
1.70422555029
2.85302651068
0.555342564883
5.24195831711
1.92339452659
1.21526664065
3.14695124351
1.00224870816
0.0
0.413731089793
1.07425041599
1.40150669683
2.7180011305
2.70322939917
4.84931912948
2.50927086221
3.27801652253
2.67945586867
1.71742582461
0.357830123045
3.65931958368
6.38886022195
0.0
1.14802056411
2.82378372364
4.97906461544
3.67130727624
4.09958257712
2.47819889546
0.70888864249
3.54665638274
0.346456965373
0.310917694122
0.0
0.0746518202359
8.03858490405
3.4522622535
2.8336768084
1.25371580571
2.584145837
1.86252123071
2.23183428403
1.82954831608
1.74065360264
2.28664421808
0.00567646045238
1.52995989635
0.31111911498
2.98222629027
1.39838024171
4.00780308328
4.71753532253
1.07771318499
1.77657001896
12.6127423826
21.2116301097
0.00166994624306
0.261910180561
1.36150314473
1.43998489156
0.996121977456
5.1863227475
3.86113176972
3.65090972628
3.21810071904
2.79609000415
2.92059600144
0.0485212675994
2.79628738342
0.00160478695761
2.75216567121
3.13833394076
3.33191088587
3.50168527383
1.40871557238
2.16295275523
0.994121782016
5.59588641138
1.28955083503
3.92125623068
0.886856962927
8.90307919122
1.89929198986
0.641329258913
1.47695650626
3.09199047473
0.180654666387
3.47019640449
3.03383137495
2.73392741825
9.74795524403
0.940124543384
0.0570613767486
0.0
1.33796756272
1.44294153666
1.65514892119
2.83254212723
0.64300170436
2.89678731887
2.79906331375
1.43101277109
1.00138304662
1.23617883585
1.50818367815
2.14028846379
0.172496033832
4.4701841441
3.51161887031
5.99773702677
3.25453816331
3.08631199622
4.5560996469
4.41726749844
2.38591599208
0.151401653886
0.0
0.0
0.0
4.59986316226
2.62668094318
2.27041029721
1.20040385891
0.917855471955
0.455283445539
2.52949251235
4.5510119102
0.212669022498
0.0804773271084
0.898674041033
1.55139021715
0.0356058701873
1.03487519897
1.69912996981
3.60006143645
1.25575194793
1.1306442183
0.334378311411
0.501095175743
0.0224802829325
