0.0
0.0
0.0315008163452
3.48321756814
1.37476935983
1.13887805073
3.63740546431
1.35954338778
1.60109728947
1.88847690518
0.894481735304
0.00337786087766
0.00305770360865
0.695258975029
0.0998789010337
0.993268698454
1.81183994189
2.40436371043
2.08814798342
1.74138883408
2.20070147747
3.2918388606
0.805665744934
0.368025026284
0.0
0.296953678131
0.215494081378
0.0777109749615
0.522872669157
2.57591776882
2.62066704861
0.61375936796
1.16832812753
3.14463686571
0.963715678081
0.348299996927
0.981169455685
0.0
0.583399970783
1.57584570732
1.78081418795
3.02013370919
0.695256101782
4.87910931138
2.43097533542
2.56520336214
2.19252503931
0.429309413536
0.0
0.871958789416
1.98595343932
1.83444948401
2.3117744702
3.4702010639
5.22224412207
3.08005290246
2.5158108077
3.51062439801
0.504030647222
0.237276501954
1.84379734239
8.39046650194
1.33700859547
1.87221918069
2.37754831463
3.73978424314
2.28708353313
1.73910109955
1.93323598709
0.630477268249
5.06592977128
0.0883320430294
0.0598079059273
0.0
0.150721797487
6.72052707337
3.68468862714
1.88770392432
1.09545315773
3.59815506847
1.28025979432
2.45991153829
2.65336170816
1.63570979086
0.587721660733
5.42810783722
0.966593499703
0.397209234012
2.46695410251
1.83362734271
3.00270996609
4.76478032768
1.03429921228
1.55512693536
13.7942686602
4.16104228236
0.106203917414
0.361089497805
1.5312241374
1.46911786823
1.1058608396
4.72181489947
3.10279207048
3.75598645082
2.78399663372
2.92101790127
1.46173338406
0.00665742647834
0.438720638398
0.00457365112379
0.592793650052
2.87693477329
2.781057816
3.77384454152
3.00338076631
3.29914944601
1.54817910615
5.41980925552
2.08931617858
2.01828237274
0.116545986384
6.90576536395
1.03240106488
0.761645614926
1.63972447172
3.15979740536
0.705800223484
1.94443046721
3.39260898647
2.54291504272
9.85200906126
0.51930478646
0.378812697716
0.189082354307
1.88606415968
2.74871610571
2.74399622157
3.04354948667
0.690215199487
3.04732308933
3.85995509336
2.0636692699
1.71594771033
1.04996770842
0.320597436046
0.362726259511
0.325436155545
7.51490497217
3.06145494222
6.51699403219
3.4104199314
2.79936067457
4.33122562966
4.36296685738
2.40969798923
0.105077097192
0.0
0.0
0.0
4.85619432572
2.90631235251
1.31176009448
1.80228820693
1.22508345859
0.972615557257
2.34619242651
3.77156601776
0.40235352423
0.0596280152677
0.83125448972
1.11799233034
0.101348812692
1.5105696893
2.13286939915
3.18992166425
1.29141344759
0.788005847018
0.436692638323
0.80100646615
0.187398079317
