0.0
0.0
0.0
3.96220511757
0.801151320455
1.27634657221
4.52325062791
1.32919826824
2.96246992797
1.78149288334
0.770828121109
0.00965121388435
0.0078867857228
0.019753312692
1.08886285126
1.05672481493
1.68970829202
3.36606787425
1.60067341977
2.87799648452
3.68647948978
1.78325431584
0.90170481574
0.188587156823
0.0
0.058015152812
0.245594285429
1.66329336166
1.2185350433
2.92241387581
2.01343946322
0.40361004509
1.7716924065
2.12860643998
1.37142226566
0.143179450184
0.131240413524
0.0
0.414172483608
4.40232950076
2.36194412177
2.72625149979
1.61643054918
6.04529561661
1.92834256822
2.97952039039
2.57022174541
0.0
0.0
0.0749192778021
1.12376397848
2.87530592084
2.79664264567
5.26599835296
3.91349583445
4.22699372564
2.92784194928
3.04123572411
1.16675663739
0.203920455649
0.395344989374
0.237024250207
0.0
3.99058384687
4.00138778612
3.20867351664
2.47014808515
1.92853068188
2.19269765168
0.531798951561
7.86336455785
0.31246136874
1.0013634637
0.0
0.132841080427
4.25440387102
4.07846736326
2.28794499696
1.06328062795
1.72898430633
1.61414491292
3.36373995664
1.92734105652
0.623064094223
5.64186438918
0.0107977408916
1.55438892567
0.17661716463
3.43141941121
1.4563842052
4.02450851188
4.08026287751
0.992135869106
1.44109863765
4.95956813172
0.296637387015
0.0
0.0
1.82813609269
3.82104634494
2.05860808026
5.11825858161
2.47938378179
3.74180275202
1.33458049456
4.02016318543
2.40156192379
1.21879104525
1.16589869885
0.0951518192887
1.63001211733
5.88597304642
3.10836347193
3.60171771573
3.11220580502
3.90898217401
1.33632415172
5.84893121617
3.03862228524
3.54682091228
0.734770268202
1.67650419893
0.724076003768
2.22199747153
2.13272588147
2.87724554946
1.79408086959
2.46762178466
2.37409413699
3.69229083537
7.25675633922
2.48095725384
0.0691076156218
0.0638355985284
0.108603856293
6.10001332313
2.86106155813
3.87230292242
1.63300625188
2.91255575255
4.06335739326
1.68871127348
0.365515870973
0.539043333614
0.481630872935
0.469848785549
0.337207044475
9.21501898766
2.54271890648
6.89205023181
1.8694430911
2.87679529097
4.06855957257
4.19371964643
3.18652170897
0.511840417981
0.0
0.0
0.0
4.306998685
4.40047096089
2.35713900579
2.17928843945
2.13201592234
1.16774534609
3.5736676387
3.56856659241
0.0295355891576
0.42728603154
0.0061595486477
0.352090492845
0.0
1.78595158551
4.46178885177
2.26529368758
2.75687204301
0.882381011092
2.03761603861
1.57169370912
0.0
