0
0
0.0
1.42985795997
1.63921027444
2.33583845547
4.35070304293
1.03551604063
3.53854492959
2.19763715717
0.638464798685
0.585019345046
0.0116055366234
0.0404519848526
0.319678107277
0.356203192612
1.52405424882
3.61201485572
2.87477012235
3.00019657053
3.54930574866
1.67322412587
0.817861363292
0.0892264079303
0.0
0.224993124604
0.55991397053
0.531903244555
0.962805425166
2.6705492856
0.801378728123
0.619997568661
1.7261342362
1.35367547115
1.09138985164
0.192491412163
0.0856736041605
0.0
0.586575485766
1.15139196091
2.41433381836
2.12103194301
2.06507458136
6.32554489234
2.01304380642
3.1709397611
3.01303471113
0.273891091347
0.0
0.0682998327538
0.809034509584
1.10077770986
2.50258405809
4.96316954016
3.23566718807
4.77695092
2.2602473544
2.21527729795
1.67912127811
0.0245575159788
0.45993935829
0.0820991499349
0.277876913548
2.80383376684
2.74804609688
3.43561138085
2.0499577662
2.26940716163
2.11449670978
0.68261296791
7.27877090254
0.137042344082
0.939016330987
0.00969558488578
0.18161739409
2.08448282257
4.42229207262
2.66978008696
1.50626170612
2.30481207458
2.1186949797
3.8356750356
1.58498991816
1.09173338953
4.4271568805
0.0102552883327
1.30970453721
0.395891522989
4.54492656142
1.91815990338
5.22449034406
5.81622421555
1.00785388181
1.39495794778
3.6388331778
0.324106324988
0.0
0.0
0.913590285927
1.97228139639
2.19135734159
4.6258464813
2.42285590013
4.16707304958
0.937320048455
4.66255022795
2.91798564792
0.850506683346
0.11036056641
0.170740768313
0.692450565984
2.4661649731
3.33999396698
3.4182213255
2.79020835669
3.83523242315
1.07403474825
6.87671025214
2.37324609864
7.38892644527
0.0
2.8001782808
0.404762322083
1.13616485801
2.92667013453
4.20532341162
0.983241592767
2.17032888811
2.02738451702
2.4678001306
8.73991207778
2.79087320715
0.228187871398
0.0430387530942
0.0405538917985
1.94043736032
3.56376376282
4.05186093075
2.62905736128
2.30758954817
3.16306820745
1.96141456859
1.23331862013
1.13188130874
0.139407768846
0.297882873565
0.526681412943
6.14333998295
2.71832552744
7.56379254023
2.16199388495
3.38765446283
5.13077214896
3.8422654157
2.90801612753
0.186262667179
0.0
0.0
0.0
2.84076711535
4.52523503546
2.15240581264
2.49984804355
2.56181907735
0.901911707013
3.75983740482
2.84976889915
0.00767700350843
0.363198667765
0.19406311214
0.0
0.0
1.21617842652
3.22938196431
1.87975163851
2.76762648951
1.24384765327
0.170683186501
1.6895614462
0.0
