0.0
0.0
0.0
3.66940914281
0.661471919739
1.13164925948
4.59654733329
1.41255712393
3.0348616261
1.57581622899
0.452159727109
0.00604116311297
0.00819347164361
0.00860817171633
0.922994993976
1.61121547385
1.81212836225
2.97605962353
2.11102413526
2.58607359882
3.33635886014
2.16920355032
1.18977667234
0.204561468447
0.0
0.0670634657145
0.290339231491
1.22500035167
1.08343944512
2.83392762346
2.6049193996
0.388665962033
1.96721856249
2.45615396346
1.89302051859
0.408820563927
0.522906982224
0.0
0.657033847179
3.77826192626
2.26809239027
2.50622075383
1.49889417691
5.46900044149
1.77497712197
2.54696498159
2.37286891416
0.102968886495
0.593529939651
0.288689408917
1.04604639672
2.14825138787
2.95971054491
5.13477119728
4.32548683044
3.92154043354
2.48379572644
2.64929686277
1.94662517682
0.207739281468
2.52735283121
0.172645254061
0.0
3.21133413911
3.69205914263
3.26367847592
2.22171637975
2.02288188785
1.91981730051
0.680573741498
8.73312683497
0.318303943612
1.50745069981
0.00326979649253
0.100355558097
3.49182226323
4.23435124918
1.92878315318
1.11746396183
2.2066499216
1.79008140042
3.18750978395
2.06394233275
0.723303722218
2.32532012463
0.0
1.76601398032
0.149179787375
3.4760081307
1.62745056581
3.78412746266
4.09537955944
1.10773359187
1.29690579092
4.45167531446
0.278532104101
0.0
0.0
1.51238542423
2.960153169
1.72908148455
4.23105516401
2.62006234261
3.62352477945
1.32061738841
3.66641023764
3.50197190326
0.945735348389
0.647913679481
0.0390624441206
2.27718687803
5.97064401954
3.34192433325
3.67349531862
3.05680415314
3.37689951761
1.29293187556
5.51273264759
2.77758843964
2.6071755162
0.759648635983
1.64009928936
0.780074206181
2.35603121849
2.24259967683
2.93672738119
1.89327850257
2.73726645106
2.47951964661
3.9801157788
6.81658689142
1.3686091234
0.393428265117
0.128885015845
0.123658859637
4.46647530375
2.83018941851
3.85153034679
1.34171340987
2.85167606082
4.06536944816
1.64112485666
0.419285599608
0.416698515415
0.012229483109
0.694254180416
0.236870866269
10.0001209257
2.39780291182
6.43870156188
2.08365379507
2.30448895553
3.86076269858
4.80784719414
2.77099588513
0.560394123197
0.0
0.0
0.0
5.2637982741
4.01540287212
2.12079836125
2.11386997486
1.91552056686
1.11858283728
3.36799420603
3.55342448154
0.0567395687103
0.459378041327
0.00301431375556
0.166930779815
0.0769216306508
2.05718592059
3.71291779657
2.29388300912
3.26203782298
0.773710159818
1.59917352814
1.47295279056
0.0
