0.0
0.0
0.0516241081059
0.934475030284
0.402697040932
2.94574167463
3.77712744754
0.534531907761
3.52883333829
2.78812387725
1.57110191439
0.6842579199
0.0887841363437
0.0
0.851955279708
0.591208046302
1.34163162671
3.14923846722
0.975114641711
3.07801872503
2.6620250782
1.56814269791
0.506166055333
0.0855238763615
0.0747212711722
0.409160375595
0.362496718764
0.579449929297
1.0133606164
3.27223748039
1.61381277995
0.192410966847
1.80182501161
0.797395061294
0.644953347044
0.0
0.100303957239
0.0
0.791135013103
0.574170069536
2.18327986915
2.02816478984
2.31997519766
7.44386150828
2.64361648599
3.91537112603
2.99707355909
0.356257408857
0.131244853139
0.431483159307
0.371328090318
0.458960013464
1.84914675262
5.10386672284
3.22607249906
6.06157276244
2.57197841094
2.20032483479
3.08351507783
0.0267268085736
0.316269488423
0.316645588027
0.0
2.86118910142
3.22575215111
3.23582119937
1.24170600413
1.7049323488
1.65963933431
0.839388149499
8.85259054421
0.0949186319485
1.30905576795
0.00309072778327
0.298638816923
3.17018248048
4.33631123928
2.61309998389
1.02513089648
2.38954403717
2.04664323572
4.59080347815
1.56580322864
1.84039458632
0.831340372562
0.0
1.76064616424
0.389579468407
4.99397851137
1.81457350962
5.88394494914
6.69850566064
1.90998534067
1.33668462397
3.14155069645
1.42429757956
0.0
0.311079725623
0.748917041521
1.85362914298
2.31414362462
4.85609122645
3.16815602104
3.40741182328
0.80405541067
5.64881610451
2.88955524052
0.744345078245
0.415840365458
0.469310760498
0.393691586331
3.43247771007
3.00300939806
2.96078962088
2.19589203061
2.59611292416
1.50160515658
6.5987916009
1.92815455655
10.4361131161
0.00564479921013
2.60181102064
0.611656810623
1.11024595657
3.89667332114
5.39626610873
0.997823385405
3.58005595906
1.62349166785
1.81106393103
9.16547947749
2.91321321996
0.102819727268
0.0943528078496
0.25490109995
3.40837120498
4.65519391326
4.30088442611
2.51759332675
2.9496722219
3.19643251551
2.08715750393
1.4421521076
0.696033041459
0.257350870408
0.520240242593
1.7179734949
6.06674259901
2.94986712973
5.59090940561
1.61546488956
1.96734728198
4.1122938937
3.76750317193
2.18980124278
0.0362013243139
0.0
0.0
0.0
3.7547613671
5.48603861372
2.0243069944
2.54279597616
2.37829621934
1.01305722259
3.89484417019
2.80104191555
0.32314504683
0.50886541605
0.0297406502068
0.0
0.0785282924771
1.31585902913
5.66792774858
1.60810975515
5.2437812495
2.22095639817
0.493927856907
2.04139838368
0.143750160933
