0.0
0.0
0.0
1.04394254205
1.64505610242
2.60717431572
4.16472488502
0.99272029195
3.46437370428
2.03738963371
1.12929250929
0.545649340376
0.0167052082834
0.0504761375487
0.461536547169
0.392337360303
1.56942087878
3.76548930723
1.90480462904
3.03336984618
3.38800993469
1.77214930707
0.805700734258
0.083875595592
0.0
0.474003374577
0.551703475416
0.421109654009
0.923516703828
2.74348639487
0.729777933797
0.373946983134
1.83087717905
1.34194178297
0.683293698472
0.197503719479
0.0684734147508
0.0
0.433389272541
0.897273869254
2.41525141045
2.10465254728
1.90187381906
6.52604017593
2.04083204665
3.22057979554
2.31657244265
0.288134127855
0.0
0.0851392145269
0.995071688667
1.06632629968
2.21687205089
4.81989777775
3.14666170289
5.03137361212
2.52104721242
2.05958934163
2.15986783535
0.0870232209563
0.482538921759
0.12247735844
0.257454842329
2.90034845471
2.8339893776
3.63539199741
2.05497539369
2.24629957799
1.92963691987
0.553452460503
7.66002262686
0.0908820219338
4.60794856213
0.0
0.231614843011
2.05585332215
4.46554089087
2.80434318166
1.37269050442
2.27112327865
2.12903591304
4.01642036042
1.66476656497
0.999386410229
2.11268038303
0.0116474684328
1.31332300435
0.547595208511
4.70484452462
2.20349862392
5.61310260743
5.8602559045
1.13282528473
1.30125849554
2.71636140777
1.76436315558
0.0
0.0395490862429
1.16211878869
1.73833899037
2.08029362001
4.41171612288
2.67521641823
4.22061595321
0.841415178147
4.74457491387
2.69727159827
1.15680231852
0.0321777600329
0.157390192151
0.640855050413
2.60855867295
3.19483064499
3.50131980411
2.58203786309
3.70375152043
1.17357579758
6.81572489953
1.93405715737
9.40737438458
0.153243079782
1.54122682475
0.413868795149
0.816979790572
2.84974769922
4.41235094192
1.10640938068
2.29959973134
1.93887816044
2.38557307096
8.02920445427
2.3289948497
0.189009798691
0.0601229311433
0.00860997661948
2.08711478685
4.25878951885
3.82854589727
2.5201046234
2.5223763641
3.41245440813
1.95556949748
1.28004250047
0.541709280573
0.15668964386
0.330974666402
0.959626464639
6.67245886149
2.79358498543
7.27468293207
2.1381655382
3.02545206994
4.69373416062
3.9420221753
2.64767608885
0.141242723912
0.0
0.0
0.0
3.66951579554
4.6159057077
1.97943269613
2.55550811812
2.50947118166
0.784900183789
3.80388696014
3.06257642992
0.00629377341829
0.43361999467
0.155383132165
0.0
0.071425116621
1.69106276613
3.30081094587
2.52217845386
2.65797063266
1.70234560221
0.214832033962
1.56460057013
0.0
