0.0
0.0
0.0266706831753
0.695232931059
0.658249446191
3.3364486536
4.02797219052
0.61370394507
2.98857294116
2.86504561
0.935445392737
0.533232437912
0.00956289749593
0.015479712747
0.869810473174
0.668048115913
1.89334549871
3.77601698739
1.31545534637
2.9859383005
2.80244255438
2.32144705555
0.605583521072
0.0776672903448
0.0
0.480323821306
0.208794154227
0.297928124666
0.872806191037
3.33574415115
1.12295174482
0.242135202861
2.00113812322
1.00042821484
0.737395134754
0.0
0.0188994235359
0.0
0.468695107847
1.11305944435
2.11565991165
2.11213202984
2.27037438122
7.13403348252
2.09594622022
3.66358169797
3.16462329123
0.536244958639
0.38024699688
0.0737435799092
0.652700301958
0.648725948879
1.86148572748
4.56763010588
2.85030108038
5.52642359072
2.77529569529
2.27052092284
3.72408024967
0.0717827382032
0.325383708347
0.0266862075077
0.0
2.69544109656
3.063360136
3.32708407391
1.67793944525
1.89400881354
1.61108689196
0.676696421113
8.14199292567
0.108527688775
1.10694502573
0.393075888511
0.210554808378
2.69619212439
4.72178428317
2.80145195988
1.03092236992
2.15090089221
1.84859476448
3.96677180257
1.39560274431
1.01820475236
1.28060665727
0.00792633276433
1.78275009565
0.401619736105
4.58084500732
2.22334540926
6.16828319896
6.74040011782
1.66738516191
0.951242583338
2.63359242491
1.57953332452
0.0
0.0833879262209
1.06351640867
1.98517681193
2.06215011096
4.4753949102
2.79564487544
3.86827727919
0.821606002341
4.94043254177
2.97943158925
0.811014368664
0.103456843644
0.258189111948
0.67291965941
3.91148966062
3.26809277711
2.97800031293
2.4688159714
2.96876332536
1.30113593268
6.56781613082
1.98737889429
10.4580035983
0.0
1.66420666268
0.314849553746
0.973792175762
3.44332585461
5.11414200848
1.0364310462
2.94859532267
1.99136604415
2.04739412479
9.21826922148
1.56369859213
0.265187663026
0.0781107023358
0.105600971379
3.26526631322
4.59025353193
4.07148797414
2.23727934295
2.64338265825
3.34793047991
2.11117953586
1.72999313287
1.45756953023
0.305102541577
0.636469636112
0.91238649562
7.09317148919
2.89887260296
6.69263138995
1.82267900859
2.86984436261
4.10191776557
3.73109863116
2.12783202529
0.0634235432371
0.0
0.0
0.0
5.15843579196
5.51017364278
1.73440583289
2.91092608706
2.67651306605
0.738210717216
3.75150565431
3.03378847614
0.0142054660246
0.411540992558
0.0418375171721
0.3167418167
0.16105913755
1.68724605854
4.80947269779
2.14475489873
3.42501924792
2.73403649032
0.245421931148
1.63148947805
0.0
