0.0
0.0
0.0506708286703
1.07455496537
0.534814284183
2.62087171583
3.30623596022
0.579472833779
3.95560533524
2.56156046432
1.07661681809
0.821543239057
0.064668031875
0.0
0.481103044585
0.91238482669
1.57364137284
3.14662328316
1.13934103365
2.466485471
2.60520489444
1.17283740349
0.427354266867
0.114602179732
0.132374126464
0.290751099586
0.203561836854
0.484183776425
1.45170808886
3.35385464545
1.75458403071
0.15590722952
1.87969061744
0.860065471847
1.48040973011
0.0
0.0386447943747
0.0
0.772143997252
0.492913061287
2.12636844174
1.65172950225
2.30227837875
7.84810284106
2.60673642566
4.07034089137
2.38698064722
0.96755659394
1.54868378863
0.0195532366633
0.309499918949
0.503586558625
1.95712512638
4.75090676313
3.3222037761
5.14528580615
2.24829103646
2.17379928194
1.84093658626
0.0732884211466
0.455719146412
0.848659236101
0.0563582740724
2.38756403048
3.09560992103
2.99830171489
0.975242383778
1.20439931657
1.55997182103
0.862014855549
8.70955417358
0.318259446765
1.31754043885
0.0108031253912
0.284607905895
3.64953239262
3.52869641242
2.23553815624
1.04956279078
2.07850326784
1.94454633107
4.23403970525
1.5482337916
1.60701979348
0.906320729293
0.0
1.83679472742
0.332809104817
5.29311427346
1.55839736952
5.55733655905
6.65578518901
1.8915858923
1.4535119012
2.5258443132
0.0889333199593
0.0
0.340719394386
0.501877070754
1.73783180397
2.12946042314
4.45146796596
3.07934227085
3.25357062137
0.948021602468
5.89303198177
2.37705571018
1.04699485656
1.35105736135
0.0
0.550721000414
3.85058343632
2.37204293744
2.74874077248
2.24171944661
2.70330583234
1.47975186899
6.09057491831
2.39958338952
10.4807973986
0.353431379423
3.91063567111
0.987199962139
0.938319555251
3.63948866125
5.44397754455
1.19433115545
3.02905322961
1.62325763408
1.74988201662
7.59577698749
2.86082480103
0.253653364256
0.0620666109025
0.440922165988
3.31175583042
4.16281809285
4.70939535648
2.19538752618
2.54579936527
3.08848625678
2.17464470817
1.82053656154
0.583757892251
0.29629001487
0.564214911312
1.46460169274
7.16409174167
2.75295249175
5.36616293283
1.97844952415
1.61171980482
3.83300052257
3.94814622519
2.09191003302
0.0
0.0
0.00728237396106
0.0
5.18813854305
5.2973002689
1.85332969052
2.63148959074
2.35644379398
1.28094371967
3.66534486227
2.90612909186
0.632425643504
0.529951155186
0.0746081518009
0.127837315202
0.176688656211
1.27734950077
4.05180410412
0.940421519801
4.25750777172
3.11273546331
0.702641461045
1.61942318082
0.0
