0
0
0.0
3.63073541265
0.995467379165
0.995347082848
4.80651735893
1.08218189294
2.74182621948
1.23884029174
0.624095130479
0.00715914322063
0.00779989501461
0.0135391186923
0.93202220829
1.41219429317
1.78317373944
2.90358166862
2.38233465259
2.58526100405
3.34461279958
2.1921229728
1.04017883143
0.197984698927
0.0
0.116664066911
0.257586866617
0.956666979939
0.994306744542
2.75256547547
2.64966299036
0.367600377183
2.18580596801
2.65860161575
1.62720178813
0.719049047679
0.52605041489
0.0
0.435729898512
3.28307642904
2.30554516515
2.40308580181
1.70073819556
5.27497691847
1.6810687948
2.63427956519
2.08445658069
0.23250564374
0.616455331445
0.243913229555
1.0641504568
2.03290789574
2.85946096573
5.21961600194
4.38124198094
3.66854939843
2.14116712986
2.82471460628
1.92778636329
0.272643077653
2.40145479701
0.218133166432
0.0
3.0182877928
3.39589684433
3.27136099839
2.07703069597
1.95286825206
1.97301555052
0.800998556195
8.67526484141
0.131560075097
1.32568617165
0.00312614929862
0.0936195626855
3.73463849351
4.17514061881
1.79541840567
1.19083857536
2.24615908973
1.7031024592
5.50983804965
1.96615310758
0.855450170115
1.44018185139
0.0
1.45212540356
0.128716434352
4.10031346825
1.75513913389
3.86533437087
4.35955475271
1.16685308982
1.3294254581
4.23567418382
0.247834966169
0.0
0.0
0.87553551374
2.87938340101
1.55418923619
4.1381772423
2.70674828952
3.47489605844
1.44109208829
3.70839929901
2.37549514929
0.95064513199
1.38583014812
0.0210880916566
1.85925056785
4.67936505331
3.40603043349
3.7856494002
3.32018979196
3.21948330756
1.28114388231
5.36965716444
2.90523023345
3.06991172326
0.191937709227
1.9025715692
0.501846318133
1.73148803599
2.4335516009
2.78251452162
2.4717458745
2.70391118713
2.47181759961
3.87624238955
8.08216476638
1.4349940957
0.383341512177
0.0978742241859
0.137357537751
4.34883178771
3.00465835817
3.45480790548
1.39727592329
2.80345202796
4.06232857588
1.62657298351
0.40837986581
0.823010925204
0.0103523989674
0.752011857927
0.106696777977
9.40624365117
2.44234103337
5.84790936788
1.9196405476
2.19800570933
3.79661437613
5.06597211468
2.53480675817
0.57894769311
0.0
0.0
0.0
4.5925084725
4.02560108248
1.91165648494
2.29046338284
1.99820951174
1.16445003974
3.43013195228
3.52066981536
0.0748605155386
0.383664958179
0.00475721666589
0.0763079896569
0.0739418808371
1.99710241333
3.88458841853
2.28799156845
2.7255628719
0.761661926634
1.47659004433
1.34121290222
0.0276862978935
