0.0
0.0
0.0
1.04028408678
1.64932951657
2.06940102507
4.50594926113
0.976895958651
2.92717440473
2.19446711079
0.75153120514
0.0268275458366
0.00688157597324
0.237406860804
1.02111674525
0.356168538332
1.66432244284
3.19127930445
2.57106421562
3.05898582609
3.87190866657
2.41794350254
0.968455979601
0.183047882281
0.0
0.0
0.139334941283
0.419075578451
1.2832187824
2.58862477727
1.27006091404
0.460166480043
1.66810634825
1.45783534087
1.84909293312
0.561266362667
0.110251907026
0.0
0.557037970051
3.11490782583
2.46042957227
2.29428651609
1.63199369947
6.13267817139
1.56110604852
9.85205579374
2.73930387571
0.237115681171
0.292232841253
0.164886782411
0.645799905062
1.50576973613
2.66949845839
6.43259550678
3.56181638991
4.27946001757
2.5747009106
2.7907781307
1.39435493574
0.159557889041
0.400835370063
0.21022612357
0.473494142294
3.47975463979
3.16935877688
3.49266403657
2.36470600124
2.44028759975
1.98116882332
0.532522742054
6.86461386946
0.203501287382
1.25844921917
0.00351550593041
0.102778710425
2.41152486578
4.36635929509
2.91565009707
1.62384037464
1.78930416505
1.76113355625
3.12907608552
1.1620499345
0.478925459087
6.84972679988
0.0144381076097
1.54307500948
0.325902372133
3.99748086138
1.79042379442
4.10317991645
4.62313218787
1.02620582975
1.64712175273
5.3693208117
0.171462198254
0.0
0.011093305191
0.771964936808
3.28069181857
2.31869403832
5.10878615058
2.76585832145
3.81171070226
0.897419457091
3.99189372803
2.42020508437
0.697133401409
0.813783858903
0.0276133101434
0.134519569576
3.41389173758
2.87655459577
2.81187842542
3.41919035302
4.22482198989
1.39813638665
5.89003621601
2.16697754222
3.35099408519
0.940081954002
4.43294888223
0.571662203874
1.70851482148
2.98521851399
3.12459121255
1.77470017236
2.79896160215
2.43396577996
3.03372388135
6.4706742689
2.25724217249
0.460662760772
0.0852995535824
0.075885264203
5.16831204481
3.30656587146
4.17914138298
2.26268020878
2.71263613715
3.73778560123
1.98447296023
0.460147977341
0.236211868003
0.327336955117
0.664000979625
0.362325239927
7.5514146965
2.59820740623
6.82167641702
2.16914969101
2.87325579999
4.43779364211
4.46657442534
2.82135139685
0.398853167892
0.0
0.0
0.0
3.54521514103
4.42834414029
2.90500767389
2.0001550084
2.52269418328
1.06496521854
3.30186780402
3.31997796521
0.00171779573429
0.438021283597
0.113808571012
0.0237241610885
0.0
1.60739361122
3.382577907
2.42436128482
3.07489547459
1.26886165678
1.0843218565
1.72532807291
0.0
