0.0
0.0
0.0
3.67473793769
1.01721029484
1.08768208278
4.75102939818
1.21215605363
3.08173280209
1.79357169103
0.486147176009
0.031074272003
0.0088140971493
0.008160864003
1.11772791669
0.579736227868
1.67099768296
3.2205307635
1.60840016417
2.94963452872
3.72268876061
1.98296077619
0.938429996953
0.185629739426
0.0
0.0451279841363
0.170317549258
1.10850409791
1.30928627029
2.8439633688
1.56821408716
0.399784809444
1.63173793233
1.78074017027
1.78879269212
0.429038882256
0.152348526753
0.0
0.477783404291
4.01298136497
2.4471218707
2.80199484329
1.49574744655
5.78054555506
1.73461092263
4.84735230688
2.55484274076
0.0217408742756
0.23939011991
0.0831214454956
0.914338108152
2.33627380431
2.66456826322
5.34012481291
3.96617566748
4.31419335934
2.74745323882
2.84715128783
1.198435653
0.326987270499
0.376759459497
0.307910233736
0.0
3.6992441956
3.67164127715
3.28168027767
2.56955270306
1.95488174446
2.07271821424
0.445854272344
7.57932356931
0.335383916739
0.912318199873
0.0
0.113792650402
3.26720359409
4.28038808325
2.32386596175
1.25040993188
1.59832208534
1.83959468734
3.3798935932
1.52064808737
0.545118429232
5.57022021711
0.0114217242226
1.53384389717
0.187815901358
3.62515139161
1.50761582912
4.31333898637
4.37150306348
0.994649888715
1.59993516537
4.94729957916
0.286439886317
0.0
0.000428784638643
1.73915346083
3.73190566106
2.1001170266
4.87170994689
2.6630572197
3.92263717577
1.07776757731
4.08877754398
2.08923524199
0.97357114777
0.606576535851
0.0267497915775
0.351658813655
5.03412578034
3.05771890527
3.15327473683
3.046753217
3.9404951313
1.38302579697
6.06513347384
2.67734505748
1.78791880264
0.886048913002
1.74787211092
0.612243857235
2.18542774365
2.82572224527
3.09422767977
2.19501475885
2.62723109964
2.68617377197
3.17103230092
5.9239747487
2.28783586959
0.244676911971
0.0672336036805
0.0709461707156
6.20569066796
2.98082051612
4.12143745553
1.82580982614
2.89639367955
4.04661240452
1.7702141311
0.354421535507
0.334140837658
0.133387495182
0.388379668351
0.281558691291
9.4636600283
2.48383644188
6.90699702641
2.07285629795
2.93346780911
4.08312740515
4.20496079326
2.89657995105
0.434801891446
0.0
0.0
0.0
4.08264799789
4.44445947558
2.63722894387
2.04414477991
2.15652728453
1.14425777504
3.48596196622
3.42023359239
0.00215657521039
0.397527907859
0.00301431375556
0.142190001905
0.0
1.76128859678
4.21604624111
2.09486170037
3.03092268482
1.07585911173
1.33730992317
1.7259678822
0.0
