0.0
0.0
0.0
2.64138971269
1.36791698914
1.09857151005
4.67766205966
1.17504566931
2.79513575556
2.10954212723
0.331980171613
0.0323994667269
0.00811520725256
0.245038635563
0.982357964735
0.294684678316
1.46243610838
3.17422316223
1.98627774743
2.96183984657
3.77211107686
2.47983883834
0.871048617177
0.163650339469
0.0
0.0
0.127242601477
0.848256841302
1.37376739085
2.71315489511
1.24944936542
0.486126554199
1.70281382534
1.56457271345
1.47448116227
0.496166445315
0.124094462022
0.0
0.276380166411
4.23013358819
2.34772780386
2.38069670112
1.40735716763
5.79835375468
1.72758686729
5.86609506013
2.24470901769
0.203045703471
0.511503636837
0.0757319089025
0.967994381674
1.72939406149
2.66775174893
5.79120954964
3.54491112288
4.17354880902
2.73892159306
2.97902188578
1.49801103771
0.294165376341
0.504985823995
0.359058231348
0.265995383263
3.56508438848
3.43174725026
3.38018191978
2.54642623872
2.25579285441
2.02119868249
0.430125051062
8.55820371839
0.0932158085052
0.930011149496
0.0035126763396
0.102188147604
3.00503238291
4.16942841769
2.4573466022
1.42378309416
1.58355740667
1.7940105577
3.20689201308
1.73038390535
0.336255222559
6.24952257425
0.0125059252605
1.61108508031
0.263190434314
4.02029197291
1.53567556618
4.56329907203
4.57599746902
0.855788367975
1.75332836667
5.06338959839
2.11234605359
0.0
0.000782025861554
1.76331967948
3.7391364444
2.26819485659
4.94363949599
2.75940001628
3.74470419064
1.05778773496
3.74007881281
2.31259416603
0.993358947337
0.388675253605
0.0109333973378
0.26837588707
4.57287972723
3.13875840022
3.02027790179
3.03251958196
3.98304785509
1.42187234759
5.77813526988
1.99441534438
4.16603570094
1.11618438363
4.59107553004
0.581587621011
1.98914717231
2.95613366715
3.01843535039
2.14898463374
2.90734380856
2.39673192764
3.06774591323
6.65976420231
1.61292135785
0.278608546185
0.0846507636597
0.0800208381843
6.44788346719
3.05215012282
4.15730566322
2.22332359478
2.70584881632
3.88684249995
2.03979553096
0.50135182403
0.285748146474
0.214741255855
0.291265810374
0.369260543259
8.24619399942
2.36948463909
6.90270605753
2.0966626429
3.27067511587
4.16253945889
4.54882669263
2.96964849159
0.420098692179
0.0
0.0
0.0
3.29954215419
4.52185606398
2.66417
2.03267336544
2.42219377495
1.07162657147
3.32651487505
3.31286101416
0.00269411783665
0.424723381875
0.120963162975
0.113030673936
0.0
1.40376813151
4.37009583507
2.17031762563
2.85508278664
1.26475705532
1.23393697792
1.74581047893
0.0
