0.0
0.0
0.0626528412104
1.13737791916
0.536196310539
2.59965331515
3.33282744465
0.444625295699
3.49704211601
2.44834764604
1.15590672567
0.398772141431
0.0731237786822
0.0
0.790818497655
0.73538864404
1.51613778248
3.21764971106
0.87254160922
2.73716816795
2.80723961117
1.35738499835
0.47701891046
0.0990660917014
0.1131721735
0.355509072542
0.224251635373
0.559966169298
1.28398042126
3.37677080662
1.74738032382
0.157779968344
1.75634650188
0.813460118603
0.810623713303
3.18953871727
0.0821056757122
0.0
0.6709087044
0.529381569475
2.18302018987
1.61175924481
2.27347966097
7.57590863854
2.58564630349
4.12405194086
4.21543990914
0.919210597873
1.12216924643
0.359212976182
0.414901620243
0.273168295622
1.88985535922
4.7683051785
3.09231371526
5.37888510781
2.28059148742
2.07312431175
2.06839795411
0.0552023188211
0.256194790825
0.0303046726622
0.0
2.30948549218
2.89071969548
3.10461207642
1.05857489631
1.38776346762
1.76282335399
0.817465419474
8.74502055219
0.302078207606
1.81626679748
0.00347400008468
0.384725455195
3.37447696738
3.96291329246
2.39159635222
1.13118783664
2.24582070019
1.95070605315
4.28780430497
1.63422056986
1.91683478467
1.45964199305
1.41012942791
1.67506650143
0.346520927269
4.908332319
1.52733206516
6.04672102164
6.97462192748
1.86857375689
1.35756277503
2.83929840848
0.190463631181
0.0
0.300856113434
0.511693067907
2.28187194047
2.31591924024
4.25926312874
3.17616472696
3.47104221117
1.01640115073
5.79330229922
3.6105815632
0.900117541663
1.44843897223
0.161634400487
0.478047122597
3.67581644666
2.65995230683
2.85557659296
2.25016059726
2.58335000719
1.45807676803
6.57951956941
1.96777782636
9.33160370425
0.444533336908
2.61358930776
1.02807901194
0.846235877601
3.81850440038
5.51934450958
1.35428698629
2.93248459231
1.62578705099
1.79361588572
8.44809519447
3.25107644359
0.167472347151
0.137065008283
0.183530492941
3.37907048315
4.56779793464
4.40397606092
2.46068695252
3.0850910414
3.27547680563
2.10234358092
1.70337610925
0.935145713389
0.33198612812
0.534397954121
1.32943516038
6.50605259649
2.83622562781
5.40317821107
1.70462578372
1.79941884521
3.85933056101
3.89983691508
2.19857533462
0.0
0.0
0.0
0.0
3.9115104666
5.27005652804
2.00252154144
2.68347919174
2.38731466979
1.14099097392
3.85555719677
2.91938494367
0.573070000857
0.708784043789
0.00567729724571
0.0759672671556
0.121901385486
1.84716149243
3.60948872613
1.25312443313
4.83524544851
2.58033183031
0.533443827182
1.76414002478
0.0
