0
0
0.0
0.637621478643
0.37108857464
2.56903244555
3.43953304132
0.493747174973
4.43541150633
2.06199319381
1.0457426128
0.798690068536
0.01432220079
0.0
0.276564080268
0.975773427519
1.41171365511
2.03087523393
2.08354830311
2.08070725156
2.38808461861
1.18621175014
0.249482532963
0.137544028927
0.0736145768315
0.0
0.116066746414
0.155068683438
1.21627280815
3.12324539945
1.66211873596
0.325851554051
1.79068362282
0.532996222377
1.45195806213
0.0
0.0125916457037
0.0
0.682216905057
0.682666397188
1.93498531543
1.188091216
1.83349858399
6.85846136045
1.74090699782
9.26185194449
2.3815125546
0.189423902892
0.470876206644
0.0
0.445653487928
0.366409464739
1.80853349436
4.16955326148
3.75491207466
3.61352272274
2.1846445594
1.51967523899
1.61242543161
0.133317582309
0.967560715741
0.233406605199
0.0875397846103
2.40602923604
3.16561354976
2.9614088895
1.19879401242
1.3035463565
1.38493711315
0.493753702845
6.85716292058
0.408872159896
1.51766165532
0.014907073928
0.378976477776
4.77181311697
2.77019079635
2.46087521128
1.47514607629
1.95820143353
1.53825769352
3.918516126
1.99934247183
1.50960415974
0.540212213993
0.00217132992111
1.47899898741
0.100722269155
5.61425877991
1.77292309579
4.88421674352
5.31990907714
1.74730190844
1.66332304454
2.63018287346
1.64444035129
0.0
0.0943165114149
0.219349155435
1.20696006401
1.42122671427
4.34898960794
3.24616562261
3.16239918966
1.13288736308
6.31434567587
2.96487631567
0.938300881535
2.66876295814
0.0
0.553514611791
3.57467553718
1.67946464056
3.23684314173
2.9140484652
2.32316014683
1.47472032177
6.63829208154
2.86210195464
7.15082256496
0.040656760335
4.14648706559
0.882207026705
0.865977520123
3.45220772794
4.7065595407
1.49788080435
3.67758826795
2.23591272975
2.1746488288
7.73839090095
2.43619402312
0.529800836812
0.0316862463951
0.598634847323
2.79710131383
2.89663953427
4.86975952052
0.982485246961
2.90384187363
2.49410992954
1.78079499234
1.5765901478
0.641628107522
0.339872457087
0.445464469492
1.85104377521
8.47800925304
2.16331515415
4.43446855852
2.26709932712
1.57735174883
3.49926923017
3.46163221082
1.64166648313
0.0560278594494
0.0353188514709
0.225156175438
0.0203977935016
5.30337998644
4.60352017893
2.78080683993
2.87375531765
2.12596589886
1.24110024574
3.27907607239
2.60681754304
0.394637119025
0.288971811533
0.20347538311
0.0646499991417
0.0222946368158
1.49920665426
2.38698295698
0.72295029413
3.87301591085
2.66307034902
1.81008569337
1.43547838926
0.0390440057963
