0
0
0.0
0.604480566923
0.781005101278
1.21802636317
2.96883248468
0.768278168223
2.69010095298
1.64669279044
1.02800439252
0.380366966128
0.0
0.111414881423
0.159418533091
0.87995781377
1.42711412907
2.29213658837
10.6444530713
0.948376258835
1.36753857229
0.541444214061
0.181814357173
0.178738931194
0.100213594735
0.0
0.146422620863
0.00759414746426
0.689043581486
3.82006601454
1.94499397289
0.229333538562
0.41628255439
0.437626259809
1.29096468911
0.0
0.0308890747838
0.0
0.0226841471158
0.198382115166
1.19324980932
0.712796178646
1.66707364685
5.99889009562
1.03099064226
3.57129116287
1.36131343059
0.571776084602
0.256880665664
0.00456550443778
0.613292864058
0.0812990199775
1.18847337615
2.93641663145
5.07249707053
2.81716395915
2.49991426338
0.707834860776
1.22051268956
0.132585551823
0.173859751783
0.935506537557
0.0
0.642240971792
2.0055707898
1.96590229648
2.75772992359
0.653276972705
1.53192844661
0.637512250803
8.1750372739
0.543616738403
1.27786761522
0.0782704427838
0.0728836972266
1.3886694368
2.87918392569
1.56805758097
2.26821904362
1.52036656812
0.886308375746
2.87892406329
1.45141501748
0.519996767864
0.531850029249
0.00398535653949
1.23033100204
0.280256212922
3.86913632741
1.42672495102
2.26904428424
2.92459177109
1.40969750634
1.1243669414
1.22745894361
0.127403186169
0.0045761121437
0.000768018828239
0.0652239704505
0.359088080004
0.930574422702
3.84461022797
4.03814423823
2.77524767816
2.68101449567
3.90335924295
3.19473249547
0.71281401813
0.168732285732
0.0013024477521
1.40173908742
1.397225569
0.965090860642
2.73342599161
2.69192134659
3.369603578
1.86853900412
3.96322727663
1.85024350788
4.66477758787
0.0933799520135
4.6083685765
0.148504705168
0.506958924234
2.96499718545
2.39972497127
2.31700854679
5.23960685567
2.18659575796
1.63538412191
8.03442785749
1.76261776267
0.436117960606
0.0
0.757009060122
0.619532549754
1.13730170106
3.59371438879
1.10057118675
3.28544346057
2.05861463351
1.19588139001
1.2151009501
0.333394606365
0.55529358075
0.858842466027
2.08774248487
2.85063106968
1.40461900551
3.4758263221
2.37902725546
3.04162509926
2.38176076626
3.41587038577
2.05615362152
0.21997934801
0.22237180185
0.572907308117
3.13017673395
3.22385374876
4.76573802996
2.48989505158
2.90965082316
2.01872205117
0.851113851182
1.87465291051
2.13067213399
0.244383058511
0.152471192181
0.0154217137024
0.470298036933
0.504445184022
1.62123126856
2.73158578074
0.461238711723
3.47764694132
2.10057930509
1.75534701347
0.686162251979
0.0941738337278
