0
0
0.0
0.285778985592
0.622388192569
1.21063923306
2.15904815809
1.00239918847
0.915090606548
1.17950695008
1.70975752408
0.224771669018
0.0
0.0
0.0657946430147
0.926670848392
1.22580431961
2.24388017505
6.37972045434
0.705987482565
0.903400402982
0.623809596407
0.224249949446
0.117931896821
0.0148067045957
0.0
0.149024680257
0.0717267063446
0.544282494113
4.06975688692
2.01968546351
0.255709757272
0.0487794666551
0.482455751393
2.9451915212
0.0966774597764
0.046475033625
0.0
0.0837332671508
0.135423341068
1.35427405732
1.11210846971
2.21196453244
5.184841846
1.50308612082
3.15457253135
2.1107735876
0.681866085157
0.0788487792015
0.0240758918226
0.804083420546
0.000961251033004
0.810509825358
2.54321453953
4.64277412323
2.96879859298
3.40513201454
0.989888931043
3.83467013075
0.112337748287
0.0768579026335
3.52806525677
0.344658423215
0.779037628323
1.78691228409
1.37427451601
3.38216467563
0.749026820296
1.3450736932
0.629548892495
7.88433649251
0.750477233669
1.27923784405
0.0
0.313345056376
0.575792776421
1.22431705752
0.96500418795
0.657046715263
1.69889075123
0.502620322164
3.18588580191
0.766916191205
0.18857380189
0.220061468426
0.0767291113734
0.903980225092
0.341719102231
2.80925134569
1.04287617374
1.74687401659
1.8897812072
0.944284745958
0.887599936221
0.648959303275
0.541747274343
0.0928668767447
0.0
0.0599491574685
0.416390841827
0.288297257386
3.52977712639
4.38981048448
2.70252948935
2.59252021043
2.65026126243
3.27379330364
0.414425974246
0.563851479441
0.0218912176788
0.468237215333
1.65510884603
0.642603083281
3.08208886813
1.36910044344
2.94338279776
1.60378289549
2.6882078831
1.74651073839
6.22933008382
0.0199953000993
5.44478430273
0.984373430954
0.554116797633
3.64212956093
2.82644807827
2.65987506695
5.85857411847
1.42971256259
1.86118274834
7.53244278394
0.763763291296
2.62424375024
0.0334958736785
3.52242398448
0.307385222404
1.17746399296
1.97104775347
1.04984537431
1.9089051811
1.54824366653
0.883858026937
1.61546572484
0.386559162289
0.808737550629
0.501031809254
2.35832226067
2.93534298334
1.18173237046
3.50428203301
1.92586328369
2.73311909894
1.76399869658
2.1563907339
2.60778411734
0.00765483395662
0.0894926949404
0.708582980558
0.0904655605555
3.34235418926
4.43536280235
2.38159532845
2.02573850425
2.23000499047
0.741399232997
1.78635185456
1.56783658685
0.237656729063
0.414665886899
0.110789462924
0.0310426019132
0.0282993279397
1.89755396591
2.9889098322
1.45809959382
3.05433822935
1.96242778189
1.10583977029
1.67856317759
0.0402996500488
