0
0
0.0
0.103075653315
0.616247398313
1.51563436745
1.91121893458
0.761844336404
0.757734497078
1.25323665934
0.649333747569
0.214868388604
0.0
0.0183392670006
0.309100200422
1.07034890726
1.4204280721
1.98977209255
4.71374366386
0.664687381824
1.17376262462
0.3655130486
0.312125658384
0.126383572817
0.0042045195587
0.0
0.0
0.0767975021154
0.657759054564
2.77169180388
2.56923947111
0.207936904393
0.084922514623
0.452501695196
3.97462259047
0.768022119999
0.0328401232837
0.0
0.00194303772878
0.107526383828
1.23603270063
0.773905999842
4.5322588057
4.52837169496
1.36769759434
3.44724885514
1.75576580432
0.409316208214
0.0501432791352
0.0280881635845
0.187899527024
0.000804626790341
0.573461179854
2.10979315848
3.51680703805
2.55833340425
3.30917469598
1.02967382874
10.2437989642
0.0556805855595
0.227496357285
0.0782894454896
1.07879675366
0.569969931501
1.63719052076
0.985117815435
2.58185317455
0.816334609524
0.812262733467
0.980772994924
8.2363810559
1.15645106346
0.865006684326
0.0
0.33859963459
0.211631718557
0.688520682219
1.17542806896
0.250908542657
1.45991703495
0.609381172573
2.87391835335
1.75352622126
0.0571733503602
0.3513902165
0.0
0.646944194916
0.148981256178
2.5215745208
1.05004627554
1.21029467485
1.45757592167
1.19525017939
0.756855194923
1.07411184558
0.085464367643
0.459015900269
0.0486220521852
0.100204896182
0.37382972613
0.286859430373
3.13447431871
3.31148402544
2.40316120675
1.32098199776
2.37828990212
3.09844553424
0.731287882663
0.395272646099
0.0502589475363
1.41813692235
2.07120085321
0.350361341145
2.84672329808
1.5122747852
2.76398294233
1.52513422118
2.02771685133
1.78950088797
7.92694384605
0.0529624558985
5.29579115938
1.29367576522
0.549580447376
2.57179148163
2.72445303493
2.64022913505
5.66649036529
1.16549922945
1.64480275987
8.95674802829
1.90510724951
0.774214954581
0.50046194531
3.30979800504
0.0568209416233
0.944060275797
1.41922465432
1.30907253246
2.16136842407
1.7995673744
0.620933513856
1.16536797932
0.503308937798
0.653802179499
0.76698449254
1.52595103311
1.67280723201
1.60470384429
3.48506123852
1.62110515375
3.00009493751
1.47075209301
1.93920004019
3.59924499248
0.110824296484
0.145949669881
0.482275628485
0.303295195103
3.60311256594
2.84039226756
1.93071430456
2.37586002285
2.41661356995
0.861625271617
1.36098584183
0.619211540325
0.188538061455
0.389831265435
0.222486377112
0.0954002380604
0.115470830351
1.8329326394
3.27588717081
1.29865181097
2.68671950186
1.19238844141
0.171487540007
0.807632297277
0.0347084626555
