0
0
0.0
0.424855091027
0.735872769728
0.988194734557
2.63273703493
0.843802059535
1.82856424153
1.66852929257
1.22530477867
0.338739686063
0.00174404424615
0.0
0.0982754197903
0.615576884709
1.29072043486
2.49461644981
16.3392914537
1.02141311252
1.22372917086
0.631353297736
0.226934749167
0.147250257432
0.091511676088
0.0
0.265908816829
0.0748125851387
0.634333200753
3.96366460575
1.25574340217
0.333131418563
0.305574305705
0.265670872992
1.61633350747
0.493932917714
0.0120508826221
0.0
0.0388953621732
0.241310180747
1.01220335439
0.70207917504
1.7032740016
5.59638221748
1.47419264517
3.25448562135
1.39940333227
0.725753536914
0.0909864848945
0.0058896378614
0.565411241259
0.00103040214162
0.964457876049
2.73229062534
4.82890912495
2.66901596636
2.19831361639
1.01724013686
1.03221113468
0.188136461191
0.185037914431
0.357261272147
0.108792163432
0.557412018999
2.31179046351
1.75320800813
3.18770636711
0.668739816174
1.42756941891
0.862525680102
6.62173365429
0.610029262549
0.834739508107
0.18497781083
0.259430020116
1.15083936229
3.17799593351
1.22383919271
1.3232991962
1.56377818319
0.987925992347
3.24734910624
1.02855273942
0.495121603133
0.410321088741
0.00569142284803
1.48269000091
0.354574707686
3.0604659142
1.21873106642
1.67717011995
2.08574554778
1.29663743707
1.03776910552
1.62872583512
0.213552080095
0.0457373801619
0.0385126423789
0.121085608378
0.456677073613
0.695996772614
3.929832872
4.52665369818
2.93348382617
4.07990144752
3.53206845513
3.28030108946
0.371543367393
0.413730031811
0.0686423336156
0.630642450327
3.04128673463
0.843351947085
2.94562021358
2.57799884025
3.60574896284
2.04877013597
3.79210423166
1.61887418095
5.46400528494
1.507503815
7.69812317146
0.417963410262
0.536209858954
3.18024161085
2.72455452802
1.90860410326
5.58964804187
1.77521944512
1.4083197749
8.43685199087
0.754494220018
1.04758597724
0.119814003818
0.832711484283
0.773500852287
1.29297718545
2.61245927401
0.95621837565
3.39475043491
1.76634269394
1.00344652403
1.04075394687
0.27557704458
0.473103159107
1.00093370653
1.95664713997
3.75255650259
1.29466796946
3.42382467783
1.81578852609
3.05854285206
2.05602623266
3.34108628042
1.88377385214
0.529230301268
0.28943042527
0.380901322467
0.0698135653511
3.02745793835
5.12869588332
2.34934701771
2.6727546606
2.2770954147
0.593256164342
1.84796391521
1.77849328751
0.370793673676
0.266411013901
0.479054697789
0.179756205529
0.15278249979
1.8263679494
3.05220102571
0.607641090115
3.59926175734
1.80323962122
1.35627050325
0.909227520227
0.0390260264976
