0
0
0.0
0.0093526346609
0.622068108059
1.33947318606
1.84943484532
1.04558871512
0.693939085468
1.80077069323
0.993174487725
0.132895436371
0.00158082810231
0.0
0.305555724772
1.15422258526
1.39917670697
1.91233475506
4.98860035616
0.735119498568
1.00471730344
0.392987603322
0.373749512015
0.137850414962
0.0
0.0
0.00348463794217
0.182714993134
0.638567315415
3.1164545106
2.26825300325
0.2282221145
0.110424597282
0.302655577951
3.19105270877
1.70542324334
0.058812438976
0.0
0.10394224152
0.14112376282
1.38102986093
0.581521516055
4.23499141476
4.94233299745
1.29696759675
3.07299363264
1.02676122263
1.14330749074
0.0127414241433
0.0400207227794
0.158137186314
0.00205094896955
0.478383210022
2.11414989363
3.32516024075
2.39262416516
2.8568408126
1.04275387852
0.330170121975
0.194032402476
0.0477153397514
0.0890287561342
0.394255843014
0.398127124645
1.56553371996
0.741723992687
2.43731309171
0.784741713898
0.575130900368
0.63106803986
8.43201430002
1.35527773527
1.28539029229
0.0
0.278779550921
0.320321969222
1.23605288775
1.27061009058
0.534966504143
1.6631514281
0.594208958093
3.3340459168
1.5116805362
0.748999372125
0.387469664682
0.0
0.624562455923
0.108410791494
2.64243290725
0.951132956543
1.19426759833
1.52119624615
1.33845491661
0.699415321928
1.14086235221
0.0310026858933
0.505977990106
0.0520801374805
0.633248624392
0.274806824513
0.382582299411
2.86537550343
3.02986999555
2.38473309658
0.569281685166
2.09475331649
3.13225429342
0.641311387066
0.389110847376
0.0798801612109
1.69395516429
3.04535129212
0.350119254901
3.1547178342
1.42025805311
2.39057737694
1.54388651927
1.31772424839
1.83953491994
8.9790230561
0.803086598404
5.51847562683
1.75001469138
0.511704267003
1.94806124468
2.77767205681
2.91642732255
5.05673820712
1.48191251466
1.68096202891
10.0109309189
2.0524257482
2.27795994875
0.345537973568
5.17549337889
0.494028585032
1.32535660965
1.46202353993
1.2057443955
1.78637982626
1.38700486207
0.330530498642
1.41333721264
0.838229406858
0.534043477383
1.68627799978
1.97446620488
1.77934567165
1.72429387784
3.53846571472
1.55224178795
2.67211834178
1.74290257436
2.34571993537
3.25536444131
0.0935743264854
0.18495703279
1.59059619159
0.857996031642
4.50978335785
2.63366040657
1.717563588
2.11418705247
2.36897942889
0.726917944383
1.52187933889
0.591304790927
0.159430703614
0.612106144428
0.35734476021
0.437418767251
0.0597795490175
1.9804826444
2.64081409387
0.639131512164
2.49758086423
1.26470206166
0.0554375750944
0.698063224554
0.0799338230863
