0
0
0.0
0.147169804201
0.563786028884
1.27697646868
1.98083059653
0.762080367189
0.580846569384
1.26119371224
1.18188001029
0.281283352291
0.0
0.00479653710499
0.218148518354
0.902791169472
1.2862059921
2.06457355432
3.95284936484
0.837855705293
1.04597409628
0.382355392445
0.340752875432
0.149447206408
0.0138116199523
0.0
0.149587784894
0.0773366594804
0.560287991539
3.62997255498
2.34967133775
0.253044429701
0.0460912657436
0.455781239842
3.18755807914
0.0328842513263
0.0233276188374
0.0
0.188398806378
0.104564125824
1.03001364926
0.938703338325
2.38273558446
4.9282859753
1.59194108599
3.42411654664
1.88589453255
0.693132899702
0.067945420742
0.0374399609864
0.415918662096
0.000895791163202
0.861652295105
2.68692982802
4.71382550313
2.85537731182
3.40322163166
1.20232832758
0.527077663108
0.104201248847
0.130768131057
2.44942789152
1.14612827823
0.67761102505
1.74877963914
1.08169257035
3.18255903979
0.695914306678
1.26928368583
0.836416072678
8.40849489532
0.698097608285
1.54600866139
0.0
0.298980262596
0.364342691377
0.937576627941
0.8227154091
0.428899697727
1.58901723474
0.538985515013
3.80611518561
0.805751421954
0.151614196599
0.242549765389
0.0826455205679
0.81139768532
0.210782588925
2.47816083115
1.22539743257
1.56483459286
2.2669364746
1.18476334494
0.834926309297
0.667069371324
0.151701345574
0.43735147675
0.0439915754832
0.0842087045312
0.46084581688
0.364005366806
3.17230264924
3.93567477306
2.84416619921
2.02185849892
2.6049595247
2.7668688891
0.507343877573
0.506722063292
0.0210286509246
0.658513150993
1.65064237767
0.576879866305
2.91556351772
1.37379835296
2.22728720028
1.43562622741
2.28694050625
1.64757054613
7.23547004629
0.0344377495348
5.51078680065
0.953984552412
0.594891939545
3.51602920517
3.11654529255
2.51176102646
5.57822793629
1.1839352774
2.19476976572
7.26947179867
0.76029091794
2.47816678369
0.177053496242
0.69815338077
0.0789031866007
1.33580149373
1.55494143162
1.12276761857
1.92509827297
1.59601439862
1.12257074565
1.38290246623
0.467435104656
0.661907225382
0.639861169038
1.73748507467
2.5999806535
1.20648737671
3.32461980195
1.80671934935
2.55120411271
1.50254596124
2.07660721825
2.50627547386
0.0580005069496
0.10640772921
0.79568841774
0.13540912047
2.28235999358
3.68772044359
2.20891292731
1.93470492493
2.0491053313
0.785269412328
1.55474108504
1.29693619558
0.141929963487
0.506855756044
0.087532697944
0.280677756295
0.0709645673633
2.07209730451
2.90861923038
1.12717763637
2.93597582274
1.88326599915
0.638575550169
1.57161207497
0.0428877258673
