0
0
0.0
0.693440136733
0.578589854762
1.12182331295
3.42330652103
0.760663071531
2.83035279065
2.14218012476
1.14291897835
0.683222244261
0.00451822427567
0.0744004920125
0.260480839759
0.918687030673
1.35320788249
2.41341211274
5.75218960177
1.09890797175
1.37094476726
0.686520664953
0.247154884972
0.156716502272
0.00204283371568
0.0
0.154256569222
0.0025639354717
1.05311532691
3.20505748375
1.61239848752
0.288509714883
0.564895014861
0.38871077029
0.862202718388
0.0
0.00959497626172
0.0373774208128
0.124988559051
0.0349963931367
1.19672609679
0.730271362932
1.50352080283
5.83082744025
1.05834558886
3.77948141494
1.72453838307
0.15828423202
0.0804152023047
0.0210374234011
0.896453373542
0.041967947036
1.19386898493
2.50496857153
4.26258596196
3.16395549057
2.86517228838
0.826613893965
4.69047228619
0.051904946682
0.240793964243
0.462722944096
0.0
1.50539655052
2.28048213944
2.58831691463
2.22563068056
0.679745373316
1.70307397284
0.698024719022
7.4834480451
0.644618179649
1.93192817271
0.157362388913
0.0518482010812
2.39609225653
3.11584741902
1.91007983265
2.31744031276
1.51179500972
0.696969363838
3.08460259531
1.26356591843
0.585926532513
0.744916803204
0.00676296418533
1.0356570177
0.392038059654
4.14639990928
1.76402877038
3.38410109747
3.56053400063
1.61510712537
1.45254130545
2.02631983161
0.174480837071
0.00175344524905
0.0
0.0155221712776
0.398899864871
1.15285310952
3.49787761114
3.48028327932
3.13828904461
2.26895413024
4.51190586388
2.61100318667
0.492836803198
0.13628545613
0.0
1.53474427678
1.72510091495
1.03922832641
3.06672165357
3.58136112802
3.64356964512
1.57545368894
4.72804877296
2.08538261638
5.4278926868
0.083579974249
4.00241181254
0.393174237222
0.799161773175
3.41726889048
2.2345748255
2.52514115081
4.40283613856
2.28437207174
1.85776891978
7.59701944538
1.43926888052
0.148349279538
0.0205608401448
0.214608324051
1.39118520357
1.67079779156
4.02927252976
1.26111543196
3.02433870826
2.14202997833
1.33110671095
0.882140036207
0.348602341488
0.231112439185
0.258951715194
0.934023934882
3.67529351311
1.87673124205
3.70309044491
2.34673901869
2.59369809949
2.24036908417
4.1091167971
1.80244258046
0.0331391664222
0.00273915770231
0.740890808403
0.00391320744529
4.19433106622
4.70513430936
2.84935051156
2.76150670636
2.65529512079
0.959666023031
2.17217656667
1.57322788518
0.0321522746235
0.00921957625542
0.0295592374168
0.134275525808
0.44906838797
1.24513305476
2.32204074281
1.15107693279
3.7582611047
1.67819208652
1.11657215655
0.257749781013
0.106818629429
