0
0
0.0
0.50721648027
0.735961918719
1.1524817273
3.16693912004
0.794877633336
2.25039809942
1.61573491991
1.14502764121
0.515179338981
0.001607429469
0.0179353430867
0.078014014056
0.667072433978
1.35497194901
2.12634376436
16.3480316265
0.856088736327
1.17258738121
0.545727694407
0.162960139103
0.16237636283
0.117472315207
0.0
0.146836902946
0.0710623387713
0.756512522697
3.90776777617
2.08963738615
0.262569361366
0.308268813416
0.579141486262
1.27690727636
0.0
0.0166376309935
0.0
0.0379539232235
0.222549355356
1.18709041248
0.737802895426
1.85603720724
5.60204033041
1.33936100197
3.40505942795
1.58538177377
0.532079830766
0.163998171687
0.0
0.657546255039
0.159828212112
1.0462872209
2.79885396408
5.23500667675
2.85314969718
2.34749917686
0.855305861216
1.26848624181
0.252407850698
0.698405168252
0.19326483726
0.0
0.428056979552
1.98427028209
1.84488495626
2.81302097696
0.55817903718
1.41595499543
0.683302640915
6.81437510147
0.463404138573
1.2930459138
0.0318022310967
0.113463308197
1.37046313845
1.91792617831
1.24009767571
1.7061201132
1.39349495852
0.933071415871
3.41077130358
1.21131949942
0.299052129732
0.676983253565
0.00421299273148
1.42055513896
0.313915968698
3.53009764059
1.71304323175
1.76684550662
2.13955664448
1.33435537596
1.19411267294
1.44602936693
0.12502418505
0.0446813595481
0.021205733181
0.111540805548
0.191959667951
0.55847178027
3.89751972514
4.04754668486
2.81199730071
3.47274824395
3.72244910873
3.05108371854
0.379970506183
0.296662908047
0.0558862760663
1.1917895973
2.28630255722
0.882561272592
2.73887493461
2.6417461817
3.27916331915
2.07245384599
3.80610295944
1.62372036208
4.64009433147
1.40332557447
7.1196667254
0.237563029863
0.380909775908
3.27905939333
2.78718107962
2.21874926763
4.95145201636
1.99395067198
1.46862792596
8.68106249114
1.00054838858
0.619201539084
0.0151779474691
0.780998550355
0.753491394222
1.20091390383
2.69733900763
1.0043570064
3.43698840542
1.81824904471
1.189643285
1.19028397067
0.262787461979
0.625129486434
0.836805775296
1.06794220372
3.5661360228
1.58848509192
3.84529588599
1.66655120312
3.04170625284
2.38609290402
3.77115541592
1.87103231903
0.596845515363
0.254935246427
0.41990105575
2.70495408203
3.11568910722
5.68155963905
2.48267753725
2.1861391667
1.7986015277
0.700181525666
1.74490832677
1.83505463228
0.499478367972
0.0722592025995
0.0779951717705
0.271024670452
0.360834539868
1.83802443411
3.43758912897
0.449832149432
3.37524931389
2.11257587234
1.55256743729
0.739870805293
0.0123569825664
