0
0
0.0
0.832224869519
0.389704454748
1.29545805266
4.10844690679
0.83009985846
3.80675651773
2.03560556576
0.896931003779
0.389190517366
0.00430796097498
0.0877596661448
0.212859177263
0.832907635719
1.19062908087
1.90498010442
3.30417275941
1.23976018047
1.79367541382
1.05555681948
0.0394330821
0.293076321483
0.0584881597315
0.0
0.0
0.0924512916245
0.975208677351
2.8576850337
1.77872057271
0.464880376123
0.718516650144
0.461180720013
1.43679933622
0.0
0.00792179617565
0.0
0.438181881269
0.448516601115
1.44659957383
0.787190566305
1.06895168836
5.76796487393
1.60600119783
4.54355927301
3.40943253739
0.310603357852
0.00707019492984
0.000574775389396
0.288267794997
0.140727043152
2.0119108776
2.7119956112
3.88052058671
3.44147608225
2.69547814399
1.19813734596
1.14835844561
0.0990419760346
0.0932595825288
0.411245721858
0.0
1.9327538833
2.91223037138
2.91842299933
1.80162204942
0.980331978295
1.74586299807
0.414681994123
6.71826911741
0.491462419159
1.68778821453
0.0689660832286
0.17237932235
4.03941610642
3.23348679394
1.79668875225
2.37921190701
1.4644138203
1.06151594315
3.81248210371
1.49169804901
0.486748796888
0.734116824577
0.0152843613178
1.26511885622
0.302620774601
5.141833017
1.71107094095
3.65293901204
4.16181684507
1.70303179102
1.82490949309
2.25389026245
0.0588248020504
0.0
0.0679738204926
0.00805645249784
0.658162224863
1.09551410563
3.50010665628
2.70760896604
3.2704848366
1.1740188885
5.02079612442
2.77583294292
0.341026140377
0.397313497961
0.00797436479479
1.01680543472
4.08482642507
1.31242230674
3.42564462079
3.78756934532
3.48795891646
1.3280608824
5.23232134175
2.67250728514
5.65797809279
0.0720899775624
3.11731178779
0.498961520381
0.99960097298
3.68926781998
3.4434596654
1.89567266498
4.45299757598
2.22899568616
1.64393852791
8.26864641136
2.96718319179
0.962233074475
0.021317107603
0.442721489293
2.89930345863
2.05991322803
4.68282157835
1.08194811014
3.29610251123
2.36902812973
1.86075104168
1.78495249245
0.48552480177
0.362776149996
0.241336407722
1.61309356627
6.57598176424
2.11999290437
4.19692091807
2.47408379358
2.55825151992
2.73642945569
3.41879298585
2.28370850347
0.00588141707703
0.00488362059696
0.577850191854
0.0
5.94270824175
5.10409736261
2.18408598984
3.06037807325
2.62033054489
0.930670033209
2.90632287087
1.7027813415
0.120798436925
0.14808016899
0.0976811898872
0.0
0.0
1.88603764831
1.93737455807
1.12200334307
3.68880868907
2.33654637262
2.3588143792
0.51471106708
1.9016477312
