0
0
0.0
0.807616240811
0.449569785967
1.12915714877
3.89824413793
0.818487073295
3.69550082833
2.11875724699
0.847724237945
0.152394315228
0.00619044178165
0.090080358088
0.219120708643
0.922532431781
1.19728910341
1.95902051404
3.57892533031
1.12417163141
1.62634956848
0.949015924707
0.0699109339621
0.168048387393
0.058299009921
0.0
0.0
0.0731702363119
0.969883356243
2.99340692954
1.50282559893
0.410047877114
0.539648249047
0.551563790068
0.780327739893
0.0770604535937
0.0240755744744
0.0
0.329831626907
0.252324282192
1.36741913762
0.815884993935
1.17082395399
5.49229060858
1.43336237827
3.99392266851
3.01827629097
0.257793347817
0.0102806864306
0.00550798641052
0.193753434112
0.0
1.68883653096
2.79889916489
4.28584974725
3.01662147464
2.56333773228
1.05046931357
1.26516831666
0.0260115764104
0.518172850134
0.397606258048
0.0
1.63049440272
3.13913941279
2.73518795136
2.02434531972
0.93120371527
1.60601408873
0.560492645018
6.97658178199
0.397540733335
1.50478577614
0.448429258307
0.11617016606
3.594274804
3.23574839812
1.86489163485
2.38275754888
1.51154433144
0.998956363648
3.30718159955
1.39353290293
0.420026652515
1.17469588481
0.0149943027645
1.07195759143
0.451609182172
4.96363196074
1.83986648903
3.48646105579
4.3658246398
1.6435058713
1.86643772735
2.49351292802
0.140016554389
0.00147438223939
0.073037942173
0.0118690512609
0.602550837619
1.09960487997
3.63321665925
2.67646265973
2.98461938638
1.89539462334
5.15059873433
2.73863771744
0.301130525768
0.189316447824
0.0
1.40104588435
3.37590665859
1.16065565072
3.50442728121
3.58153486811
3.62879112456
1.31713800714
4.79128200538
2.33245990425
5.7121986642
0.0611126869917
2.45268845023
0.545336953131
0.820240795612
3.59579100145
3.10094919859
1.99548680475
3.60688078171
2.552793129
1.94840399828
7.52149470756
2.84067696705
0.648291798541
0.023808432743
0.406889849459
2.51636933722
1.87307673576
4.47375583346
1.13492626953
3.23418899765
2.39006212982
1.73472001613
1.29450404528
0.459777897689
0.348181206733
0.208691990934
0.811870784848
6.76462740614
2.11959288083
3.95849359222
2.43678146717
1.51315147569
2.46821468347
3.78733610013
1.99379072152
0.00808359798975
0.00424406072125
0.703353740275
0.0
4.84192407283
5.29400331597
2.07013590366
2.97931543924
2.51081867772
0.983263473492
2.45334200375
1.64501941949
0.0706518637016
0.020835400559
0.0174085237086
0.267919152975
0.0864333510399
1.79718780331
1.89628854911
1.33768547396
3.71779979749
1.86789472203
1.72760858014
0.662831626832
1.10226775985
