0.0
0.0
0.0
0.16085155122
0.32110639452
1.49522239238
2.34385194158
0.736677626846
0.554850564338
1.3038796375
0.995663693175
0.164402661845
0.011908525601
0.181661553681
0.227929788642
1.36244589463
1.21111915633
2.30913313664
5.11605307343
0.760073225014
0.876507061301
0.260938829626
0.35726268217
0.0746544674039
0.0
0.0
0.00336075900123
0.283511921763
0.675326598343
2.38346777484
2.41592824925
0.235693506198
0.176384821534
0.587699829601
3.38964414783
0.655639708042
0.0689348382875
0.49901419878
0.282434664667
0.401650397223
1.72101672925
0.799180790025
3.87409194594
4.59375741216
0.934137519915
3.24535007321
0.668235945515
1.34134266526
0.0134965709876
0.00607862439938
0.314548692666
0.0660309715895
0.312011064962
1.94305273634
3.9433612756
2.72293545026
1.96462560236
1.02692673192
4.85782021983
0.11418305547
0.378694705665
2.50247870758
1.32142794877
0.764295042492
1.13220693241
0.763485745527
2.3051725179
1.12316444772
0.656775941141
1.45221211592
7.38264399674
1.59945602214
1.01639028452
0.0
0.329176590778
0.733978535049
1.45601137867
0.968288423028
0.839088922366
0.95414148923
0.646141994745
3.29151657654
0.68506690301
0.990828772075
0.330869274214
0.0
0.756189959764
0.44531923905
2.9306817716
1.32450223068
1.35695372708
1.32115433016
1.42219138518
0.597227731603
1.9295282783
0.149231343996
0.901285106316
0.549670180888
1.14488378353
0.761627783999
0.585710194777
2.45627291466
2.70652522705
2.48619544064
0.731806889176
2.24684107676
3.40245617088
0.495680725668
0.423064495437
0.0634578019381
3.73143857531
2.71321201767
0.324759975891
2.74712239206
1.66414091896
2.40710161737
1.57728219405
1.44979805115
1.90133434813
9.86106585525
0.207480117679
4.62524311058
2.7022541028
0.478933491744
1.95428425423
2.98114674364
3.07487797178
5.15014164243
1.69408144429
2.40981763974
11.5373955779
0.86761808861
2.52708789706
1.40815379471
8.2951181531
1.92615015805
1.93173850607
1.7614383233
1.32570199843
1.52303754957
1.13992690202
0.546271996573
1.64346179646
1.42187166167
0.720656309277
0.459348110482
2.90984578081
5.72238908382
1.60885663563
2.71768395597
1.58914332755
3.75028948695
1.62759926321
2.52686626511
3.86913207499
0.0453821690753
0.180409088731
2.66422306094
2.49359042197
6.90175115503
2.79698241316
1.32020151592
2.19238572801
2.17468158528
0.534806672367
1.71960829082
0.5669340936
0.480599464965
0.420082362369
0.44520692993
1.33699332736
0.79182565026
1.88923240127
1.90464137096
1.89383735484
2.24159821193
1.48342376249
0.0507998950779
1.42025000788
0.360612897202
