0
0
0.0
0.0576807623729
0.317614560248
1.4812161997
2.14953946858
0.91821088444
0.523688819259
1.57103846618
0.936562769115
0.118160390295
0.00915900804102
0.0
0.243973141536
1.12217264809
1.30667133734
2.00487948582
5.19405938475
0.861211857293
1.15891591541
0.266693177167
0.391736739315
0.0800276063383
0.0
0.0
0.00410759402439
0.279948861338
0.811934880912
2.79521967773
2.58185925009
0.231438690098
0.14008366107
0.399622016819
3.16364211589
0.699726462364
0.109768207185
0.18511916697
0.191372420639
0.204394781031
1.60975567438
0.812914264738
3.59548437118
4.67732170969
1.05924029672
3.14586432441
0.849215519615
1.22139076795
0.131813554559
0.00610498618335
0.25499848742
0.0442615398206
0.426231318153
2.00513422629
3.48187897756
2.41895715997
2.3339227573
0.92940161936
0.632782148197
0.325127716642
0.288116736338
2.4843101874
0.36889943108
0.596121565439
1.2789236065
0.843320442771
2.28588968934
1.0005994339
0.59790068306
0.731503798452
7.46105761849
1.27450562688
0.835154086351
0.0
0.32771101105
0.588166163303
1.41457032011
1.06401291769
0.724415263627
1.53011469916
0.716052432545
3.37209157646
0.939851664705
0.31239821855
0.421454450116
0.00703764520586
0.873193841893
0.260406115092
2.47607944114
1.2470460051
1.27102879423
1.28758411878
1.35395559715
0.729076390387
1.49839402642
0.130048371851
0.384438235778
0.311267443933
0.931503007188
0.400013656355
0.519611097872
2.79559256008
2.86785482033
2.90326819394
0.69303050451
2.15966605465
3.4380759839
0.671766566345
0.722601290792
0.0574054718018
3.38500295812
2.4438459907
0.436992780131
2.96554998122
1.70075784996
2.63181761093
1.59858853417
1.39660324156
1.72216949519
9.32629665639
1.31515625585
5.41838070704
1.89430195198
0.472765483428
1.96581265557
2.80553114647
3.11680354737
5.37643773016
1.70051259361
1.54805020802
10.5285933325
0.948233769275
2.96005905326
0.731456849724
7.28974151053
1.10145434015
1.57015359309
1.59083488863
1.28472420282
1.47019993793
1.24799282802
0.458868942223
1.45651269343
1.05278586899
0.795279226266
0.642910782248
2.24485075683
3.96669306932
1.63628348045
2.85323835851
1.75850420923
3.68136609247
1.45047427667
2.49008802418
4.24644901603
0.0532907343004
0.194508699467
1.91050294787
1.54030651599
5.92996917386
2.92990038055
1.53388783778
1.98780620098
2.1859102773
0.583011862705
1.73731041257
0.524668850587
0.399164389819
0.47698892653
0.471946368576
0.767685908824
0.566469930578
1.69001374016
2.36762506422
3.03627458302
2.36988441995
1.52090929076
0.0261436719447
0.938618161716
0.177456624806
