0.0
0.0
0.0
0.0775748034939
0.844801127911
3.45204016275
4.8218402518
0.570617673569
0.223683275282
1.56526199449
0.570078469813
0.0980153748533
0.0341903790832
0.341910288669
0.0313858650625
0.501893253881
0.828286370263
1.88758398965
6.5402382157
0.964161758078
1.4536788594
0.655767653603
0.403312047943
0.0836132578552
0.0068428600207
0.594866707921
0.201630681753
0.0511706527323
0.213267345214
1.21288862446
1.16292207281
0.108708216634
0.664919949486
0.605534702772
2.53777489765
0.969677150249
0.027205329854
0.0885097286664
0.165947442991
0.683016121387
2.2415455461
1.04060457979
1.74954617256
4.80083994317
1.29441627441
3.31875266065
1.02945186314
1.47227343195
0.0
0.00860176607966
0.379788571503
0.100597544108
0.425105736242
2.21932780393
2.76108794502
1.82404046046
0.62158202508
0.503680687863
1.10805855552
1.36726838187
0.662994934246
0.0416629752144
1.15182357281
0.760903892107
1.98396391934
0.700922307558
2.76390972384
0.738942135125
0.770970578655
0.334579115734
7.87828833191
1.37947623152
0.420991040766
0.0
0.567446219269
1.15905724972
0.801359449513
0.884496162471
0.835412059503
1.07071535732
0.203151215683
1.99938753527
1.69093913259
2.01947441371
1.80218041316
0.00365050206892
1.420722357
1.35139174946
3.19871105067
0.782108329469
1.66185231798
0.671158458688
0.648607009556
0.607703397458
0.984203049447
0.539189992473
0.662536429125
0.906582548283
1.04189430503
1.43644786626
0.923093477439
2.07668581815
1.14895633265
2.51749919704
0.630011824891
1.11113218847
2.84051360667
0.990789615316
0.395604127552
0.00584846583661
20.3757552654
1.63523247442
0.272468972951
2.94524409669
1.7440351402
2.50099280057
1.69139657356
2.02222279832
2.34257258428
18.4797912785
0.44014375098
5.54912963323
1.57886191458
0.514246257022
1.34710788028
2.42958205263
1.10948593053
3.2616818375
1.72927534592
2.11958570592
6.97230654769
3.67611623718
1.43740944634
2.34531232715
5.8760071859
1.74857852282
1.8226101133
1.03103940596
3.11450641765
1.54742016364
1.08514546196
0.41632156563
1.89070164529
3.5998003264
0.892788339406
1.6006167708
4.02156286954
2.84185431595
1.41054504242
1.40243168827
1.1765000298
3.29967943393
1.25806135719
1.16244732845
2.87302573747
0.903090134263
0.00782374944538
2.19226421416
1.63124175183
6.1699114237
1.37201828882
1.43519198924
1.41964467737
1.34948258766
0.753467318194
1.15789243183
1.97741724411
0.62054418528
0.0778041929007
0.224042508751
0.991374611928
0.146830014884
0.835472751204
1.74835212048
0.881581062509
3.09623389586
0.898192295106
1.43944683857
1.00504657254
0.474799333839
