0.0
0.0
0.0
0.103227602318
0.347347608069
2.0354097666
2.60609906248
0.885141691717
0.558489121497
0.908643406816
1.77687208075
0.158195567317
0.0104333441705
0.185626544058
0.225978570059
1.41589080263
1.50902529061
2.07818511687
5.58468583319
0.875881829765
0.877751598484
0.298772156355
0.34766029194
0.089083077386
0.0229486208409
0.0
0.0
0.29039914161
0.63148699142
2.25221654822
2.56303232396
0.327361843549
0.315474089235
0.48166082066
3.41682448797
1.08615410328
0.0024973237887
0.540131628513
0.157495900989
0.444407093804
1.50994779938
1.00112543796
4.87550619739
4.48804308218
1.19439740374
3.30190399615
0.601205426501
1.38057539612
0.0154474452138
0.0395373988431
0.322635835502
0.13422114111
0.364375689998
1.70660000457
3.53274014388
3.12561378069
1.63489018241
0.804319906514
7.42019682913
0.199471216649
0.467811400071
0.118273109198
0.840240638703
0.785070765764
1.25533157215
0.936459489167
2.69588276814
1.13177874661
0.705105045578
1.06428207795
6.06925756414
1.41471873783
1.23431401124
0.0
0.523839854635
1.01258154074
1.37966471445
0.979411927518
0.914694125764
0.928243879229
0.76583608659
2.77824015275
0.620143120177
0.600726450793
0.61340271309
0.0
0.753844595922
0.559644170105
2.81309701316
1.48961534153
1.55729843769
1.70000443142
1.41056840029
0.703081587446
1.48394437926
0.168177660555
0.827429599012
0.588810577756
0.937299579382
0.66900161095
0.513657031464
2.28444251057
2.48225662357
3.16379079316
0.718885968905
2.03690998838
3.43188054487
0.448730245698
0.346376845613
0.0458163805306
18.583966182
2.67744726269
0.3551152937
2.80176125327
1.40421693632
2.77725296671
1.34094619751
1.61646017025
1.92726737633
9.1977952579
1.20558437705
3.55464662286
2.49891098868
0.654850504827
1.66587316827
2.96648181102
2.49372051656
5.08641572716
1.60408476554
1.12927362183
11.4325013109
1.53542261478
4.58483836777
1.73551940918
7.8983498211
2.17485868267
2.18779816688
1.70735863521
1.21815361897
1.75052550761
1.25991112599
0.521113476017
1.83569902182
2.13480192795
0.468938475009
0.12645632471
3.62758873613
3.66155404784
1.88924833853
2.72797882423
1.63061814627
3.89639401948
1.40307096601
1.8630999038
4.09153825045
0.00269224168733
0.0
2.91414728016
1.91154590249
7.09375373647
2.93907344341
1.14949414064
2.99994702078
2.01076909155
0.394689867506
1.41586533398
0.418199274456
0.786101919366
0.226626444608
0.56367357634
1.10411354154
0.417673625052
1.68440433778
2.04564478714
1.73207602452
2.18200332345
1.27668891754
0.11457709875
1.52443135716
0.442631304264
