0.0
0.0
0.0
0.0520387263969
0.137194505776
3.53539089207
4.60312733799
0.553247318836
0.206701789051
1.33753600158
0.504858839791
0.131077245809
0.112020005938
0.0
0.00398311205208
0.244001674699
0.333409958985
1.20173944923
4.07033022679
0.475334395072
1.21280581132
0.630184874404
0.058643407654
0.298192778602
0.002982001286
0.0
0.201630681753
0.00947402976453
0.185771428049
0.556674773048
0.950109432451
0.164831154048
0.302572080982
0.803474617656
0.819712511846
1.12293257006
0.0800260864198
0.26578251319
0.604753605439
0.781605615048
1.09413846349
0.561555215274
1.07144395867
2.81255457306
1.06539494224
3.40627584932
0.673847978469
2.41046696994
0.0900525646284
0.0239647817798
0.384583586128
0.103226492472
0.113882252481
2.10490496675
1.77151298709
1.46895775892
1.13882717636
0.804982717033
9.72065707599
1.29144040454
3.4237943904
1.71088811662
1.71870277449
0.437976653862
1.62772990344
0.907255386934
2.61565515259
0.708304703236
0.421961741988
0.507010547677
7.24879417679
1.69306606543
0.718928622082
0.0
0.197516489308
1.19522432092
0.838122809306
1.3579666086
0.623433927889
0.848113768501
0.190376306884
1.06148132216
0.491413346492
1.11870507593
1.14193541743
0.0364166088402
0.390087871929
0.75547415379
1.9589024568
0.649461483583
1.38890686701
1.07760587242
0.496983814985
0.533360448666
2.01528354548
0.91486259771
0.936407063156
0.492097517941
0.74591130612
0.71332254447
0.830473277718
1.43596604536
1.24152708391
1.78003224189
0.263483924558
1.1533818465
1.4238095656
1.01504624845
0.440585072618
0.00802673224825
11.7452305816
1.50112004485
0.101349705365
1.7972398987
1.71876389731
1.41999115172
2.15291183209
1.11684610927
1.3465461419
15.3578555794
0.314616214484
7.06288013514
1.0669721617
0.47937828768
1.02960456832
1.69456568261
1.10820846341
2.41141430335
1.61914010998
1.72053074744
7.02774464968
3.07215884351
1.41890637204
1.39039003849
5.58218243415
2.67658942007
1.39165575104
0.380623426288
2.32521524979
0.982435339829
0.718441982754
0.139094555285
1.00033671502
1.57030194078
0.617357095703
3.10830256902
3.09413897444
3.98816497554
0.991658832878
1.27769281156
1.00364152458
2.15083589568
1.35084887582
0.96149039641
1.08888358087
1.00390856038
0.0559480721131
0.193796423322
1.11298144213
5.30093054834
1.33135981625
0.486923232907
1.21940270625
1.37872943794
0.438099525636
0.556807831861
1.2428651175
0.737005821895
0.0535036865622
0.337796672713
0.0391276162118
0.051690004766
1.47062102892
2.41120218951
0.774107018544
2.73186330241
1.2940397365
0.966632191092
1.57400099933
0.412445541238
