0.0
0.0
0.0
0.0663013299927
0.541741048917
2.13391693865
2.98878543731
0.753496344667
1.02683459688
0.631397744175
1.3027464794
0.147592201829
0.0195201445604
0.0
0.0458156825043
1.16150059272
2.06831457559
1.9848304707
10.7224827856
0.947005107009
0.853688132134
0.361074228305
0.360702710226
0.0705200936645
0.0
0.0
0.181467622519
0.301384793594
0.492386714555
1.08810703357
2.69092444831
0.715456773061
1.14843240054
0.407801406924
3.55571923172
1.06978833675
0.0101550135296
0.00771755166352
0.00977813045029
0.121782600763
1.36054366385
0.507628743188
4.55982630397
3.92319794092
0.937435044441
3.79762088042
1.08829839248
1.0352159352
0.154613285325
0.00689351395704
0.387641082169
0.0163538809866
0.345513649809
1.40967364842
3.13810782228
2.32513538736
0.967269570101
1.81395147135
1.14703970682
1.01426887605
0.553102948237
3.07582425326
0.638083180413
0.969890169974
0.903825313784
1.39619924815
3.2653919711
0.810506033245
0.714344747132
0.527121372055
7.79969761753
0.989119790727
0.250535847736
0.0
0.0772357410751
0.537331885658
0.959023181349
0.757703682408
1.55022919178
1.06133772247
0.540941609535
3.38112063892
0.716147040017
0.656518246047
0.134526468115
0.00241526472382
0.777122544707
0.234125720221
2.66962249577
0.656299469701
1.03644954995
1.13882933697
0.751931402832
1.13758374495
0.593434642069
0.304671827704
0.60841735173
3.50644836854
0.231808285229
0.889291106723
0.556136854924
2.24136949703
2.14638045465
4.7377978072
1.05702454341
2.02504971065
1.59343922749
0.379352622665
0.189636025578
0.0647315760143
0.731908166374
0.780091100314
0.392822491005
3.10048082372
1.41556107491
2.74790005625
1.47042120353
1.53042769444
1.91224736709
14.0415673582
0.378400295973
2.22965006926
1.37268770917
0.140480655245
1.3462987009
2.24878777424
2.4542695675
4.0655844342
1.9867887568
0.780091205612
11.9378302768
1.13770921575
1.13855030341
0.00215479638427
5.06008114544
0.785644884454
1.75543201715
1.70254252176
1.52518176381
1.57703621499
1.21758155449
0.778867756715
1.33197796345
1.10392098082
0.339131560177
0.256127937813
0.870168572292
2.43205873389
2.00658391416
1.84926082508
1.56244922662
4.29976291029
1.46151092346
1.39652333781
2.4934044173
0.332461178303
0.260381609201
0.866297803819
0.188593982719
1.92066630023
2.00166320137
1.97838243749
2.99596676277
2.12337786146
0.302997831022
0.809438916389
0.696403969778
0.25169064221
0.188298761379
0.409235538449
0.158025517507
0.0415250621736
1.67940740573
2.35796972086
0.784814329934
2.7259602492
1.15146551933
0.38945088163
1.03656712524
0.0564403710887
