0.0
0.0
0.0
0.0587915404467
0.437723823474
3.25739571371
4.40666069463
0.815845794859
0.228177838027
1.4260068424
0.915745617822
0.00585791969206
0.0400272030383
0.313668847084
0.00511099258438
0.587692676578
0.69464159722
1.25954564882
6.03476800187
0.641980131157
1.32103742287
0.663257771288
0.159523010254
0.207824883983
0.0
0.0
0.232122018933
0.0299335714662
0.306468073279
0.668268959096
0.92980504327
0.138615578413
0.311753222952
0.729142839089
0.581314015668
1.12945613265
0.0363112324849
0.145994691178
0.503730464145
0.611216822406
1.45773251285
0.7420440446
1.24779058364
4.16036691831
1.35694207822
3.33631311264
1.00722596183
1.27724435274
0.122692407575
0.00137493794318
0.384482574067
0.0860549858771
0.228696487145
2.59318086359
2.07634201786
1.86294637166
0.937449845485
0.56444374274
11.9448020572
1.33506061311
0.852684352547
2.18208438624
1.60665889829
0.95586456114
1.74646487751
0.655700670555
2.8090251527
0.622262618854
0.509736330365
0.149125232827
8.02161800512
1.56025474099
0.431277976371
0.0
0.434578605695
1.4316450787
0.550999311614
1.40920236224
0.702652574633
1.09966364922
0.105504611041
1.8328844253
1.28169473633
2.40086879954
1.45092696138
0.0719811178278
0.668728284305
1.19979389547
2.77416080795
0.763832570985
1.46111855493
0.879106388544
0.684944595792
0.741124553839
1.06541560707
1.02900008927
0.822596764774
0.726305394433
0.798615852837
1.36210580263
0.908494541422
1.78084127069
1.20592612692
2.38495303679
0.567150309915
1.05000489927
2.26405964838
0.956896448974
0.398475416005
0.0949681792408
5.88443106122
1.32072507415
0.248145002639
2.33419761155
1.82293604419
1.82064273307
1.89831127133
1.67933171988
1.61046344973
15.5825388138
0.488394830376
5.05981980637
1.12601709925
0.515724383295
0.939218183979
2.11927109835
1.23150637792
2.17718138685
1.5826355035
1.8016053969
7.06292643631
3.53219299857
2.82856620033
1.18538403511
8.16167272581
2.46794086136
1.51225106115
0.70446302311
2.42522723548
1.15114599094
1.11981080496
0.286190001993
1.05941810762
3.18178744533
0.920358068543
1.41882815585
4.52686956548
4.00149363186
1.40144639509
1.32220837707
1.12758710876
2.32023890014
1.36104961031
1.00727468985
2.11689819396
0.688045313349
0.0618959853891
1.49026893324
1.76043232833
6.93124564504
1.17100008903
0.871212531812
1.37298328942
1.44350899477
0.455763189122
0.863841652637
1.56602882687
1.26664566807
0.117652253597
0.343163603917
0.656403331086
0.043997336179
0.776678778901
1.7583865798
0.745149662893
3.01772401761
1.24095575348
0.890868286602
1.3992103003
0.488468192983
