0.0
0.0
0.0
0.190005744342
0.666964603588
2.87045852584
2.94199653156
0.609244736843
0.940021267161
0.574745852966
0.826619105879
0.2860772399
0.0224048168166
0.38013651967
0.191137388581
1.40743842116
1.77422658727
1.75731910777
10.1532131396
0.965717206534
0.963801022619
0.388550114818
0.179091428407
0.0757449315861
0.0
0.0
0.151223018765
0.0484145563096
0.467059142422
0.885691670817
2.18784414034
0.645884484053
1.04195722844
0.463725075359
3.39813173749
0.0
0.0183202822227
0.0
0.0516488928115
0.143882276374
1.44589008158
0.520935395791
3.68872707197
3.943036824
1.06353572127
3.85331243451
0.940209708642
1.1840732675
0.160804104991
0.0086765747983
0.0978698545368
0.000475924258353
0.424449478742
1.8763223397
2.54045155842
2.14934049093
0.82562019676
1.80646028137
16.9936333019
1.52765903284
0.391854091547
2.23146433383
0.425920903683
0.795106108621
1.22187156766
1.41660029534
3.33708462247
0.631149974884
0.696575053735
0.180511937593
7.13624924642
1.61789668351
0.140425557154
0.0
0.129521792289
0.360208821949
1.08891395968
0.869633030612
1.26417299081
0.914076586254
0.430982354563
3.09855487221
0.765645482112
1.19087315095
0.230204663239
0.00320857181214
0.781056274893
0.380797581747
2.37494164985
0.716277745552
0.933685133117
1.1984803346
0.709069923032
0.876605267054
0.435359943658
0.330909513868
0.478573142202
3.15231092391
0.116615489125
0.793325059116
0.555858625215
2.71124838165
2.05933023978
4.63718927733
1.29398967163
2.1979307048
1.89920535602
0.415714037837
0.140477821231
0.109834238421
0.31055798009
0.431392124854
0.385340252891
2.89295799844
1.30700445228
2.43050553603
1.50370235136
1.30721853115
1.71992561221
16.0888889087
0.430071219802
3.69152881019
1.13840174116
0.0288758704555
1.54965116363
2.43950652669
2.27772393147
4.80821271101
1.58089677175
0.875116732437
11.4461891535
1.90406143572
2.46947285254
0.185976752313
3.54022966744
0.250570620177
1.70795999514
1.92673090182
1.76832318073
1.45777212083
1.14982112328
0.768673338636
1.42294332664
1.38934481703
0.459177058656
0.423083318397
0.758047157433
2.16011486633
1.75219179678
1.74341462762
1.51836508245
4.19540791842
1.62268202123
1.38495737314
2.52628335543
0.725649344968
0.281578779221
0.32829900831
0.237169167027
1.83745474322
1.93326785928
1.75618601241
2.91378278146
2.25229507237
0.410369794816
0.644934228621
0.471988640726
0.341347459471
0.126533356495
0.425300139934
0.0354276001453
0.0
1.84934472968
2.41471031308
1.33963818359
2.67243860895
1.15142981615
0.540274523199
0.490624632686
0.0873043423053
