0.0
0.0
0.0203247833997
0.135476895608
0.607400401321
2.56426062883
3.08747721463
0.731714198366
0.908265860518
0.666483674897
0.740917305462
0.244022565777
0.025111065479
0.331322431564
0.0700825611129
1.18605069676
1.49134756997
1.58821841795
8.70851361006
0.593693976931
1.2431369262
0.309156848583
0.210266955197
0.174255190417
0.0264791790396
0.0
0.362935245037
0.044632807374
0.198632833781
0.825807781075
1.70291524299
0.327302174177
1.20546968677
0.514551792294
2.79647128657
0.0
0.0595736149698
0.0
0.283273559762
0.185179687804
1.95984122471
0.888668287545
3.36838366988
3.6630151202
1.27245050168
3.47460510302
1.4052328933
0.525225231424
0.275285035372
0.00534495990723
0.157455296023
0.0177130457014
0.368874369655
1.64692429232
1.89331647789
2.08168975922
0.610432596877
1.9464875164
5.31877465732
0.823449916905
0.251759553328
3.88245214522
1.26176011562
1.1630975767
1.33405092126
0.957621157169
3.33349245298
0.469654054265
0.847836242989
0.67540873331
7.06260336284
1.8657948738
0.0440476879012
0.0011222747853
0.112431912625
0.728493792005
0.898262239643
0.91917932115
1.15673175617
0.893500681967
0.362753019901
1.80195211316
0.574947540648
0.763554430567
0.860317529412
0.00263537862338
0.415608984418
0.188389699906
2.68227233761
0.490649927873
1.00075994979
0.787760767154
0.660492322408
0.813823142787
0.535695792176
0.191381590092
0.83242987073
0.064788510208
0.262177208904
0.765305384994
0.617827004229
2.74884037662
1.73285283463
3.23177407484
0.898157584248
1.74050325714
2.15003343893
0.399245894398
0.222587805241
0.0
1.3243120815
0.493129870447
0.35314318398
2.88118148688
1.44172627269
2.550528989
1.36764118238
1.11023029871
1.87972610351
16.4043455883
0.326448008418
2.92968643457
0.560859703925
0.153569474816
1.07779731392
2.60254860518
1.44421877479
4.27998567035
1.56059334299
1.36625778169
10.1100090253
2.67018749192
1.2593615806
0.624868768151
0.870789227949
0.133555267239
1.67219443875
2.11381599912
1.59758043464
1.41700602556
1.06349628069
0.848262082203
1.41896623746
0.731798402499
0.29284426244
1.73525440134
0.706540571526
2.3803379517
2.06528253842
1.78615142335
1.46120071932
4.27892733831
1.69580261759
1.34026484378
2.42853439879
0.698727652431
0.165108159184
0.538785845041
0.398045044392
2.30733662052
1.18302265787
1.88027345669
2.92298814983
2.40214001527
0.660983901937
0.795967797516
0.269148147199
0.464269214077
0.0834398374427
0.479962370475
1.18174813688
0.106090104286
2.22480186534
3.1243377775
1.12298130236
3.17549446225
1.23257794324
0.670772152953
0.344476561062
0.141350905644
