0.0
0.0
0.0
0.108454586007
0.671469351044
2.52279895695
3.13470185152
0.653824027628
0.957319923677
0.64023988531
1.0525320163
0.205540398485
0.0225537096849
0.335631519556
0.208965728059
1.35323448968
1.49785023555
1.68721865478
9.2792885527
0.751756254176
1.08778510126
0.317719058599
0.163765956648
0.210130494088
0.00368614133913
0.0
0.226834520698
0.0492266295478
0.376823160565
0.783768709167
1.93669652904
0.537779707694
1.24419376755
0.52195528103
3.25396673847
0.0
0.0424440933857
0.0
0.154452914721
0.158110562712
1.60740211513
0.645373370149
3.50238058367
3.49942029919
1.24865605053
3.54831277387
1.44434544584
0.833833460696
0.281754106283
0.00954487035051
0.0959825461032
0.00771183986217
0.271516042529
1.73770387872
2.20093197271
2.17224570661
0.728802761296
1.94990740716
5.91435027076
1.66004654497
0.292560394853
4.23738385737
0.746863663197
1.18706121529
1.42926361022
1.06699596904
3.04820039612
0.534943374572
0.68808126892
0.243080540327
6.89083274035
1.51725768484
0.0884531829506
0.0
0.0502165987855
0.662959714886
0.958305164066
0.996574665653
1.31808088333
0.949510674924
0.292843858711
1.91592754284
0.583064716309
0.318879774306
0.246179238893
0.120591666549
0.513965048827
0.261461106129
2.78766724444
0.622426940827
0.927094018261
1.07095634239
0.612854838371
0.79033144901
0.469030438922
0.198681759648
0.665253999643
0.0657846661052
0.0958926851163
0.68439213559
0.704660169547
2.65013888851
2.03831340128
4.12751310982
0.895883502904
1.91986914724
2.32733258058
0.614226662554
0.230425274931
0.00898279901594
0.544849748258
0.39678628993
0.382586277323
2.88369833678
1.42728071753
2.46895604546
1.55504064658
1.20192850684
2.24186240509
15.7328168973
0.430110707879
3.17352338904
0.813311860897
0.0725681073964
1.51900427509
2.49184071342
1.78217159223
4.5224000478
1.54264074145
0.867860945174
11.1492459934
3.05513373576
1.33625396958
0.917007845128
0.525194609596
0.131282374961
1.65223809332
2.0349451208
1.73243976757
1.6143858158
1.04190738546
0.835412364686
1.25376208406
1.15560696018
0.373770037666
0.327403692994
1.27446161932
2.23894071055
1.7288618419
1.89901157352
1.61678823555
4.61698052566
1.75021117565
1.38188301725
2.98534076102
0.834903089097
0.15518912673
0.0408303625882
0.22771390155
2.24553164904
1.29677353241
1.71443868801
2.88017469179
2.67139403539
0.439784610411
0.682313828496
0.437010641675
0.212089393754
0.239989705384
0.370844136691
0.221998900175
0.0
2.08911125589
2.61938408483
0.922596779768
2.43670940388
1.47424963769
0.731355569325
0.515456445515
0.13522050553
