0.0
0.0
0.0
0.138886818662
0.494037128694
2.176247472
3.09629203775
0.765408676118
0.651122751646
0.542498650029
1.79676018283
0.0761830378324
0.014722423628
0.464520264417
0.177039119415
1.34084552969
1.49065483361
1.96570106305
7.98176569445
1.04463315406
0.697827224969
0.144943296211
0.388941058889
0.076381332241
0.00267560314387
0.0
0.0
0.281035130844
0.595036736224
2.15456282161
2.32750680554
0.492271486204
0.304034547415
0.483922928222
2.75761367427
0.419930458069
0.017706269864
0.158108711243
0.198029458523
0.424097495852
1.40200817399
0.994170445134
4.81243704993
4.21189214732
1.03575031937
3.29981660144
0.987125164829
1.34869182389
0.0256762285717
0.010707376292
0.272338588256
0.0570883194159
0.65586997848
2.1314252459
3.31859571591
2.90803497843
1.40547273122
0.693997481139
1.40537495259
0.199059857288
0.51699507935
2.36176408455
0.101206777617
0.603761252947
1.25883523235
1.16651350982
2.60056897299
1.08861103002
0.560625420883
0.704228266899
6.52838440833
1.34384570026
0.744544105139
0.0
0.523846534081
0.497494895477
1.34013011795
0.92620493134
1.01990999095
0.980417031795
0.648863447132
2.74636150699
0.698916332796
0.752581365407
0.571153450757
0.0
0.956214133301
0.439648096683
2.66591152688
1.45288332313
1.21487847809
1.59054931998
1.36841047485
0.828390570299
1.2195349813
0.320473720552
0.868948552292
0.564215644263
0.470024826936
0.570858099498
0.567245073617
2.37301382842
2.4534819033
4.14020434208
0.593725706916
1.92994532012
3.66982638137
0.55373689183
0.263219076674
0.327793225646
17.6848645191
3.26848910656
0.406435918296
2.83623488992
1.39091574406
2.29489644564
1.40741029941
1.67848620191
2.3324927208
9.97623189772
0.113734085113
4.65900310967
2.51911283005
0.839132880792
1.25240431435
3.13391271676
2.19736787584
4.5142184007
1.63532670867
1.61056585191
11.6252744738
1.25542645529
3.41684973892
0.391954988241
6.85099660046
1.79033752962
2.20134434983
1.62732015335
0.996526069008
1.81260733539
1.25087121315
0.587535982253
1.93830338307
1.63807853544
0.335041576996
0.24911118357
3.95605613408
2.62462654058
1.86481576972
2.74601460277
1.69948681304
4.59163041227
1.32136277622
1.63919750461
3.49205201212
0.267747626174
0.0
2.61568479612
0.989228263497
7.41552821174
2.79883753695
1.32335778966
2.49707189947
2.46321843471
0.306362467352
1.04814768792
0.371519445907
0.766269240528
0.220163341612
0.265791884449
1.086588123
0.0601388812065
1.31270299107
2.39138448169
1.78330697538
2.18998360774
1.072382065
0.930545991054
1.32048014738
0.502400491387
