0.0
0.0
0.109192726435
0.0654572956264
0.548009599792
1.04209684441
2.16652414878
0.088848781772
0.036490753293
1.24359851261
0.769437242299
0.281140653882
0.379560092697
0.484304100275
0.29351853393
0.92521636188
0.281974034908
1.10128745809
0.981990553904
0.27990599745
1.35180746531
0.0544876279891
0.476510733832
0.276888226159
0.0405609102454
0.0490118004382
0.311782300472
0.0813907794654
0.0667358264327
0.717778324499
0.688029416837
0.0668069496751
0.63466481003
0.807654327946
0.763520975597
0.689889349975
0.0713243819773
0.133190780878
1.66648842092
0.86644221528
1.684826307
0.502424955775
0.516926584882
0.812958029099
0.261564764427
1.06928432267
1.7632665619
1.3726507714
0.0320769898244
1.31145338435
0.0253676796565
0.0
0.0661728928098
1.5072173439
0.358389718924
0.490750822879
0.618094983278
0.06734293513
1.10197918909
1.47012742975
1.69029972993
0.0495184245519
0.0908705368638
0.0496193900472
1.36812632438
1.49666675506
0.286952016875
0.409287152812
0.3486549519
0.286243159091
2.94311977131
0.773427293403
0.778501236462
0.00394022744149
0.140712857305
0.0811296934262
0.615612767288
0.562539544888
0.215367500263
0.0694398400374
0.143551945686
2.3694297364
0.48655985971
1.19567697612
1.10626815504
0.108235122636
0.29114480241
0.570453448221
0.67200195184
0.191877312784
1.12123634247
0.0631471881643
0.728121202672
0.679528971203
2.98401675094
0.798374136444
0.732774204575
0.824074286968
0.537844771519
0.89034830546
0.960979774594
0.493405696645
0.461161714164
1.98364993557
0.592534851283
1.72303517512
1.05258356431
1.15753938328
1.55940960953
0.0485828493256
0.734611955006
0.152217061026
0.0781467298511
0.651813872159
1.851056688
0.766237159958
0.629998042539
1.56721160328
0.829734073952
7.4470667243
0.180385752581
2.77420141175
0.0632621364202
0.151134717744
1.19608562393
1.72305633841
0.068251773715
0.359187575523
0.664182549575
1.02157935267
1.51987333037
3.11391400825
0.362966745859
0.986596285191
3.15576489817
1.55950650154
0.445684573613
0.288525160577
1.92145037302
0.674656435847
0.52303280239
0.89138114918
2.44027481938
0.982149343588
0.549454248277
1.92143130722
0.760918947431
0.708015528508
1.08050723933
1.68730884162
0.782661525998
0.787005552789
1.1060006693
1.21660193428
2.36861352134
0.229212956503
0.423592083156
0.0111157252686
0.0380967186065
0.92228636588
0.535935277119
0.665505431592
0.23860914784
0.796037260909
0.182382344268
0.942676251987
1.5832306298
1.45848110062
0.339019915205
0.323253691196
0.044463545084
0.0
1.01433795318
0.851805628277
0.0809602721129
0.669956888305
1.77382415533
0.179495982826
1.6146857515
1.20501849242
