0.0
0.0
0.0
0.00152898463421
0.543171492754
1.26083576353
3.07007877436
0.567532246001
0.361645329511
0.341375568882
2.27835096978
0.0191871342249
0.0628671358572
0.596040189266
0.21483627893
0.687299896032
0.260308526456
0.648907287978
0.715338934213
0.434208399151
1.03448038176
0.04764819704
0.0991698969156
0.222097180784
0.0282442733878
0.0
0.315313220024
0.0973540330306
0.0
0.753308711341
0.646647300571
0.027672983706
0.547029794892
0.610267933924
0.633831289597
1.09059566259
0.0546083506197
0.736243689433
1.88990693819
0.505231630756
0.876633648761
0.353262563935
0.587806561962
1.17407911201
0.340135425213
1.6743614825
1.44757186901
2.24671221332
0.122983991867
0.0349641591893
0.0955753365124
0.0537947756238
0.0605379326735
2.01545434701
0.524965924677
0.723004606494
0.550354456063
0.424267148133
0.914916842012
0.976110211923
1.94425386051
2.65452118544
3.78256349638
0.274220814928
1.2769243475
0.290870379657
1.3457292337
0.608373814495
0.397851333953
0.170851311879
6.43896926427
1.12723137136
1.24236447032
0.0334192669834
0.25302864064
0.7677139999
1.06033028103
0.85844899714
0.873366728425
0.103047944605
0.390978310257
1.19292921247
0.634142880328
1.1112593743
1.22118420759
2.25535812043
0.743219276657
0.845856227563
1.31377803202
0.258426015731
1.32597950473
0.28431157209
0.285891867243
0.2526003737
2.17883071955
0.430914837401
1.33704621764
1.16501749307
0.22295455914
1.02164279111
0.825659317896
0.669917450228
0.288107964094
2.32731476962
0.298011333914
1.61787372304
1.26289680903
0.83377567702
0.942157740239
0.0703848856501
0.514739390463
0.289419818553
0.0252863373607
0.4848938426
2.23053719226
1.35063711461
1.11532118043
1.43116051087
1.67207106145
9.75891684345
0.370686883107
2.6130785197
1.27702507144
0.0961049158359
0.609698804561
1.5238504461
0.423778255703
1.29032176011
1.08176090289
1.33749116072
2.24279915408
3.09593663458
0.484514493495
0.293606666848
8.69717351359
3.86232278729
1.51758001093
0.151066909544
2.74330842716
0.924759034067
1.07709318236
0.344874385279
1.2855846663
1.04804838356
0.411880142405
2.39222781779
5.74869437015
1.8950068797
0.950041467324
1.86761678942
0.582369945594
1.58735820651
0.929764294648
0.669226001482
1.88917329628
0.560086363927
0.18299631495
0.0580919160275
0.613373134285
1.30129259545
0.581670756685
1.10914359218
0.717175398022
0.939497039653
0.317968950141
0.873624479864
0.870774635812
0.607250566478
0.427264465019
0.795632181689
0.210526550654
0.0
2.32471777499
1.24138680007
0.159104119986
8.92344143835
1.58293763548
0.843889668584
1.97473397804
0.304909812054
