0.0
0.0
0.0
0.00157220230903
0.479941083933
1.77390056103
3.179275617
0.545737057924
0.378732598387
0.842636453919
0.69424130884
0.00377033371478
0.0334182974184
0.0
0.00559050822631
0.583387004677
0.108698535245
0.779792667367
0.893363802112
0.406971068936
1.503733702
0.0766594887245
0.227478355169
0.548744108528
0.00400280742906
0.299408830702
0.23903478682
0.0786623265594
0.0
0.63933538401
0.391191424569
0.101494265487
0.357157819672
0.616342333611
1.11652121204
1.22096057236
0.0150774579961
1.15383912623
0.676505054813
0.552004874218
1.03646111325
0.473448778153
0.804655364715
1.46737107169
0.381262996234
2.24790650676
1.29158837534
2.67833671439
0.102241894463
1.21051534021
0.221061317658
0.0799150103703
0.0403486378491
1.88862634369
0.569060893496
1.22860506136
0.66238802264
0.379339975072
1.05771693401
0.636808756972
1.58800546918
2.58348653
0.627062834799
0.249991350807
1.77751696855
0.210671380744
2.29757819278
0.626392153208
0.366793490015
0.319728759583
6.99012383679
0.719215003075
1.31822239619
0.0
0.236071443302
0.48459951079
1.13816742343
0.88663489325
0.761365167797
0.267250921577
0.394787750673
1.56754223537
0.840431480203
0.793829747941
0.744883771054
2.09550654236
0.561394342454
0.3259519618
1.53531818144
0.258282328956
1.36049839295
0.694114681333
0.261057056021
0.278750146739
3.01651710458
0.406282404438
1.22945801029
0.84253669763
0.271124719642
0.95089539513
0.898782601114
1.08039059292
0.219817860692
2.25738732482
0.241908115102
1.30289058015
0.749863930279
0.805436825845
0.470615015365
0.903970334213
0.588233908289
0.152024546172
0.045859105885
0.453493770212
2.28840181307
1.90572828113
0.972195608076
1.04201138997
1.8786678192
11.9887658991
0.163604137721
3.79396490473
0.94630351942
0.0782959247008
0.564856721205
1.32906736212
0.498227010947
1.34553239075
1.08383690612
1.45278961398
3.49277340027
2.95000528637
0.917373368284
0.184975717566
6.38805192325
1.62421294209
1.65449815826
0.303019129671
2.38214512449
0.934808638413
1.19421690749
0.181024235673
1.04357224889
1.02136151562
0.402130361181
1.82482082397
4.11039822618
1.23566609714
0.697911906056
1.83670587058
0.871729274862
1.74638969917
0.986148204887
0.566008904018
1.74878550693
0.632212562487
0.285739729181
0.0375543907285
0.318562088534
1.45040898962
1.03712264355
0.908799418248
0.783335638
1.07022732426
0.269967924571
0.803192387801
0.918180877343
0.787854106631
0.14366822131
0.452891751658
0.211994680925
0.0533718988299
1.24274054309
1.38759498793
0.0667066164315
6.55596901703
1.19457287528
1.48423157213
2.16533180652
0.50262277876
