0.0
0.0
0.0
0.000514048559126
0.399548518937
2.21964585409
2.72109225579
0.405704446137
0.0678557609208
0.596405620221
2.98242178932
0.022560353158
0.0497248424217
0.0
0.00343834934756
0.773493391112
0.28606069088
0.316816359758
0.272492668824
0.284266888164
0.833893575356
0.00075787352398
0.730247916654
0.337766189128
0.055629985407
0.249175705016
0.189543277025
0.113547946094
0.0
0.372439636616
0.689122715965
0.00176601903513
0.552138299914
1.06140269199
1.19045271771
0.448640048504
0.0739287863835
0.610742879566
0.949756103219
0.769775701687
1.06257698638
0.19321066112
0.350313430419
0.577202505781
0.409466239216
1.13510263816
1.77236378333
1.18123492389
0.0745391975506
0.385590660735
0.088852595276
0.0379364886321
0.058416060172
2.0082028287
0.235910617746
0.390948959976
0.267148849322
0.591059884755
0.974627883174
1.21341128321
1.18399883644
3.32967880741
2.2186114341
0.250001359382
1.06226658355
0.268378306297
0.67327534256
0.400809524173
0.307993914932
0.20499597257
2.34767038375
0.442289735191
0.936492855661
0.0189855271019
0.313260298164
0.619542223401
0.708272036165
0.569110676646
0.417828623613
0.198778111488
0.015920156613
2.43298409786
0.820381548256
1.63534342824
1.02753740456
1.45902810991
1.19933631085
1.05499259708
1.26498520811
0.192102938192
0.63213577494
0.271746465936
0.209475586191
0.424583828775
2.34616431408
1.08548511891
1.60592145403
0.528441230301
0.182682417566
1.41932730936
1.03473855567
0.3879080388
0.348900961922
2.33820072631
0.386267819908
1.46210620017
1.15722405445
0.966491109226
0.833605704829
0.138946857536
0.126451130491
0.171189872664
0.0273488280363
0.54755509505
1.98602145957
1.23991560354
0.879935568315
2.10814349388
1.38784311223
9.23634525784
0.143266380765
2.79484753613
0.173506764695
0.141233778442
0.710409639403
1.43704784289
0.177938145236
0.839000963722
1.15090622427
1.19121519057
1.7043983622
1.52036909387
0.421576259658
0.533561613411
1.23810322949
3.69634547457
0.988552121533
0.250068590045
3.04351480887
0.76221858291
0.748112204252
0.514862503624
1.95263298904
1.00228439819
0.438918068772
2.65206924127
1.5728043298
1.96076323465
1.09221975552
1.60488114809
0.366057190113
1.63723301142
1.04620087892
0.899082959746
2.5868387029
0.199394227006
0.491844835691
0.0351518173702
0.179752946657
1.46975168725
0.685050716624
0.527775533032
0.48949476704
0.968006970361
0.254919488914
0.702475763392
1.54096795421
1.18294159742
0.425412562152
0.215456333943
0.0
0.0
1.53194125649
1.64228534958
0.0324555297266
3.44400031128
1.75786375999
0.552512750495
2.77128696349
0.974948011339
