0.0
0.0
0.0804749950767
0.0490021718433
0.0820273000281
1.12068827444
2.29065803392
0.233993755654
0.0383309163153
0.991942405235
0.794854809763
0.176289454103
0.393041914213
1.87740111351
0.050675008446
1.00339587085
0.175736423582
1.55590608343
0.830273827072
0.382043237332
1.38770345051
0.0796584580094
0.107124749571
0.166373935994
0.0289325006306
0.0477719381452
0.362935245037
0.0321697732434
0.072454020381
0.858388590626
0.482671233825
0.0
0.752948269714
0.642089599045
0.756838411791
0.612804606557
0.0920184128918
0.154252555687
0.660198507481
0.750922033505
0.903820574749
0.321915557142
0.448444968846
1.13198480872
0.26358659938
0.905154254986
1.84196948831
1.10991015495
0.0396553867031
1.08810022403
0.331195235834
0.0
0.0815906196367
1.36464773421
0.335810970282
0.599838278256
0.569503108971
0.16780791292
0.752432359848
1.44205153378
1.3755974758
1.42447861377
0.0848284958629
0.864388778806
1.99265180808
1.50827880856
0.187657921691
0.454650556203
0.213411357428
0.458697749767
3.0182737438
0.465436306782
0.371373271919
0.0244009039598
0.186330106575
0.183636388159
0.712111797184
0.748502815142
0.160172482952
0.172946125269
0.170358918607
2.12792815827
0.529885931872
1.22100823664
0.362899535801
0.183654721826
0.337271300261
0.585195825202
0.580556249246
0.285275532864
1.05679467693
0.143814946292
0.958197570639
0.603392121382
2.13361100061
1.20204421575
0.663290318567
0.447915123776
0.442469723523
1.11983599345
0.864045679569
0.287478529033
0.478088117321
2.02315338701
0.706863773521
1.65436867927
1.14259725448
1.23056806671
1.64161354513
0.0459715209436
0.826234188688
0.130825422064
0.0314623489976
0.712458662689
1.63141939603
0.401603647508
0.598279217491
1.62902911147
1.1229110749
6.37552048708
0.157408162951
2.79187639337
0.0834648621967
0.083446925797
1.09751723427
1.62218808546
0.0635624267161
0.4913659296
0.456253520213
1.10924912407
0.742876215838
5.10084629757
0.745848509017
0.108221492381
2.01433591847
1.40498880809
0.503356413334
0.235288331518
2.27340267226
0.559818868176
0.855090385303
0.798839146737
2.01806822419
0.924032803043
0.250395887997
1.24776780605
0.534056542267
0.666503965855
1.32844351418
1.94801272289
0.898596791318
0.882906721439
1.31717100739
1.41995157395
1.92411987146
0.537873558234
0.370204216335
0.0528430640697
0.0123675749637
0.76779003581
0.565380485728
0.412574964575
0.341668421286
0.845557218534
0.159562938381
1.03497692267
1.53383987583
1.38201686804
0.355032125721
0.44783077453
0.262957900763
0.0
0.55376769416
0.449620660391
0.160887199279
0.987696058583
2.22359605134
0.0723480279557
1.58663398214
0.627790735103
