0.0
0.0
0.107835799456
0.000810249126516
0.0633852723986
0.884659395204
2.38803147478
0.311947083566
0.155513193458
0.789052702487
0.832214034861
0.047132157255
0.283470757306
1.70075377822
0.0
0.520418575034
0.138061745092
2.21807635203
0.713934157044
0.27097169077
1.55014792341
0.0626452742144
0.496809355915
0.213100858033
0.0124785783701
0.194083985873
0.737954080105
0.0226253308356
0.102401806042
0.918966354337
0.48828123766
0.0
0.598401481519
0.351990039228
0.901886991458
0.737106759567
0.189491966274
2.17199685425
0.645530160517
0.554810754955
0.974407398317
0.399940338219
0.335441639356
1.18798188353
0.0883437019074
0.922795796767
1.60328436433
2.0182328145
0.0103734810837
0.674106203718
0.193064784864
0.0
0.103581675561
1.39743111539
0.371709724655
0.649591639987
0.432357475394
0.194986633724
0.988306899555
1.03356589982
1.04858839477
0.0055387779139
0.391528434353
0.804914049804
1.80256277043
1.35318257194
0.239033009857
0.626561162062
0.226326368516
0.509295812808
1.80729867972
1.12898822664
0.60975192755
0.0401130970567
0.167839616537
0.956033606315
0.92331904918
0.7003702785
0.115178263746
0.107131392229
0.324529895559
1.80251119193
0.765156255569
0.594545099884
0.669182153768
0.270272584399
0.359690812184
0.544325492578
0.543840280036
0.221372964326
1.19864188589
0.153106139973
1.05104697729
0.673337019049
3.65258177929
1.41978426185
0.438685297966
0.491374172736
0.572475966532
0.898797594942
0.751191407442
0.349837206595
0.377093631309
1.91893238528
0.824144603685
1.33844420686
0.780970201944
1.0729516861
1.44951622607
0.0141335251392
0.898597353254
0.0710566051421
0.19747508131
0.738340131938
1.46577893221
0.407034435775
0.620316668181
1.53869151941
1.05963771045
4.6780386914
0.0755421742797
2.03664163779
0.0598378608702
0.635146750545
1.20349590929
1.56206976157
0.194662588183
0.469248813577
0.543244797271
1.26528378075
0.542443352984
5.4617395997
0.58256255975
0.107222950435
3.21897300612
2.09139406378
0.253285338636
0.227353890426
1.96790224267
0.646811331157
1.40971839917
0.681484066416
1.75039162533
0.53382628737
0.413582447916
1.65055154637
0.38632634221
0.570436711423
1.48175108619
1.21095425263
1.12001775391
0.827725774609
0.914062041789
1.27426623565
1.60967060341
0.367304205894
0.619428841397
0.225155562162
0.00864753266796
1.59317758988
0.684941957705
0.691786002833
0.236108766054
0.885439592414
0.0712180049159
1.1393835902
1.6614312944
1.05375887838
0.792017253116
0.441725687357
0.334158420563
0.0
1.5034013226
0.501120033034
0.171527074184
1.16420599783
1.47125407495
0.0
1.13309350237
1.14739726111
