0.0
0.0
0.0
0.000581169151701
0.650666472618
1.67650929466
3.06407063804
0.44772365829
0.309377497295
0.611305556726
2.30574635137
0.0149916388327
0.0669640281703
0.596040189266
0.216753619723
0.837138664443
0.179321423173
0.582391005009
0.464498994872
0.207081360742
0.828164212406
0.0202403012663
0.152274362277
0.43208912015
0.0226561126765
0.192428410053
0.227428019047
0.199978848686
0.0
0.597593684681
0.630400124937
0.0
0.603880578536
0.61399677943
0.495272420347
0.872939735651
0.0606396647636
0.829658284783
1.92974320985
0.720635208068
1.50623436272
0.383849113947
0.383421360748
0.933067186037
0.289535904769
1.4108992822
1.20752144279
1.3984305237
0.0521800165297
0.399908342108
0.0204880643578
0.0512132323347
0.0810145232826
1.78879714361
0.386448401958
0.322263887851
0.529631014913
0.481399500044
1.12739729695
0.968905026559
2.34787030425
1.13115139585
3.78374006599
0.0382933225483
0.937951569911
0.619793695165
1.20329249243
0.516224782506
0.439053065144
0.120324935764
6.57161363447
1.05490703951
0.995565537363
0.0640547639341
0.500839694927
0.920466355921
1.06764520239
0.66090027988
0.806892627588
0.0578805487603
0.295321771875
1.44174190518
0.596583205275
2.11199182458
1.34893387463
2.3465921022
0.516318314476
1.04929208278
1.55448712729
0.225258362247
1.08454162767
0.269013158046
0.269298206083
0.252594715916
3.30615464505
0.863543171319
1.45776127512
0.863255755976
0.2508379668
1.12127814442
0.742977999151
0.694895258814
0.22961658542
2.17942113546
0.334712413605
1.3375300467
1.13565174839
0.959850601328
0.445287595037
0.0379680758342
0.575817300938
0.285157212114
0.0125124556944
0.383123253472
2.13745231571
1.15613033017
0.918232382042
1.20091977762
1.97827867104
10.2809762715
0.140808498487
4.23442769609
0.418757612351
0.0707553150132
0.604903135449
1.41051395261
0.337699888856
0.878085501783
1.02910231077
1.46033134847
1.92493643268
4.30223722663
0.416215447709
0.770883048885
7.78511269274
3.68210763764
1.04568059946
0.192210878187
3.0354400865
1.03047011979
1.13043449982
0.303522653878
1.39256494399
1.37339221337
0.37786198128
2.24896092899
2.88929374967
1.63180350792
0.960952186957
2.00985955447
0.627406256739
1.81016516127
0.941575908102
0.728908492951
2.38482779823
0.844549962319
0.115780511871
0.0334716399666
0.407745462726
1.50176064833
0.731513020582
1.0449246245
0.646001426503
0.885724582709
0.208795639221
0.758398711449
0.96775186318
0.927031865809
0.492672123364
0.713685894385
0.0303474776447
0.0
2.10820334539
2.04118736205
0.266983445268
12.022436128
1.42918377928
0.690324257128
1.57841158262
0.218617731822
