0
0
0.0
0.00123846565839
0.214463704266
2.25682586432
2.81275320402
0.323837241158
0.0629198106471
0.623132496141
2.96648742259
0.0407971846871
0.0718230984639
0.0
0.0159453977831
0.548311488703
0.310331203043
0.252336326987
0.315106925322
0.242377943825
0.899597927928
0.0441917565186
0.635305278935
0.322064340115
0.0627052113414
0.290614388883
0.236947372556
0.165291032055
0.0
0.545068046544
0.630236794241
0.0
0.650751782814
0.93922247435
0.767124606529
0.500999346375
0.0702895888826
0.402856106171
1.73941418342
0.627136117779
0.97534238128
0.117303207051
0.356359722326
0.469641500036
0.361873488175
0.620771896327
1.57310840883
1.47756543546
0.117639460077
0.516153598204
0.0228216328833
0.0329254204407
0.0149693045532
2.0235215181
0.335344314575
0.503380159615
0.500159699237
0.23273294582
0.94138133456
1.20532090508
1.29666050884
3.7015444478
2.57938349387
0.464113703754
0.546704487759
0.413601987064
0.596718262881
0.402318707522
0.336035306565
0.125990530942
2.07937225047
0.862468155101
0.778437062167
0.00225650792709
0.143345902325
0.786395032424
0.617750059813
0.608300726861
0.281244562939
0.152172625065
0.0277614397928
2.05089400057
0.854844300076
1.13531728648
0.860181620345
0.618679109961
0.953078241087
1.0944966086
1.42186481843
0.182897852268
0.892014307901
0.150671938434
0.288565417606
0.474391056807
1.48268365092
0.690602953779
1.3130562033
0.667808664963
0.207978654653
1.29711051285
1.10667165252
0.462769577716
0.366378679872
1.86917126086
0.422329228837
1.24841332948
1.16074119648
1.14140179008
1.06401357288
0.352276897058
0.134178186301
0.193530113669
0.0417148666456
0.532746868208
1.62478608917
1.11623613699
0.502089882852
1.83499310771
1.50985733548
9.62564211735
0.0313109057024
3.46907321154
0.112858923152
0.165700091748
0.839696832234
1.61511494964
0.186332979705
0.510591408587
1.45745682041
1.22420442919
1.35011439887
3.32052033721
0.183029168053
0.146774433088
1.01342357002
3.47202392109
0.830747356638
0.277228508145
2.59888314852
0.797149465652
0.674116271548
0.504360524705
1.82758798683
0.797970548039
0.366307045333
2.83636471257
1.5517203575
1.19838157296
1.05270957202
1.71326760715
0.333351036068
1.61028939812
1.05801242008
0.914319182979
2.77263070585
0.242883992381
0.564468177035
0.0868052616715
0.261427782476
1.57051889121
0.693836465478
0.686930206371
0.470982983708
0.8931095195
0.186074095313
0.71520065912
1.38219742221
1.57538834034
0.448232970433
0.082509966509
0.0
0.0
1.38318019873
1.97439057739
0.0561569053098
2.48079175422
1.84302385338
0.529455594718
2.8488056846
0.550449447706
