0.0
0.0
0.00132882676553
0.0883857230656
0.372894612956
1.6449302765
2.6556642456
0.0421403804794
0.0360012426972
1.02274416678
0.731733659282
0.445314552635
0.361899926793
0.667208053172
0.301608085632
0.589011259377
0.364563668263
0.663532845676
0.730250962661
0.309997413307
1.25145070814
0.117933328205
0.499333174434
0.282001286745
0.0957362237386
0.0
0.0
0.125388219953
0.0371373817325
0.872767808614
0.654648044612
0.00447719823569
0.741811923683
0.60578590841
0.766353253741
0.620678488165
0.088443917688
0.316458106507
1.27292084577
0.26399571955
1.80392024759
0.148817099165
0.364463776583
0.758927181363
0.310199458501
1.05835476844
1.72142153024
2.07488672575
0.0178288994357
0.46622545796
0.0950714209466
0.0573726179427
0.0379032180645
1.4236537391
0.275796379894
0.594361642317
0.769413756672
0.119138992159
0.986629916355
1.17222215293
1.56796877552
3.03695478826
0.261850760784
0.109664688935
1.18626504391
0.802692842437
0.299298425904
0.4759677127
0.458701399562
0.270126013784
2.41871018999
0.77518941788
0.990266876295
0.0
0.327739874367
0.0893419096246
0.68691711314
0.509554455057
0.263138338923
0.0676220855676
0.0634532831609
2.04946925491
0.510852367617
0.739494281821
0.465021189069
0.500747032464
0.438904275594
0.658887159778
0.997099249158
0.310865312815
0.812416043133
0.118214542978
0.473956123344
0.391268277541
2.24442019779
0.570254242048
1.47763386532
0.863177126274
0.333181125345
1.16563767195
1.082382828
0.651025734842
0.482229986228
1.56802804861
0.437874297146
1.42576867784
0.805891585187
1.23774243332
1.23102283198
0.087312866468
0.773224413395
0.273709016503
0.0359401330352
0.467368485406
1.45361721539
1.19252387155
0.646338150953
1.68284572545
0.837010178715
8.14131567953
0.204655362526
2.22742566653
0.11684743315
0.152500484604
1.0344719151
1.56146244891
0.0997167103924
0.350023818901
1.27712088614
1.21306582913
1.46136690164
3.44369930122
0.504311807686
0.682528624602
3.09924198652
2.91811613413
0.724798622075
0.261794932769
2.46462211432
0.602475865744
0.641132791759
0.736960428185
2.76746749855
1.3610256426
0.452069651801
3.05161830038
0.984681235277
0.791629408603
0.948216801975
1.74826362729
0.661579462234
1.36727827974
1.07846854907
1.28939292976
2.72581015935
0.474565718323
0.587387137115
0.0145280949655
0.152638772037
1.44450666959
0.61786997132
1.0376389497
0.562475640676
0.914095868357
0.610391170485
0.858389372472
1.09475447377
1.45127881865
0.725973684574
0.295510294731
0.0
0.0
1.43426918285
0.970086045563
0.042821879324
1.28686037957
1.97702033073
0.287384906784
2.59560133517
0.637980201049
