0.0
0.0
0.0
0.0029670780059
0.442812498659
1.52522288589
3.03753672959
0.467582620215
0.380851299968
0.49502291996
1.68655520864
0.0102696651593
0.0363019894576
0.0
0.203809067607
0.69307850115
0.229870265583
0.791669076774
0.819008782506
0.356327119283
1.34487374499
0.0393699873239
0.0753088463098
0.383527075872
0.00113624043297
0.286893330514
0.268470197916
0.0964381173253
0.0
0.752825256088
0.670576774515
0.0656848492799
0.422366168117
0.717985919677
0.806430560304
1.13225007802
0.00880310963839
1.36253670789
1.10513516283
0.435133447871
1.00900595682
0.430989517015
0.640335761709
1.14108136087
0.342107449542
2.08966439543
1.12278547115
2.46047037793
0.108772893436
0.140873618657
0.251329534687
0.0498628104106
0.0376827362925
2.16749284719
0.528621471371
0.996369887143
0.75726836978
0.375295314007
1.64565523155
0.845821672119
0.896719593671
2.59428413166
0.462390623987
0.283902797848
1.50627067685
0.509621263016
1.87430461543
0.642412867863
0.435990628786
0.255308788735
7.22891248716
0.844597147545
1.24224365875
0.0145521853119
0.237210570136
0.619068245112
0.968824760988
0.917057708837
0.69799477607
0.186356601305
0.414525806904
1.08673742972
0.871803126298
0.783835211303
1.03380461317
2.69492435455
0.699630296091
0.754837749468
1.50484354026
0.245631192345
1.29724181956
0.446055250708
0.271947372006
0.249646855053
1.93648021016
0.757835479453
1.30700687133
0.915224587545
0.239184236852
0.990138586611
0.803642723709
0.866786390892
0.297534346581
2.38144105859
0.187243539607
1.49209120567
1.09355378337
0.87584301969
1.08529517241
0.0119795913342
0.40718759445
0.256641523214
0.0280198529363
0.507815575227
2.08419765905
1.72039247211
0.944801037665
1.30269613746
1.83577283355
10.1330266353
0.364600853296
4.27902843198
1.29440548131
0.147617003822
0.685578945267
1.44534984732
0.488269722089
1.32983526849
1.17762640934
1.64664078411
2.76006592088
3.43325708853
0.515559814521
0.0
7.3546915045
2.61298076157
1.63617181778
0.229209414218
2.2228869102
1.01097767986
1.05106480955
0.250368834008
1.28843490919
1.23085577239
0.552048031241
1.53792863456
4.29900292261
1.43176182965
0.938018464483
1.67422237783
0.93357922975
1.76930192858
0.851092668483
0.611300737131
1.64292192203
0.346141632646
0.201910706237
0.0867831313517
0.378841146827
1.32828737109
0.595724126324
0.661902331747
0.832146882778
1.11101899762
0.28056753939
0.88499343954
1.08927975036
0.544991096365
0.361724909395
0.606268430129
0.312809772324
0.0
1.80358589068
1.45969142225
0.0260563076881
6.94201846351
1.39746835083
1.70551717933
2.02748680674
0.356880293693
