0.0
0.0
0.0
0.0
0.223342212324
1.77510520717
2.57958727819
0.0802852828056
0.0578242682386
0.76092262473
2.16499661654
0.0625359611586
0.091636965517
0.0
0.275102993473
0.468495034613
0.226748385583
0.0910107903183
0.579224465997
0.272775911726
1.02455555834
0.0446183682652
0.546045525931
0.279345481656
0.0498773884028
0.0730536729097
0.302446037531
0.127441495657
0.0
0.563963719644
0.639974178746
0.0
0.690692196484
0.672231094213
0.773507538252
0.872408874333
0.0936393234879
0.453414080432
1.05240883061
0.596778061474
1.29522088543
0.225368689746
0.267053990625
0.427650275873
0.405460394279
0.701982454979
1.56367547181
1.50510772364
0.0800417829305
0.604405411053
0.0171465933963
0.0247288914397
0.0290852480102
1.84617384034
0.319919734029
0.565771650872
0.658099485096
0.194571595872
0.492858934216
0.813779568532
1.49141214637
2.893560695
1.49382521212
0.95083258301
1.02712948248
0.496369617758
0.518990427256
0.367852530675
0.324476804293
0.101523929508
2.11852637213
0.752660737489
0.780500845984
0.000693016510922
0.103993523982
0.464581660926
0.561596870422
0.471438100561
0.287850591354
0.216143418103
0.0242202535737
2.12182319909
0.646486052312
0.666553083342
0.765493670478
0.775293886662
1.02491228213
0.754711037618
1.19521533418
0.249352620682
0.895855671959
0.138502290472
0.194621896138
0.510687277419
1.47032368672
0.405012302566
1.30320618441
0.684305500239
0.204230247007
1.15370468795
0.858421804238
0.631813161861
0.688331758371
1.60647094762
0.458885251079
1.08736901637
0.90312807553
1.21450545918
1.00117531093
0.363306041574
0.174158774316
0.193124632991
0.0259172581136
0.357199050486
1.96186699858
1.19334724592
0.543753416743
2.11360135931
1.11331999744
9.83138862788
0.235922681168
2.85394104733
0.11751896143
0.15112550091
0.832897900546
1.71827383712
0.161939726328
0.515920992941
1.30937790824
1.3540551262
1.28861780954
3.71080407081
0.651511755772
0.143421673682
1.40910060261
2.79227670748
0.946014962159
0.254205177538
2.7992496416
0.735800324706
0.768765317043
0.637163498555
2.19898616802
1.1073571312
0.401305177715
2.57169543672
1.03688678631
1.13020217861
1.01548362151
1.94727254147
0.477224764647
1.42481105961
1.04100782983
0.800265952945
2.91801605752
0.466099852696
0.479137541726
0.0664030946791
0.51240775222
1.89993890713
0.621987245977
0.801297005382
0.536256799474
0.855577194598
0.284308284521
0.686608852935
1.4089368328
1.59779446316
0.523085955763
0.231886120629
0.0
0.0
1.4936284814
1.70043617589
0.0675911071012
1.32088275783
2.00202308968
0.361660696566
2.7198009789
1.17156450986
