0.0
0.0
0.0
0.0
0.315351257566
1.56211574894
2.69491788698
0.0401619384065
0.0466138413176
0.888420052826
1.51562781632
0.220988436136
0.199170948705
0.483300805092
0.290075168014
0.476935967803
0.390592904529
0.319047726691
0.678250391735
0.250620360486
1.04358503758
0.061013692175
0.411342407577
0.28317296505
0.0880881240591
0.0436575971544
0.189523354173
0.242554720491
0.0
0.687899348093
0.694780169986
0.0029656465631
0.66850070603
0.570431326749
0.759128270671
0.863267701119
0.116886921867
0.176362201571
0.800634799351
0.370876954403
1.15597443562
0.0930401335354
0.259483507019
0.69660576852
0.256457312382
0.790033971192
1.48168696754
1.97221942106
0.0769939655438
0.321705526207
0.0372547667357
0.0147635922767
0.0366147932946
1.53301320586
0.199129709159
0.670605290565
0.88133730588
0.124029692262
0.504064010456
1.28401506878
1.76470416307
3.0463947379
0.90440389514
0.130059744173
1.11588644423
0.399826260749
0.397500725463
0.457430705428
0.454321053403
0.131573832594
2.59497202607
0.744748763274
0.783377738902
0.000883154105395
0.167588176846
0.214095252566
0.461289710365
0.458483122289
0.275692217052
0.215380075388
0.0402499828488
2.10910784081
0.654927467927
0.739673923003
0.537736134138
0.521142071113
0.658159571583
0.781778913923
0.952274774725
0.326794954017
0.852234082064
0.134840123355
0.350997469126
0.378635003231
1.83142274432
1.01669729128
1.36151329102
0.692425745423
0.391643565148
1.09699648619
0.983454697707
0.502919286489
0.530606084503
1.59415953746
0.521726017818
1.09368948638
0.847092232201
1.52647846751
1.28090044111
0.0187737187371
0.254190144595
0.267250356439
0.0159481335431
0.409268707037
1.55701516662
1.0979992795
0.588465353474
1.94144145399
1.05512648087
9.75799347274
0.306889632717
2.72680575028
0.119359381497
0.133785008453
0.85688573774
1.38339021796
0.164924518205
0.41874239035
1.22151295375
1.14365977305
1.1516978126
3.41790441424
0.637005009223
0.197193453554
3.15798036498
3.01225647517
0.993549488427
0.288772408036
2.32654764457
0.64792775875
0.747083370341
0.618113716831
2.65812326409
1.11486135446
0.365987416357
2.71352199093
0.824940326565
0.928037649021
1.02315758867
1.69423817098
0.476204155479
1.45223905705
1.13621308142
1.04899746925
2.78616389702
0.492817461491
0.682579122484
0.0736525755492
0.536285467679
1.75599587895
0.678481411189
0.817896303255
0.688080906519
0.739322720561
0.323818926234
0.786953094881
1.27343979548
1.52501113515
0.538662234438
0.278112424247
0.0
0.0
1.63557428124
1.34588208876
0.00650432582916
1.32317031166
1.8463823013
0.431001957506
2.64170533419
1.21492723236
