0.0
0.0
0.0
0.000553449208383
0.555197980721
2.13330433401
2.73711505521
0.480121002533
0.140864739195
0.434876948595
2.59503544681
0.026039426215
0.11251010967
0.0
0.214123412967
0.966187611222
0.178804814816
0.505844999105
0.421302694362
0.213546728715
0.863933570683
0.0048697842285
0.177021176554
0.418995328248
0.0642396323383
0.236386630684
0.362935215235
0.108864337206
0.0
0.366078749415
0.724972546101
0.0
0.662159650121
0.609786511865
0.520763155771
0.898816224188
0.0502764075063
0.842699242756
1.9421002157
0.78176464641
1.64998790808
0.307951621595
0.381325701484
0.955032138969
0.210948696709
1.44188386109
1.73007636727
2.11924779665
0.0155414610635
1.13693543139
0.0368937912863
0.0285675826599
0.102813030593
1.96266719676
0.382944469806
0.337774723535
0.438143140171
0.428031344316
1.25090726302
1.40024916048
1.69426374929
1.81504213251
3.49618077278
0.328510722145
1.00646732189
0.423171829898
1.0540697379
0.47386225994
0.38161012996
0.215652243118
5.92814985965
0.580256079324
1.04493556765
0.0624377867207
0.811391107854
1.11313110794
0.622497294098
0.698077972978
0.733957048389
0.108674749732
0.0868520704098
1.81330598611
0.561587057076
2.29301263858
1.22714378219
2.28548336402
0.462121041433
0.996149011946
1.57919465564
0.243184532213
0.95241528796
0.293381430209
0.285622500814
0.271089683985
3.14144083182
0.625194991473
1.90081882104
0.937330155633
0.30614069663
1.29242334142
0.83675461635
0.458361897792
0.421399101731
1.82822816446
0.29258663347
1.49351207097
1.26645697793
1.00892540254
0.662450478529
0.158902795636
0.540836386848
0.213862600503
0.0126146925613
0.493906006217
1.95446118014
1.257374682
0.778752095066
1.57485292247
1.89096839912
10.3749865391
0.147785216337
3.37747910991
0.208633785136
0.0574619586114
0.642196120694
1.36725678539
0.336997225881
1.26066721976
1.16725753085
1.1292177937
1.58259208163
2.51641792152
0.698626270518
0.893176740501
4.30816320999
3.84703448601
1.13415981235
0.230237603246
3.29663900274
0.949348350987
0.710602941224
0.357724638074
1.47008499596
1.43974455225
0.295477308333
1.2384137729
3.15755708067
1.54318132717
1.13578675967
1.68605450913
1.07293735351
1.83629876934
1.0020393969
0.771666004322
2.57665260637
0.617142766714
0.208598833531
0.0291839361307
0.393367376411
1.73896807921
0.879868519492
0.918584041297
0.608835097053
0.993402790278
0.232220763806
0.693289011717
1.23207753879
0.869729760336
0.376007152721
0.431456763297
0.00697704218328
0.0
1.86770476587
1.59356081206
0.257288712659
8.78621676937
1.47042035498
0.677759230137
1.69795128051
0.197135302704
