0.0
0.0
0.0
0.0356137356721
0.326838329667
1.11595190549
1.72072023875
0.281335211941
0.0176385389641
1.53511559125
0.870969652431
0.195441816002
0.240555454395
1.23842298985
0.151910113171
0.334380803572
0.204035490751
1.67647923122
2.01808106853
0.110509380698
0.87110970635
0.44686048571
0.683680188376
0.0111252255738
0.0568780209869
0.0205493266694
0.540789246559
0.0205843821168
0.131913736463
1.00741704562
0.544330756413
0.154458823614
0.0899891962763
0.457920663524
0.205211528926
1.08768591797
0.068353401497
0.204510707408
0.472836160683
0.362225864781
1.16150331311
0.919235307956
0.309887697571
0.118945528753
0.201262260089
0.721518131206
0.678562487243
1.14592751674
0.295774145052
0.545230946504
0.237677038414
0.0
0.305109543726
1.73789052875
0.266640728922
1.38418168761
0.6296297675
0.0856804205105
4.8249773467
0.919878451037
1.36740897829
0.930590867996
0.00194064190146
0.0273487325758
0.990308971144
0.428310295101
0.428641765146
0.86354083987
0.122067878954
1.29408479657
1.99181135511
1.48222316266
0.571149035357
0.0195358032361
0.0969532948802
0.288753019646
0.343230240047
0.431676178123
0.0270295897499
0.0143965613097
0.353506944142
1.7424323801
0.836355708539
0.965889645973
3.29222943459
1.49025171692
0.0340320010437
0.262808658183
0.65448341798
0.0484590837732
0.873176332796
0.331069511361
0.974612387829
0.797628046479
0.906329268124
1.04087663721
0.48796913377
0.186960335704
0.249291615037
0.594298703596
0.105608873069
1.15366243245
0.194855849259
1.62811180949
0.705729674548
1.11346341483
0.356035558623
1.01135764259
1.13886997825
0.0504774863366
0.305547994096
0.0321906659519
0.105679659173
1.04110491276
1.48118567467
0.424844424706
0.774094462395
1.06056466955
0.635424918495
3.82137339283
0.363886081846
0.910115201492
2.14173528715
0.0346565250074
1.50878590927
0.977198424749
0.535282302182
0.289792670752
0.696611576714
1.08311940311
0.647907886188
2.23475741595
0.473484070739
0.761805191636
0.12434192287
0.262251501495
0.0962982941419
0.390909353271
0.519254734041
0.826085362583
0.987872927915
0.470715876669
0.68821960839
1.2523816746
0.414642253891
0.932585524395
0.838743699656
0.538862916292
1.88703353703
1.15005472745
1.47591362137
0.508199753356
1.25186241046
1.4274139948
0.900606747949
0.0210564893205
0.455979365855
0.0835199505091
0.0
1.02260179631
0.324544186471
0.323996882886
0.0675005547237
0.626581877936
0.103764524218
0.876275900751
1.86280013272
1.14329828921
1.11663819663
0.214791147504
0.219624146819
0.0
1.42902435362
2.00666806847
0.637365674775
1.38700378384
0.655966928229
0.741942957044
1.09076043218
0.252126381733
