0.0
0.0
0.0370208881795
0.0246600727551
0.096204762347
0.813908100361
2.35813753074
0.251513197785
0.113553771749
0.898372904398
1.10845140927
0.0847944478737
0.496093606576
0.956564828753
0.389286786318
0.900001693517
0.218166777864
2.01766397059
1.03436971561
0.167893897742
0.854829199379
0.0361495641991
0.645784299821
0.241207058309
0.32289525785
0.0748647078872
0.574095726013
0.0375161282718
0.0934463515878
0.87252335716
0.300463057996
0.00425074284431
0.320673153154
0.556370627368
0.820214228472
0.583035254851
0.0843317516847
0.47072312329
0.233143281192
0.484920758754
0.953393686097
0.626774669625
0.297423359647
0.834057275672
0.210891957162
1.39843051467
2.02878449159
1.51749274426
0.0378552681068
0.16285352991
0.445312222815
0.0
0.127074390068
1.75596539397
0.316979311872
0.650652920594
0.515448210528
0.142668940825
0.698729524156
0.829841848696
1.14198756922
1.43901606323
0.263286676724
0.647975448519
1.33309964614
1.06030139513
0.338402619585
0.799756339751
0.248903773725
1.26167215686
4.28916335292
1.57784843701
0.367028331384
0.0252569400473
0.232749989256
1.21013624221
0.47732719034
0.465185546316
0.0323021961376
0.121782541275
0.210549222305
2.05308756046
0.574987695785
0.565456392476
0.831125851721
0.215290404856
0.288208932849
0.780106417486
1.17996080965
0.215578395873
0.856208644342
0.18067530822
0.625993553549
0.597261850722
1.65971317794
0.657450916013
0.61176921241
1.35887957294
0.582683906076
0.531133492477
0.54960885644
0.41113393422
0.122358773369
1.64566946728
0.883310965961
1.12325736368
0.525945319445
1.00323933037
1.43998776749
0.037934678141
1.0970429061
0.0842623752542
0.117219168693
0.609391614038
1.16416636528
0.25926905009
0.680040077073
1.16916824086
1.18789191026
5.75948533602
0.0417216159403
2.68713019835
0.105922073126
0.269943910651
1.2060865853
1.5617185086
0.288944637869
0.682322911685
0.757957043592
1.02480912721
0.75039750291
4.04117877223
0.505144017399
0.235712794587
1.5315499194
0.981742684497
0.299091882189
0.295300336496
1.06832110789
0.732887378894
1.51742734225
0.670459537534
1.51099430467
0.475886924542
0.356264846982
1.40720140934
0.603228697961
0.546727736015
1.60440381616
1.47792154364
1.05616929266
0.767470713705
1.46025561681
1.21936280536
1.24797466444
0.412303740159
0.617513343459
0.0308193782694
0.0147401699796
1.33231983188
0.982827078085
0.450164401904
0.445831783989
0.720943279564
0.0392074976116
0.835618409095
1.39298642986
0.685901899007
0.898583759554
0.142779742368
0.0906813293695
0.0
2.40875430033
0.921696973499
0.568799510598
1.2239846671
1.69393113256
0.193849440664
1.49387488165
0.967370618135
