0.0
0.0
0.0
0.03311990574
0.365987892612
1.0991586739
1.5773071138
0.266122109431
0.0113873602822
1.56183538493
0.977590472437
0.15144380834
0.649305675062
1.07692539692
0.131570101716
0.297202371992
0.184950724244
1.84861481236
2.10410469188
0.101819731295
0.712185118347
0.225773924496
0.811280899681
0.0777289066464
0.0619211138692
0.172980910633
0.0
0.0308582838625
0.15887697041
0.904323181836
0.36268155463
0.170248990878
0.0471627307124
0.569682175526
0.137501284014
1.0469110054
0.0622892789543
0.223965491168
0.433678578818
1.03504926851
0.984322018921
0.738793309836
0.397677614645
0.136498613982
0.168425648939
1.0171229667
0.834456444019
2.16762269405
0.001532695489
0.507804891095
0.0644234665087
0.0
0.337298266415
1.61417841166
0.206317248172
1.29750005342
0.482443400193
0.0451845661737
1.93724143179
1.34667283692
1.33224299399
0.631200969219
1.02229836676
0.0145509317517
0.969613256864
0.392648591194
0.353970046213
0.962358814199
0.109814548865
1.23358163331
1.88538337126
1.22377425677
0.763650413253
0.0194228598848
0.231926873792
0.299834287725
0.389799505472
0.617134035914
0.0405835332349
0.0996100576594
0.30754728429
1.86773914751
0.770314480178
0.745331059908
3.92805929168
1.24906930025
0.133886857308
0.261170142097
0.751779003243
0.0556491422467
0.850785970921
0.30372463353
0.833097839728
1.15495231538
0.996923421044
0.48031126312
0.402383651119
0.435526200046
0.515379316988
0.440610736609
0.149458512664
1.33208560152
0.190763922525
1.94113745354
0.774771574419
1.03951434279
0.719842279563
0.983693979215
0.827412605286
0.0508024289738
0.426571037853
0.0350513753947
0.0209692679346
0.977432164364
1.60557536478
0.441955272574
0.661770710954
1.41334847128
0.478758218698
4.24457845371
0.00145411828998
1.34790528298
1.52823075117
0.0688103288412
1.27701257449
0.792823720491
0.533022203948
0.197107380722
0.727313544136
1.10626470041
0.666946788377
1.73794099805
0.933841819118
0.500749210129
0.137420286075
0.39012121869
0.232031526975
0.418043076992
0.578446854139
1.01686473191
1.20479134331
0.681212922558
0.678341999417
1.54495767818
0.625546906143
1.29229252972
0.77307617187
0.633026077587
1.70663859136
0.862348243885
1.46216257277
0.318434210145
1.48493321985
1.62404443184
0.997282443685
0.137257134076
0.310078386217
0.0612025961746
0.000450976978755
1.03463331447
0.292048626114
0.256829699501
0.0676289831754
0.775233194232
0.0982809187844
1.0042964709
2.05666156486
1.08531118475
1.15392591618
0.211631672457
0.092191264499
0.0
1.75596492365
1.70024067163
0.889821293298
1.37191188266
0.454537591897
0.707142250612
1.29823351651
0.356162434444
