0
0
0.211198315024
0.0565671734512
0.193581046129
0.479971170716
1.57921552123
0.532792321756
0.117952357978
0.633818143047
1.37802601373
0.742646352388
0.478608100675
0.721674382687
0.0
0.170221608831
0.265449400991
0.728919381509
2.77938734135
0.909967008978
0.627504158998
0.246259510517
0.412099272478
0.0772389250342
0.060083758086
0.0369719171431
0.0
0.0193154457957
0.12695454061
0.14386891335
0.508870658814
0.0310783856548
0.0642479606904
0.59966461896
0.884255667683
0.824342488311
0.354455552995
0.0513990777545
0.0674707730068
0.0909277661704
1.1100318766
0.656973510573
0.440297050169
0.20469187072
0.0813408317044
0.567936699837
0.625435208902
1.73263771413
0.32933173934
0.512311175466
1.22206162475
0.0
0.0225779193861
0.858976985561
0.580661593936
1.21010644548
0.669700352941
0.0993069848046
0.287163509638
0.582551952451
1.12769057724
0.194723784924
0.0012618576875
0.0414232782205
0.773307087831
0.568674778566
0.62947645376
1.24017915409
0.0704398381058
1.02992298687
1.35452495888
1.1449182494
0.232739014085
0.0175049024401
0.327403515577
0.311659350526
0.0643486008048
0.440236867173
0.0977663137019
0.144099942874
0.324656716548
1.43989918381
0.358058606042
0.895787290297
2.64905551856
0.406577526359
0.0566335656331
0.309078237449
0.337487758021
0.0473037697375
0.663812071551
0.462764147669
0.902462797938
1.42782831611
1.25963077205
1.02766463917
0.911279978929
0.605293529341
0.441830829717
0.359640295617
0.024561968632
0.595658059232
0.0603767408757
1.77053573809
0.313854627777
0.767780880909
0.305905486224
0.85040950845
0.29401134979
0.0176451648585
0.122688962263
0.0307222973788
0.294713646173
1.55172027741
1.22587706568
0.284671417437
0.720717612654
1.27265236445
0.553428033367
3.86393489363
0.18385288585
1.1549403707
0.376686003059
0.260892502498
0.490575103322
0.703638550825
0.507686312776
0.283108344302
0.726913755992
0.785767879104
1.16517213709
2.66191590484
1.31292594713
0.265264018322
0.792538791429
0.33346183598
0.216207711259
0.541574254632
0.758993756492
0.862398437923
0.810052086366
0.456386262784
0.40010706475
1.56591877784
1.15399493848
1.37963916548
0.33182372991
0.500801884336
0.893954284489
1.14765048213
1.16767889843
0.559993114381
1.03209647443
1.591810663
1.48913124471
0.0721389288083
0.339280493557
0.0215117686894
0.00233424827456
0.642474407912
0.183957013069
0.333005190361
0.0161496344954
1.04660859879
0.18920946354
0.796548242215
2.10290418612
0.867449981975
1.05456731003
0.448120094836
0.000761065050028
0.0
1.48556236923
1.86590492656
0.450019429438
1.82384333108
0.680458985269
1.38223513961
0.954409146681
0.417032300495
