0.0
0.0
0.0
0.15349101834
0.320068731904
1.11414328776
1.5203145626
0.1627572414
0.0263679735363
1.57097068336
1.00716721884
0.402651147917
0.361557641299
1.18787968159
0.120564423501
0.436922112945
0.227157652378
1.6246186085
2.52261591575
0.151330114575
1.01657844149
0.559380969964
0.207076694351
0.0857734046876
0.0343340880936
0.0212342189625
0.448568224907
0.0182685088366
0.163329422474
0.589742430428
0.573686871678
0.144669593778
0.0711325271986
0.464592055185
0.175060098991
0.770789082162
0.050122641027
0.115014523268
0.0441840658896
0.358171864878
1.15740245185
0.926422284218
0.297705805104
0.098328521417
0.314508975483
1.11529484694
0.644764382625
0.478240333148
0.00321743125096
0.594437591732
1.27251327038
0.0
0.478290099883
1.48648235854
0.230801576923
1.47879653738
0.555926216533
0.169682811946
0.330309352372
1.24441799719
1.43207843625
0.996546044946
0.553574791644
0.0068544568494
0.858275412116
0.560430874582
0.533945279603
0.830821926007
0.160389767028
0.914451496676
2.13404931617
1.65870205848
0.551267008763
0.0161806158721
0.50578959845
0.377877502702
0.200580740348
0.362350538373
0.0379526447505
0.0160574335605
0.335723635741
1.90219591931
0.332703066058
1.54220226873
4.04194201017
1.11110438732
0.0709962665569
0.252650635201
0.558328862651
0.0409003817476
0.726043627365
0.360889628646
1.00133861089
0.758634818951
0.7658798513
1.43626875913
0.556222933345
0.0645403095987
0.458058921678
0.515950682107
0.275242536329
1.32741464768
0.192676533014
1.52473015152
0.683579844888
0.995192480274
0.290778283146
0.951423281105
1.60535005014
0.0532029254246
0.126798462763
0.0154526779661
0.169837377965
1.87744762003
1.60679077078
0.363371331478
0.717405219213
0.985932354815
0.670897999778
2.78659509902
0.504181347438
1.38221152639
1.97757491824
0.117256061116
1.46921992674
1.11184159992
0.353271109983
0.331149950624
0.696417014115
1.09112438816
0.242386228638
2.21112615988
0.292034472805
0.855788318673
0.154207860352
0.330211858032
0.171003703959
0.385890827223
0.739244671073
0.842814309988
1.26572024263
0.406965859351
0.90200482239
1.18726178771
0.532633430324
1.61883297749
0.887466122746
0.453653637785
1.96622224152
1.18999432283
1.16314978048
0.519581820583
1.10313148308
1.52603862761
0.960373698501
0.0664330609143
0.286781165749
0.0367092974484
0.0
0.705569001671
0.268608238897
0.290169432759
0.0303191952407
0.707609002478
0.13836199441
0.780278718099
2.0967238762
1.36137737223
1.06487498479
0.175939261913
0.363340765238
0.0
1.65384733851
2.14082867652
0.775750748697
1.74591245351
0.614797459915
0.716759078205
1.42658795416
0.164065483492
