0.0
0.0
0.0
0.189766509458
0.100007650442
1.03079848341
1.21257444134
0.0574816018343
0.0219696112908
1.09290484129
0.76394552039
0.284798725508
0.719884911203
1.75706481934
0.456926360726
0.657267691335
0.304072409868
1.33746097726
1.73906947835
0.0919200563803
1.17374486499
0.113997304928
0.055927748559
0.0906441584229
0.013270722935
0.0
0.0
0.0191237740219
0.144447252154
1.10219440248
0.375915906159
0.0129272283521
0.0550044708652
0.467754414422
0.221066353144
0.853947057854
0.01621043263
0.0588778816164
0.201936388854
0.775823521893
0.62281934917
0.798862951575
0.426890747563
0.29231408448
0.35695860628
0.906659714878
1.20918692881
0.962451803964
0.0230088620447
0.00677515595453
1.0328550596
0.0
0.103236685507
1.23769751593
0.308783295681
1.71130852069
0.335914567579
0.435770216398
1.03553905315
0.654942547204
1.08128829469
0.0
0.546684682369
0.0
0.91739437962
0.615171427606
0.497376295272
0.872151765041
0.0939979911782
0.927968962817
2.3308066664
1.65825595194
0.384297233773
0.0020190209616
0.125759041926
0.427038079593
0.314451627433
0.18773931358
0.0806275964715
0.0769129730761
0.490571208298
2.27082910296
0.36515300395
1.4315499384
2.67481783777
0.324630879797
0.227316672273
0.324734722381
0.677647019504
0.068338164303
0.798425585497
0.49087434262
0.979925747029
0.627699667588
1.60924809752
1.05023996159
0.662664013915
0.63507968164
0.666737334337
0.73233937379
0.487239643931
1.56266946346
0.114179256838
1.98388944869
1.0012178272
1.04198597919
0.5204204662
0.703714441159
0.730593625922
0.0310227779555
0.0645945490687
0.0597916824045
0.0736396722496
2.21777480841
1.30306639546
0.238081185846
0.604302166263
1.27729193633
0.736924275756
3.41262645088
0.110479138559
2.31880213728
0.587322813459
0.123301158892
1.39206007216
0.995328262448
0.288940278231
0.223570663948
0.512676265556
0.95864227775
0.290913830278
3.69504407747
0.14479622629
0.0592117098277
0.69757514057
0.187687365804
0.0911398869939
0.235654811782
0.338217658922
0.752919336781
1.33721025288
0.624100652523
0.845799702452
0.892748276005
1.23440166144
1.24558532238
0.405173547973
0.32361286052
2.30261546466
1.11627875222
0.922997677582
0.500241543166
0.77580241079
1.35847639642
1.01559011696
0.305133296177
0.215201046318
0.113566331565
0.00891233654693
0.858954426774
0.670342406374
0.366314154118
0.0858382961596
0.666151674464
0.0919084504712
0.496274094097
2.44760286901
1.12365241349
0.961444978951
0.149392324965
0.0
0.0
2.29692215007
1.88071770314
0.595390506904
1.97630053433
0.960292644799
0.0915206605569
1.78564318083
0.249638298526
