0.0
0.0
0.0512814447284
0.0468803867698
0.379600614891
1.29580274597
1.74220063596
0.432326034876
0.0872217305005
1.13882659003
1.15013441769
0.662917055888
0.783257006668
1.45232713223
0.0
0.168707482982
0.319489795715
1.49466492701
1.98991572065
0.422758698463
0.809955662582
0.291094449349
0.124571832828
0.0812037950382
0.0601502787322
0.112263506278
0.0
0.0
0.118067786098
0.19004566432
0.361228614114
0.0732304630801
0.118970499723
0.537625821773
0.104146150872
1.40537731303
0.0944382548332
0.0496172979474
0.25271604117
0.283924405638
0.889533939946
0.738997909939
0.474493398389
0.110273835715
0.244957609335
1.00811988092
0.872448931448
3.69699209556
0.390649456996
0.575690961443
0.834512384608
0.0
0.202225442976
0.932485390222
0.309964424232
1.19543836173
0.572988147382
0.127344961045
1.23661021388
1.12872574327
1.11599353969
2.27677935362
0.00791591091547
0.0299684664351
0.919816702604
0.247583428398
0.454410929582
0.836766108871
0.0772055357229
0.808359121555
1.62072917493
0.883195044706
0.376527193468
0.0638623735867
0.241345838876
0.128902843921
0.287364584394
0.468868799973
0.096868917346
0.170818029903
0.254004685208
1.88244548999
0.511479353067
0.752593369689
4.0103703104
0.825263961684
0.160626600031
0.315569639788
0.322806057055
0.0569399385713
0.833085150225
0.465511297341
0.820152720436
1.2679077019
0.75240144413
1.2175965223
0.585850198753
0.864427647204
0.882962461328
0.32284319913
0.23544700304
1.38079936802
0.158859787509
1.60586493462
0.652316343039
1.09492801083
0.55851535406
0.673599605216
0.693099455908
0.0396608022274
0.138418782619
0.0285644721007
0.0612741038203
0.435910603032
1.52093216148
0.503430126235
0.788671673974
1.0730547735
0.717947354773
4.80752651999
0.109958088025
2.61991636059
0.408545423765
0.162793474272
1.03647943446
0.913636129349
0.722518156748
0.284503003903
0.724700541701
1.17663335335
0.676517858403
1.77256403351
0.689239367435
0.413070622133
0.459653576836
0.336646656506
0.243730693124
0.422081861179
0.716866117204
0.883931435645
1.40807690285
0.609008182189
0.751667679287
1.67871142586
0.434412655421
1.5005450137
0.767480840324
0.741776273702
1.39550970495
0.875543680275
1.11123052053
0.529176039272
1.24466451176
1.62775408989
1.42030917504
0.00552813499235
0.239139413461
0.101322688162
0.0058297724463
0.850704994751
0.380686980905
0.275252678432
0.145844135666
1.11176661076
0.102205502859
0.921207591426
2.27965888707
0.854943369515
0.936072366312
0.542378075421
0.148539472371
0.0
1.03719296306
1.28236847185
0.677238099743
1.62342822654
0.228265333921
0.482651136816
1.02912223339
0.36065772851
