0.0
0.0
0.162619456649
0.0511390306056
0.150857020169
1.4362583789
1.29749963887
0.789033820154
0.11690972792
0.741876181914
0.921898640692
0.861722353729
0.665060769767
1.60227620602
0.0
0.226090920623
0.705717846751
1.19365749508
2.21947199339
0.641869053245
0.866058046697
0.262014501728
0.60766550526
0.0760832130909
0.0568910473958
0.0924933478236
0.0
0.0428864695132
0.144816368818
0.135074915888
0.310909881257
0.0375041230582
0.0727798580192
0.593303299975
0.37472629454
2.02759231965
0.197402577847
0.0169770326465
0.152274142019
0.585860523279
1.08992037224
0.572329079732
0.503440107685
0.180367194582
0.293619461358
1.02857084648
0.578862992697
2.39653232764
0.313725978485
0.501851873705
1.71834312798
0.0
0.0994945912971
1.18357761344
0.285810286121
1.27704122663
0.352940995363
0.24799448112
0.282408235362
1.68445296423
1.16936148732
0.861129514873
0.0359789028298
0.0910240204539
0.892043005675
0.301523699658
0.574086049339
1.25249378616
0.0171963088214
0.744896714576
0.932947070105
1.15767743206
0.438457793323
0.00583316967823
0.851590611041
0.591917812824
0.275322662666
0.357268559339
0.0771382637322
0.141199856531
0.0837154574692
1.2678818386
0.485419045552
0.723363667727
2.33841151278
0.219053862616
0.242511580931
0.325464978931
0.289538184763
0.054470486939
0.478930193931
0.339720215648
0.990085110301
1.0957382489
1.16457234742
1.0895874796
0.947118586395
0.725900495076
0.639530272689
0.267776526511
0.123676241376
0.75083785702
0.104935863987
1.55408632336
0.635483097518
0.925159109756
0.196945344098
1.08333948278
0.366481031291
0.0244846755522
0.162122469861
0.0370222474448
0.266192704439
1.02190016024
1.32680796064
0.431998224696
0.820498764515
1.03960803244
0.597562967567
3.47572310065
0.00372028443962
1.70581058576
0.43015023123
0.257976617664
0.834497493226
0.804381722584
0.617265593493
0.207338161767
0.726499171928
0.795179893845
0.808574839961
2.22494805697
0.778790295706
0.406185505912
0.327895345399
0.817025639117
0.248908164911
0.548910460435
0.784105813131
0.908988073468
0.828362078872
0.588321393472
0.522474034457
1.49275788094
0.649356921436
1.5931577934
0.574102960527
0.668891160807
1.17565340968
1.05353898555
1.18645098736
0.515090184053
1.11830445193
1.36231534183
1.59615660005
0.0111088741105
0.570001995191
0.0105824141065
0.000886207737494
0.427372382721
0.217393294093
0.294612679048
0.12741172954
1.026000379
0.178805721924
0.712625606218
2.34359358414
0.868003224605
0.911543249618
0.234683436574
0.0
0.0
1.05226178356
1.08885174431
0.418697668705
2.40601096069
0.275988001842
1.03635568172
0.848729282618
0.535085677635
