0.0
0.0
0.0108463782817
0.0540875771549
0.248409570195
0.673300501192
1.60930647573
0.0645092972554
0.00540005974472
0.9711898854
0.873335234937
0.527604096918
0.335476995446
1.82077118754
0.58745559305
0.63446850609
0.0939420238137
1.73553930596
1.18201407883
0.327636779053
1.08391105849
0.0245780288242
0.342767439433
0.377398805227
0.196986165829
0.0
0.330811969936
0.00628480373416
0.131743744016
1.03273300047
0.267143073841
0.00320598739199
0.190132527845
0.600905045518
0.6103801399
0.667389336508
0.0329902493395
0.449213431217
0.550107728923
1.0294057366
0.901812655618
0.802371391095
0.50409229286
0.440913359344
0.331497295294
0.690758503857
1.43983793212
1.83743612433
0.00372254429385
0.00169480824843
0.136942518002
0.0
0.0986606036313
1.58348785713
0.310932145454
1.26577491313
0.589280022308
0.135633110534
0.596373535926
1.04084564
1.32827891619
0.14924222976
0.559680468403
0.154296729248
1.11395731487
0.802601722069
0.679973157705
1.37696950114
0.120466039516
0.820984760765
3.81852899911
1.41724445764
0.615535894758
0.0177319076611
0.0844943032134
0.329315689392
0.512291584164
0.206333614886
0.00735778914532
0.195285981521
0.272060871124
1.62637754064
0.440869236365
0.613919459633
1.234356086
0.475250265561
1.20100720716
0.529950120312
0.951574434119
0.0253645270132
0.406338433968
0.2580413986
0.152894659434
0.377906872309
2.88820936996
1.18975526839
0.877614708268
2.29432502063
0.0989814160857
0.630671527877
0.486615225673
0.72165238671
0.0326273136889
1.85762954457
0.99855589564
0.987998834113
0.626643305412
1.01447905786
1.10275703855
0.0937859592959
0.746287071728
0.0215398874134
0.129319875501
1.32745113224
1.07870953961
0.15726060071
0.717531456845
1.04945688765
0.933305105194
4.29268612806
0.380936771631
1.62238997547
0.273955874145
0.0846954274457
1.47472937917
1.44872219628
0.13336256519
0.488215175981
0.6909365186
1.02352085733
0.796409684233
3.39775587944
0.151016703807
0.0881791473366
2.61301211832
0.292739886791
0.248553504236
0.188115159515
0.288537180983
0.606937104603
1.92766203335
0.672182729002
1.15767413273
0.590816832671
0.54147476214
1.0643812269
0.657432203763
0.399454288126
1.98318164703
1.28140870482
1.22930547036
0.760330452118
1.18028121348
1.44984753267
1.1537088732
0.277937707258
0.117454127409
0.228047301294
0.0108618047088
1.22578268033
0.710633477196
0.252066988498
0.230846541468
0.645609725267
0.101771270856
0.730416294187
2.40236795135
0.781972013414
1.02941559651
0.169541986194
0.0458501391113
0.0
1.89854221535
1.74644539638
0.347756083123
1.8051647956
1.07364310883
0.125251563266
1.84589647688
1.14777475921
