0
0
0.0863215252757
0.0193068191875
0.0336557216942
0.914139119908
2.51093728445
0.240658469964
0.113982554525
0.557078708429
0.906495427713
0.0186354793841
0.580968583003
1.77100241184
0.152015462518
0.603171376511
0.0
2.19096139818
0.781001750845
0.212267836556
1.1980867181
0.0414075981826
0.847859408706
0.270661466755
0.176030207425
0.0
0.0159798618406
0.0160415284336
0.0939272120595
0.894583581015
0.397904685116
0.00627937656827
0.46545018279
0.452738807071
0.836957722669
1.01616926817
0.102086139843
2.05805228651
0.324293614365
0.548429196468
0.694792693481
0.571416683728
0.15120415861
1.03635656217
0.24358853884
0.864614175924
1.28439610638
1.7315517661
0.0367798795924
0.0282828544732
0.387163113046
0.0
0.103129640047
1.58110788686
0.45917007653
0.732504755259
0.549916856457
0.364177588373
0.672724031843
0.846736798179
1.11850028113
1.53815560276
0.409672074486
0.738732744008
1.80724947609
1.47150780354
0.370387871983
0.62875591265
0.183441635221
1.16259626509
2.48201742861
1.53980530053
0.405614042422
0.0220516702393
0.158582236152
0.189670216292
0.655265025795
0.452622916549
0.0320904834662
0.0940056673717
0.290485757869
2.09321895987
0.593018719926
0.545252096024
0.82150877174
0.404160263482
0.379592939164
0.663967637374
0.996576011181
0.216275412589
0.872784781328
0.193889850285
0.661294542253
0.523903695866
1.97042432893
0.70612225798
0.649394119624
0.684152100934
0.983978466073
1.02615358937
0.566319838399
0.396348669427
0.170866385219
1.65227375668
0.554344167467
1.19325039897
0.481756915979
1.15982770966
1.33271334227
0.0503165791743
1.11453643953
0.0637849352206
0.14666146785
0.65836904943
1.23681176943
0.348172272556
0.721611608984
1.36810246855
1.14254764048
5.02679054812
0.0603404692374
2.48132672347
0.182927846909
0.473110786872
1.24845199101
1.47068516538
0.252004435286
0.616684760666
0.586544262478
0.904935857165
0.598453109153
6.09771775571
0.501462618704
0.133812578861
1.823137926
1.84535528405
0.342719194945
0.236013776856
1.47878984176
0.772327995859
1.73485233984
0.710994515568
1.68371272821
0.491465683619
0.263020313811
1.54745967314
0.683516918682
0.4069882771
1.46654170007
1.49494224507
1.07233822765
0.746258073021
1.07362101413
1.35257895058
1.09102372313
0.263466492295
0.764700494474
0.155144280754
0.0214840270346
1.48601932346
0.897147353273
0.430664850399
0.318624745822
0.84987510927
0.0803464297205
0.744613818591
1.28484246728
0.811316540814
0.834946125746
0.0380706917495
0.188744157553
0.0
2.02095614001
0.995274104178
0.538416102529
1.01662975899
1.73182051629
0.135822158307
1.24133906979
0.89277067408
