0.0
0.0
0.0663336757571
0.0692575937137
0.232015137561
0.640457301284
2.04933296284
0.14437503973
0.0742633054033
1.11012805207
0.886378827388
0.13038174063
0.401382357348
1.00972399116
0.303122796118
0.663759305142
0.0971199125051
1.8156260848
1.19808828249
0.240576545941
1.12352866819
0.0321481868159
0.204424825613
0.336290549953
0.179780332837
0.0
0.276235640049
0.0380932455882
0.117966219783
0.989863833413
0.272290543886
0.00363908684812
0.213513072813
0.523192369379
0.714648157824
0.949440356577
0.0474028368481
0.0537541862577
0.0787681406364
0.885067916475
1.16682854481
0.743984869914
0.385027078388
0.504652455566
0.385664696572
1.03173895273
2.12644753489
1.35902882391
0.0039321728982
0.0110229778802
0.198020287964
0.0
0.132933408662
1.54249627516
0.230175484321
1.24364656309
0.596800858562
0.0999825084582
0.451338148443
1.53583906451
1.33952784352
0.0898085115477
0.431090778671
0.132859061472
1.26920689479
0.827275393647
0.615534313023
1.10322175547
0.357393268496
1.64831637871
3.7169237379
1.9676115567
0.752696576121
0.0144810710917
0.268619046896
0.0844920985401
0.579723421484
0.408507263288
0.00719887769083
0.19712527236
0.267817050219
1.76253068727
0.371101998724
0.449820452021
0.721219013445
0.807086783228
0.155745635042
0.525610457058
1.39371401072
0.182974362746
0.534021277446
0.225749579957
0.23818494007
0.262598161586
1.29159953538
0.953529446851
1.00864795048
2.38605235959
0.20667826198
0.471008770168
0.58614397049
0.644444342237
0.12339696649
1.82637700951
1.14380194526
1.10618483415
0.508018955821
0.928576778155
0.942721635103
0.0734792316798
0.61958920164
0.0296281436458
0.16848266311
1.03894916968
1.01703617861
0.223225903988
0.709749306086
1.01500902651
0.767855007434
5.39591311058
0.123352754861
1.94928707834
0.220883703791
0.0606730276486
1.54063881095
1.51384220365
0.111188787967
0.611951397383
0.5983857885
1.02158078202
0.653513787896
3.6078530692
0.299466039985
0.14645888377
2.54174079746
0.476938675158
0.33141122805
0.201625414426
0.410429488402
0.662158784689
1.95730820484
0.71841175016
1.07833086117
0.420347479754
0.50282785343
1.38039708138
0.445184012817
0.394812299171
1.96760595031
1.02904745191
1.33781850897
0.673351444304
1.23054869915
1.3742569082
1.24022475607
0.182816298679
0.400476903655
0.0520480748964
0.0133471458685
1.32522214635
0.801103051752
0.245471244678
0.106405394617
0.654861167306
0.171073030215
0.924941047793
2.08442619955
0.607571552275
1.02900735335
0.125501179311
0.0894385501742
0.0
2.2236720216
1.12642167183
0.131252056744
1.8417421229
1.32582304254
0.0733898431063
1.77230811212
1.4658346884
