0.0
0.0
0.0217620264739
0.00844198849518
0.234825967462
0.682347095688
1.15842859645
0.456188513897
0.112696921453
1.00901424047
0.991824666969
1.0411859788
0.783795097144
0.387196689844
0.042860928108
0.16995723045
0.242568470538
0.446575031732
2.6693548332
0.796648409218
0.794181457255
0.198879927397
0.521705927793
0.00922515708953
0.0706878565252
0.0300821876153
0.0
0.0563124231994
0.0590748153627
0.150640798267
0.702613435918
0.589588727104
0.0496736892965
0.641478877515
0.62081342889
1.39886749827
0.374364644289
0.0581413321197
0.11099775508
0.33061994263
1.13852134999
0.628873831709
0.444862131262
0.187259406492
0.405241776258
0.553934957832
0.780516158324
2.611919004
0.352007858455
0.311944283545
0.403574205469
0.0
0.0297050075606
1.00639046519
0.501257218653
0.940243251622
0.798443047795
0.133710209746
0.301734248176
0.759276254103
1.02523770032
0.0541073232889
0.00411301362328
0.13250410778
0.891272162087
0.735965424683
0.622656782856
1.47189122532
0.0936333537102
0.637970617507
1.27069152216
1.17575990595
0.411676404066
0.291358109331
0.430924090557
0.210408792831
0.157045722008
0.311417568475
0.0822360664606
0.251519467682
0.283403374255
1.79413994402
0.378345095087
2.68712747376
3.19208106061
1.54221512936
0.0601830650121
0.21506917564
0.26164604543
0.0308634564281
0.567926396849
0.633290364407
0.904966491275
1.41199061624
0.736346820369
0.655574308708
0.937652718276
0.690584031399
0.52792924759
0.386494346429
0.0172520806082
0.5816404121
0.0818462007446
1.7278759894
0.448092811741
0.881530236453
0.447897698032
0.556234503281
0.314397755312
0.0196894998662
0.0212835309794
0.0329293720424
0.293637631461
1.11330231838
1.19635030441
0.231470316881
0.644978554919
1.19337859692
0.485137527809
3.87942059
0.169139259495
0.682411146117
0.335770703619
0.0721915327013
0.664627347142
0.61425534013
0.41461608978
0.568018284219
0.692050809506
0.647204308305
0.790078290738
3.60493630613
1.49617535248
0.125147829764
0.624199839367
0.295813064789
0.223206242546
0.506112260744
0.573127794545
0.66804270912
0.517972261179
0.430156853981
0.376812612638
1.5676412303
1.24236675818
0.852494208142
0.399830581504
0.464326744957
0.584942633286
1.19430495449
1.60561252199
0.434855967935
1.14198076073
1.64284642087
1.46437232313
0.0564698581584
0.391805775464
0.0148035553284
0.001852738671
0.516372475773
0.2285468271
0.240838989383
0.0246885251254
1.51266357244
0.175024153665
0.821864480153
1.89790591132
1.30562501145
1.0106553142
0.486164422706
0.0
0.0
1.15762728453
2.86920611141
0.538133320108
2.03957596875
1.37106849253
0.892413851805
0.71685159253
0.365495963022
