0.0
0.0
0.00108367949724
0.0503744431771
0.187838861719
0.963350557722
1.36640061368
0.218280042754
0.0235443133861
0.701663104352
0.983627412468
0.72207975341
0.833539403975
0.797560930252
0.13884806633
0.150102484971
0.318157345057
0.841445040423
0.252733734291
0.820147586055
0.757066579536
0.0486495643854
0.284905331209
0.0828478783369
0.0380383068696
0.0410366577562
0.0
0.0921094315127
0.0
0.128041414544
0.657793000748
0.343334921636
0.0023839083733
0.570686361054
0.684319870081
1.25190669857
0.504106669687
0.0180862527341
0.0919712190516
0.0864053934347
0.714373131632
0.394758929498
0.333490999416
0.0753924995661
0.207659531385
0.331747429678
0.596538030775
2.38253229251
0.465458985418
0.192749124253
1.34720199241
0.0065546776168
0.0191247477778
0.825509447604
0.387969053234
0.826935421675
0.470754917013
1.07424925361
0.621960098157
0.59703244979
1.2170451819
0.429702516645
0.000814957951661
0.0238738707267
0.471031866968
0.764803768601
0.692067453929
0.963419166394
0.0626473128796
0.354550379096
1.08318966348
1.43608174229
0.316873163974
0.174775066553
0.700933429878
0.0547799598426
0.122967302799
0.150247958256
0.0515523515642
0.415688121691
0.221502915025
1.53803359251
0.51148329745
4.96875218942
2.73846794432
0.523663789849
0.00798562541604
0.101987017202
0.760670388554
0.0346393920481
0.673571669962
0.75722345151
0.690429857932
1.3105648777
1.43007043027
0.553959126584
1.04625614407
0.546438944351
0.298737191595
0.217036610236
0.0718818344176
0.487182508456
0.544668723363
1.98740538512
0.592803780222
0.912301397475
0.604073690716
0.861934161861
0.733917341102
0.0457042956259
0.235474458197
0.00537999172229
0.228021061048
2.57715941314
1.26533739641
0.237832863932
0.732833558694
1.86924699578
0.515277676284
3.4395912732
0.0566288027912
1.27871049463
0.590509123402
0.18169600796
0.769362151856
0.31736961659
0.482258911477
0.688149212394
0.687731090351
0.458876690129
0.610766917467
4.7367864917
0.975667622872
0.0648473378969
0.818303328939
0.348201163113
0.232389808632
0.273837841582
0.681807979941
0.535474686883
0.545198499807
0.372887420934
0.281366802054
1.08775227692
0.98179656337
1.53368873545
0.0697567093302
0.561847108766
0.679499678314
1.1267744517
1.62609736621
0.717051997664
1.54716002755
1.7399186783
2.18202720536
0.0484288190491
0.227395892376
0.0119616537122
0.149679115508
0.791588478372
0.252976736054
0.156038986053
0.035377394408
1.6753909816
0.410067333723
0.909977914765
2.03040446725
1.62369252741
0.633370542899
0.425049365032
0.424723178148
0.0
0.853410726413
10.7263728393
0.177077849396
1.98142313771
1.42078978289
0.765282019973
0.628394655418
0.549810422701
