0.0
0.0
0.0946461483836
0.0495338561013
0.279480421683
0.703510228544
1.22046018438
0.270132908365
0.127677742392
0.826286654919
0.896805142984
1.05634392798
0.868080483517
0.446318030357
0.128961220267
0.0971109392121
0.367561161518
0.859737014165
0.767171702581
0.761279970407
0.742111938773
0.132907390594
0.477149963379
0.00678965635598
0.0730749657378
0.0372962639667
0.0
0.0906191207469
0.0
0.130158796906
0.764966920018
0.384970329469
0.0264644778799
0.868107730988
0.446081736125
1.44670857862
0.714103859384
0.0602579079568
0.318562019907
0.0900400340906
0.743566463701
0.376402057242
0.358908609953
0.103498766897
0.372755540768
0.432952926087
0.639838464325
2.7504267639
0.136097794399
0.331212387537
1.17690379918
0.0
0.0783266797662
0.861993614701
0.331302423961
0.770724777132
0.666846204782
0.757305855863
0.223273345036
0.707152572577
1.46108249691
0.128781769425
0.0
0.173008396756
0.653002188308
0.828042390291
0.655219600594
1.33713829238
0.0794310085475
0.455775709357
1.54546301905
1.34857130842
0.658593611501
0.00632580951788
0.603764371714
0.0611070414307
0.110648050904
0.163306076778
0.0262691825628
0.444486473687
0.222410872579
1.92807066906
0.53240245278
3.174853381
2.68972189515
1.18902529753
0.043513355311
0.162258544238
0.430211076979
0.0564731173217
0.68936543609
0.721826148452
0.803272344172
1.28225777019
0.951471418608
0.623360815225
0.947374204407
0.864889411081
0.348682749027
0.43486517854
0.0725024025887
0.481085405452
0.343615275109
1.98285871558
0.51220818609
0.870249306317
0.593710408662
0.709769874811
0.61944488436
0.0105639640242
0.206080058706
0.00509545358364
0.227579187602
2.25553907827
1.076061083
0.223801760236
0.68639174453
1.85834800906
0.418862634338
2.87910351157
0.195652386174
1.06108315976
0.561748928449
0.0813044365495
0.815980311483
0.382211084012
0.50684126839
0.656097490806
0.5915731024
0.726915432024
0.681374808773
3.43682932435
0.980589852785
0.0914475391619
1.17998048494
0.297467219643
0.198063554242
0.409961130586
0.505760580534
0.587456588168
0.607234693132
0.383897355758
0.323061272502
1.21860889846
1.41511000809
1.31399137946
0.796934858256
0.526982790499
0.698635354638
1.13461162883
1.82040483551
0.682091468363
1.51275976188
1.55685071973
1.88885943126
0.0411968640983
0.256613228004
0.0464023882523
0.0980971313547
0.701470573898
0.171278506517
0.177994246595
0.0277923457325
1.81420531124
0.315664252266
0.911102521233
1.93730250071
1.45835401653
0.503420458175
0.215938541107
0.18975622952
0.0
1.02735530678
8.54607391357
0.190758772194
2.48313960177
1.53293899633
0.715993727557
0.460040105274
0.279882509611
