0
0
0.102279342711
0.0487897547428
0.210411324515
0.534179535403
1.47596387798
0.359276697156
0.118584427983
0.808580818586
1.25958646648
0.790704185143
0.453141333535
0.387769043446
0.0342964231968
0.178104179096
0.271306117997
0.445995028131
2.54368635709
0.873904733919
0.576098098652
0.198435883969
0.398479798343
0.0775394721422
0.0797932865098
0.0362940835766
0.0
0.0128985689953
0.0852982550859
0.17596166319
0.613626392209
0.198534733616
0.0685619767755
0.530001079664
0.668414660264
1.0769284718
0.466700661927
0.0425117388368
0.0220328712603
0.0940555501729
1.19646174787
0.579294397816
0.424263759516
0.163939696911
0.382450800855
0.645913695917
0.621344026411
2.43131555896
0.24860981293
0.28183245426
0.743078600382
0.0
0.0803013410768
0.89882000233
0.31982153561
1.09613235737
0.780142641743
0.141895795939
0.240885862149
0.378237963479
0.560277638782
0.0544682070613
0.00121521693654
0.00439129659208
0.853387628682
0.665042617358
0.594017147436
1.4854818359
0.115436414257
0.741728537483
0.692316154018
1.14346362324
0.289346189704
0.285655005602
0.434388082474
0.188221469522
0.205681823194
0.364165149163
0.0830330550671
0.209662720561
0.315209321678
1.6399796335
0.325510435039
0.867302222177
1.99638709961
0.551044492051
0.0332387071103
0.184178740543
0.286880284024
0.0242673382163
0.67353141075
0.639557946008
0.930926933652
1.35944309703
0.501484697917
0.948407885619
0.885111258365
0.604249481228
0.51365094175
0.382264430169
0.0354330455884
0.585459169
0.0809171026922
1.77852434875
0.582481570076
0.791213219054
0.368937275605
0.738883151789
0.417935709935
0.0293444362469
0.0238052950008
0.00745968474075
0.330537889153
1.48111797124
1.08116103965
0.223392586107
0.697044444445
1.21069632936
0.583567551803
3.94626286812
0.209457946476
0.795848426642
0.38966475497
0.210721570998
0.646893927362
0.715205430053
0.475339896511
0.331593586248
0.694877219736
0.580259169918
0.954602505313
2.77459152043
1.0878196815
0.109244410763
0.822835725034
0.200579248602
0.220399235375
0.536788776517
0.580522293225
0.809656257275
0.56179019995
0.397700608708
0.434167216532
1.44657940941
0.953351996257
1.07950682892
0.39862487372
0.429130068631
0.807802975178
1.16196651396
1.43675202038
0.55277900456
0.872270156629
1.53561134578
1.48321116343
0.0675938157365
0.360738132149
0.0131362820975
0.00280283135362
0.762602350384
0.338753425516
0.286178946495
0.0127811785787
1.26447027689
0.17028910527
0.817407444119
1.91028438741
1.25522850943
1.07712735888
0.443794915453
0.000792256963905
0.0
1.2970742709
3.09968326287
0.693746449426
1.97765918402
1.01300932653
0.874974966049
0.854180108057
0.388497336069
