244.7
43.5
0.0
180.5
234.4
211.2
176.8
416.3
144.9
1391.8
714.1
455.3
133.3
108.6
318.2
17.7
327.6
167.0
60.1
314.8
161.5
919.0
436.1
592.1
56.8
58.4
25.1
9.4
198.5
231.5
27.8
338.4
776.3
613.0
599.2
429.9
38.3
52.5
24.6
91.5
117.1
223.9
58.4
266.5
357.1
1030.3
472.9
419.4
146.0
24.8
30.8
52.3
97.2
236.7
302.4
137.1
320.7
697.2
821.7
147.9
78.3
98.1
66.6
51.1
0.0
118.3
169.6
109.6
299.2
1172.1
502.5
664.1
117.7
123.9
9.6
52.6
98.2
54.4
204.6
314.8
305.9
457.2
247.6
711.5
347.0
0.5
169.0
32.4
136.9
54.5
59.1
200.8
219.4
815.0
1315.2
399.8
115.4
61.5
115.6
102.4
429.5
151.0
103.4
94.0
344.9
1344.5
836.3
346.0
355.3
26.3
23.1
439.8
288.6
145.3
173.7
218.4
1336.5
228.5
358.1
235.9
193.4
0.0
32.9
60.9
57.6
100.4
121.3
275.7
406.1
775.4
1253.4
106.6
287.4
15.2
127.2
107.8
57.2
154.0
78.8
65.6
491.8
782.0
951.8
422.6
187.6
79.4
12.0
33.8
278.8
149.0
104.0
204.6
288.4
527.0
361.8
281.2
83.8
79.8
151.2
72.3
155.2
98.3
143.1
19.2
558.2
719.1
1057.1
33.9
100.9
0.0
42.2
59.4
147.6
75.6
208.8
113.9
163.1
1045.8
490.4
654.6
304.837510542
10.7777989358
112.004415102
148.151285425
175.644516444
293.577344298
82.2892176658
133.02620567
117.881968059
42.5028447658
126.601650797
337.188929915
246.780701325
58.3346541523
0.258333513514
80.1197224482
142.001755804
28.9264310002
198.165297468
77.6597131602
49.2806539536
38.7353726999
0
0
