0.0
0.0
0.0
0.155737107038
0.0382765876129
0.553428212879
1.05406461656
0.0990950241103
0.0328346984461
0.919179923832
0.701019246131
0.78106828779
0.462084708735
0.606526196003
0.216310842894
0.280865157023
0.172362521291
0.586787745357
0.461830449756
0.249214816839
0.816678062081
0.000555936363526
0.0155200315639
0.0
0.286327406298
0.0
0.0
0.133395968005
0.0
0.173244471429
0.32849223353
0.0
0.0152069083415
0.695895060198
0.462707531638
0.411964377621
2.70764522778
0.0
0.00299771898426
0.424481990747
0.685586317675
0.447166444734
0.253252997063
0.107421053224
0.206164158881
0.656077369
0.177287614904
1.22722398886
0.822703577578
0.408233593509
1.70853034873
0.0075623835437
0.00538483710261
0.55362538906
0.125567158917
0.34729817044
0.501343020471
0.556928210426
1.35487970128
1.54724529537
1.869765196
1.08889393508
0.0531094931066
0.000795864441898
0.277776688337
0.541827059351
0.27985548228
0.647956934758
0.0614184904844
0.512986369198
1.39105564752
1.40894798771
0.404282597825
0.0132345997263
1.61848952703
0.417611963814
0.0915976539254
0.0648047497962
0.0380939359311
0.381455507129
0.421480731107
1.42248043325
0.473804279696
6.0157836302
0.463521106984
1.00900769001
0.417471973225
0.423825758393
0.37991117785
0.189167317003
0.654291705694
0.595388378482
0.688212803798
1.14528052369
1.15551101789
0.811841963325
1.89971148642
0.627486682381
0.351110960823
0.495697528124
0.0974927917123
0.655134089291
0.159969315864
1.40852639498
0.826400099788
0.879730962915
0.60250858299
1.49669057713
2.12131274655
0.00564683461562
0.179579172283
0.00463203305844
0.2182615567
1.65765265515
1.0963663084
0.236403004965
0.428421277436
1.02633203729
0.827666714671
2.08245631913
0.223247695714
1.1154591603
0.402885909658
0.166839779355
1.06512328068
0.240399847738
0.376394852996
1.68933177437
0.718954551034
0.343894073041
1.11269489862
5.32270318829
0.67272623477
0.00295670889318
0.546701782383
1.01748378912
0.524572146591
0.313727710396
0.863009746186
0.719695992768
0.391434413381
0.475834142417
0.417841265909
0.696674240287
0.870097710867
1.24244709779
0.167224257661
0.736258570105
0.884433351457
1.14681083895
1.05335095106
1.03341692779
1.41872253607
1.40812853957
1.71286290931
0.0855487834197
0.476935755694
0.114585766918
0.0469350477797
0.849697155063
0.34846957284
0.166197212413
0.159176637419
1.59120018966
0.401196452789
0.99264763738
2.12248246605
1.40987550362
0.656519311946
0.219383904187
0.074785038596
0.0
0.523258686066
1.47204689961
0.359771408373
2.64191942767
1.12049998716
1.51760105789
0.336516119074
0.912126615644
