0.0
0.0
0.0404075011611
0.156096067047
0.0599600784481
0.36360299564
1.0236124997
0.010722055682
0.0807119663805
0.740508419345
0.599506381899
0.47823549062
0.458656673552
0.495900720358
0.213882582262
0.176428930834
0.210266530514
0.432497281581
0.304132016143
0.334579553455
0.857073605061
0.0141511367983
0.00460239406675
0.0075853522867
0.0151382731274
0.0
0.0
0.0144317662343
0.0840022042394
0.0953402064042
0.259133865591
0.0
0.0152036212385
0.487352196593
0.54095853935
0.601847101236
2.8779353546
0.0836493745446
0.0037199385697
0.432670332957
0.606999447104
0.441641174257
0.348371746717
0.0841052574106
0.110710963141
0.618011721177
0.163568452932
1.03961279616
0.786988079548
0.107124853879
1.0544788437
0.00773217558162
0.000766191806179
0.389537407784
0.268846723251
0.402399201412
0.465842732461
0.51402605162
0.951480353251
0.881450603949
2.09440008178
0.996937773656
0.0860589966178
0.0
0.164340413292
0.599788761348
0.244345840998
0.596430840902
0.0449820091017
0.641212636838
1.6021337572
1.50662979204
0.483873805497
0.0055154657457
1.35845744633
0.443366159219
0.0805143788457
0.147048977204
0.0580640789121
0.220916079357
0.421517554671
1.46948287962
0.512570088031
7.21852935839
0.693422024313
0.878911865875
0.341951742535
0.379518662812
0.358914381824
0.178985726088
0.675281064468
0.590504189953
0.60812492948
1.26177385356
1.02444578521
0.646118311211
1.40245758183
0.830615776475
0.394056429155
0.37454014644
0.121595304459
0.475377623923
0.153316369746
1.46840230131
0.705094222445
0.962794343708
0.733073501498
1.18644614401
2.06319954165
0.00324232736602
0.188621580834
0.00150646071415
0.185946278274
1.90883785952
1.09621470643
0.186532716325
0.49115005671
0.894125563442
0.818850342999
2.07647689199
0.0475567989051
0.633260415634
0.375611502677
0.155527458992
0.974738121964
0.24994268408
0.412755219266
1.6949305553
0.719669866026
0.440042782342
0.946326141944
4.07335765474
0.582461606828
0.0911700222641
0.359183467459
0.879060163163
0.592703003436
0.309072779026
0.853272922337
0.759849289432
0.343508584541
0.438339863904
0.469462984242
0.898767008504
0.643657571287
1.35916301981
0.220169608481
0.678350648028
0.814004655927
1.20209426153
0.986168205505
0.93350659532
1.44721045205
1.37648407603
1.42735111993
0.0569881252013
0.58506584214
0.102775470586
0.0587365721003
0.822033320088
0.334285631776
0.223267138121
0.275633900892
1.86543778051
0.469772919081
1.0111668834
2.17965502024
1.47666107374
0.713473901153
0.216550644313
0.207845069468
0.0
0.649757167324
1.32006622292
0.644016598817
2.41376870073
0.845559265465
1.46826236323
0.500634041149
0.527763165534
