0.0
0.0
0.0
0.03511145839
0.2242904054
0.730582194577
1.26334547251
0.056356467423
0.0221704412252
1.07712369692
0.85929421708
0.799268215895
0.772988110781
0.482125252485
0.188959926367
0.131948069669
0.22915917635
0.959487974644
0.264172097202
0.559492304921
0.77283471846
0.0503925619414
0.0150451231748
0.0740531310439
0.039617982693
0.00148800213356
0.0
0.0857819463126
0.0
0.0832454478368
0.791144876624
0.343713819981
0.00158957170788
0.505912078428
0.628672031919
0.703292188235
0.479593258351
0.0181583445519
0.152766759507
0.165286458097
0.526791806798
0.364853542647
0.234749904834
0.105995147722
0.227031305432
0.372494806303
0.377852600534
1.60917773563
0.292035970138
0.0105104401009
1.06926089915
0.0098987435922
0.00371760467533
0.692483740859
0.332919264212
0.808022994548
0.610540082678
1.0930295228
2.11862112186
1.41904352419
1.50153787591
0.0209856014699
0.000869064533617
0.0713599045994
0.224182598293
0.664276553318
0.346751989331
0.662682358176
0.0564283970743
0.294895299361
1.51063967217
1.78272580879
0.36702297593
0.147280457662
1.15497763199
0.0213705897331
0.118835091591
0.181102319621
0.0416693501174
0.517975311726
0.387905658688
1.67368286336
0.843892162549
5.20302962302
0.334646189585
0.773477163864
0.0944458972663
0.231403894024
0.613607938809
0.0262090768665
0.620809269603
0.736137158237
0.6677904065
1.15700621984
1.47371574515
0.53627771046
1.01425544452
0.467117809807
0.337321483763
0.165788208338
0.0547808092088
0.691689307801
0.478944299975
1.70003741211
0.656929249642
0.891219205689
0.637224553851
1.10951762658
1.14008727996
0.589507747442
0.20840683725
0.0133402002975
0.181056290865
3.1867892961
0.995711931377
0.273396595439
0.651279840502
1.79004612588
0.645003007492
3.21662441432
0.0311131123453
0.633648872841
0.324518117122
0.271266822703
0.448301996803
0.26127529901
0.442275051028
0.789424686227
0.890289137722
0.209172701871
0.748917083722
4.92024745815
0.795630347915
0.0790070577059
0.770389919169
0.736210700008
0.29230005201
0.290970664122
0.74595541507
0.463724191533
0.440722201136
0.420814993326
0.234393538907
1.3227154286
0.573864196544
1.30916449527
0.0693825228373
0.529613372986
0.873229764402
1.11503626779
1.50258585741
0.849230053136
1.59727951512
1.66825763159
2.1905819485
0.0756761785597
0.275685470551
0.0318798302906
0.0462711755536
0.905465560267
0.311836961657
0.231725689489
0.077218696475
1.69890554808
0.454574021976
0.939963618293
1.87239174044
1.10434310231
0.676609266549
0.386569483613
0.294677078724
0.0
0.922766342759
2.15554910898
0.00557973203831
3.29990058027
1.56462672912
1.02403427474
0.349059471861
0.534713384928
