0
0
0.0404075011611
0.0882718861103
0.099158462137
0.194126625662
0.735038297542
0.00937715359032
0.100206406787
0.638456614688
0.508419176564
0.628407344222
0.781579732429
0.754996538162
0.213599682786
0.193876642035
0.344296336174
0.219319310039
0.244900992839
0.120902415365
0.758059613407
0.0
0.00914506288245
0.00357306515798
0.0589573513716
0.0
0.0
0.00895630841842
0.0840022116899
0.105347512756
0.205280590337
0.0
0.0142632899806
0.498328636633
0.581837926526
0.401139086578
1.39836642449
0.27037165314
0.052363666473
0.39177612873
0.49616406858
0.413566592149
0.332292848732
0.117985443212
0.135862801224
0.459358264692
0.105013782158
1.08390873438
0.719863440841
0.0804492176976
0.08253667393
0.0012159239559
0.102383405901
0.522500870284
0.234291281551
0.45344187133
0.566803778987
0.726407425711
0.577054423979
0.913995187962
1.88714343496
0.493705573957
0.152152206516
0.0
0.0762725016102
0.519265957118
0.173622274539
0.503120267764
0.0382707482204
0.682705198647
1.87869306048
1.47217480699
0.337058353238
0.00346000911668
1.67022171034
0.567350280471
0.0721184834838
0.177397544263
0.0386453208048
0.329212237615
0.490108370781
1.36854493944
0.454824590823
6.96036924352
0.425960970519
0.778438912705
0.346560098231
0.391974262951
0.352550299838
0.169389391755
0.69821088505
0.568183045834
0.552346743643
1.21630863636
1.07521347934
1.10241871001
1.00184711604
0.888719326642
0.461665118113
0.385907966644
0.0854330919683
0.666384057375
0.115403847303
1.34991992032
0.779832403176
1.02712582424
0.695563674439
1.1639722914
2.12434614368
0.0391279614996
0.25168758072
0.0348340212367
0.300276517868
1.58823089302
1.10673006042
0.23256303079
0.489664906636
1.16480651579
0.480703807436
1.9728439562
0.0601384043694
0.532948264095
0.257751152385
0.178439928684
0.984173355391
0.281552862376
0.364425508305
1.52213621
0.581621315447
0.316070589935
0.980102546979
3.16223663231
1.57674112427
0.121166373719
0.308568541426
0.498142698314
0.688911900215
0.321446313988
0.995161743835
0.802147807553
0.343222778523
0.297533303034
0.491682625143
0.996699455136
0.878218233236
1.15606848057
0.202026153565
0.718748410465
0.884864963591
1.20349297486
1.09815910156
0.765761083923
1.47462135338
1.35862134094
1.4363357019
0.061298572924
0.468737930758
0.125568571675
0.0771580623987
0.939211732242
0.271445222199
0.210119757219
0.347916418687
1.72571270727
0.486433732556
0.96053516306
2.39458529325
1.66343627661
0.665403049905
0.178198312758
0.43269725889
0.0
0.601126261055
1.68984382041
0.497001818614
1.84980013524
0.795241937041
1.25067587383
0.75165261596
0.535102397203
