0.0
0.0
0.0796450469643
0.884877789766
0.178580667824
0.727049329027
0.132101248484
0.300359393936
0.106474071741
0.629005924799
1.15188809019
0.397381730378
0.627826378914
0.0
0.190720952116
0.169167835265
0.182850942016
0.046671051532
0.0946006150916
0.972169201821
0.771380608901
0.142670424888
0.122582072392
0.170671850443
0.454949568026
0.482082828879
0.0
0.0
0.0
0.0520239317848
0.738439584617
0.0
0.0
0.520666183438
0.361542622792
1.04911360401
0.186269472586
1.05466260202
0.0884484177222
0.148950369796
0.626240337733
0.09945788607
0.916964414064
0.0565987250302
0.288535425905
0.563859491609
0.193961296754
1.13877953659
0.281011344399
0.986742817564
0.240612492082
0.0285029718652
0.228632592887
0.286145593505
0.445222608745
0.786410290399
0.423259605654
0.312709387392
1.87893421168
1.82226440986
3.46514548844
2.09749750374
0.0
0.00572714535519
0.0942639671266
0.426299053244
0.474796187133
0.546036597458
0.194971710443
0.133954289253
2.94698283263
1.77558295475
1.38074779947
0.21177541709
0.601661645807
0.0444097127765
0.370106935501
0.128042664379
0.0260782856494
0.379395402968
0.451364696026
1.41632667743
0.869120774325
2.78055698308
0.271846715827
0.552106248913
0.351981699467
0.591610448901
0.552956926171
0.112093508709
0.790758373216
0.258575893939
0.369675256312
1.03051125072
1.33492364455
1.21214303048
1.91670855891
1.09671698767
0.369083260885
0.229571870295
0.144994046539
0.77649407537
0.407749709673
1.31685910118
1.16358711524
1.43992556492
0.727416256443
0.80916566262
1.13081757724
0.264972633682
0.356032533455
0.0539351515472
0.377274975181
0.937757648528
0.740398081834
0.131351333112
0.323689878103
1.57587822294
0.403986216523
1.34497697186
0.10992281884
0.544325989438
0.0518537749886
0.442394773476
0.730520896614
0.323616430163
0.280839444138
0.340533515438
0.801416521892
0.265985562932
1.29056045727
1.78927953867
0.550336248125
0.461508745968
1.32517150231
0.738434020896
0.548603908159
0.267708462023
0.578189654509
0.219359128736
0.41314096807
0.502407294232
0.67240376852
1.67425057571
1.45675729867
1.10092589993
0.0555741339922
0.677892789245
0.447728587314
1.97469725832
1.45491195843
1.43900477397
2.24513963796
1.38582195831
1.72995461454
0.152833193541
0.579357877374
0.13981197367
0.731590368086
1.03885192948
0.0607666727155
0.380700128153
0.285090111196
1.47968020197
0.0798361143097
0.773722465383
1.89812673186
1.60023656674
0.902580644004
0.328443163307
0.85366602242
0.0
0.102423921227
2.34145404119
0.100910227746
1.36438025342
0.782317366451
1.78629840165
1.54177615047
0.620150018483
