0.0
0.0
0.0240861736238
0.26785654854
0.0409952998161
0.212991692591
0.49563310598
0.104558651801
0.0391621841118
0.585936063901
0.691746540135
0.522703245282
0.830043929629
0.408453702927
0.225542592816
0.0675059407949
0.188669905066
0.0630395561457
0.214128611377
0.890717573464
0.738802753389
0.156458486803
0.00497560063377
0.00371628417633
0.261762557086
0.0
0.0
0.00328615843318
0.0
0.0
0.174828929361
0.00706840120256
0.00443712249398
0.567806879058
0.475544367917
0.741833259235
1.35670563206
0.185299672186
0.090763470158
0.224234511959
0.532323760446
0.198429941491
0.606976492214
0.140549455304
0.214599682949
0.381091299932
0.495766064967
1.23486832879
0.255468934774
0.292256825604
0.313452126225
0.038629304152
0.0355221214122
0.367006317014
0.418915971182
0.229401998222
0.471801140578
0.603234826704
0.673294394743
0.272527922876
2.16944829316
0.708313211799
0.00647474441212
0.0867688137805
0.119066284969
0.411342978303
0.170938124065
0.420462875394
0.0617803549394
0.302733140066
2.69804661255
1.42407948547
0.824364550994
0.0164242051542
2.35068785585
0.346591116395
0.240652281791
0.295225121081
0.0434201424941
0.54448505491
0.376218348742
1.55850625341
1.05423307652
3.85980228125
0.455615330487
0.744599547237
0.512280457653
0.544726894121
0.619507164694
0.224234623834
0.871887052897
0.548287562095
0.40260857949
0.849032711238
1.44249357865
0.676846129354
1.8640145117
0.935086568352
0.0490080213349
0.377246193588
0.0498973475769
0.734281536192
0.247438185615
1.39117289148
0.772066633275
1.47241658065
0.733132260502
0.724349264987
1.54127650801
0.0419250171981
0.475154750049
0.00408738938859
0.231161018834
1.63780197501
1.0200030678
0.206568529014
0.56632386148
1.74353598012
0.49992154655
2.47868260089
0.0652471110225
0.950858402299
0.294934376725
0.453496972797
0.905117903836
0.43083866965
1.15566624096
0.701524620177
0.652070446406
0.638494818704
1.08318681782
3.10238970583
0.437442294497
0.348967024649
1.27082755079
0.954457521555
0.651080244686
0.248673077673
0.949413761497
0.596741483547
0.53370947158
0.299722834257
0.446725977818
1.36565619172
0.396945469547
1.12593961996
0.0995127035421
1.07829164667
0.755249295384
1.50274441671
1.2004640922
1.15309020248
2.08870688314
1.41624173475
1.52844658191
0.20211680932
0.552792051807
0.336447784503
0.0699536995962
0.773722869111
0.148560240865
0.341034945101
0.193890763912
1.25177155784
0.279444088228
0.851178389974
2.55618758034
1.06625190517
0.997424010187
0.571721996705
0.804817453027
0.00123168691061
0.184119686484
3.13115471601
0.313180265017
1.37864232529
0.678145576268
2.06605625153
1.55646522343
0.71345821023
