0.0
0.0
0.0
0.0306739727966
0.214285057969
0.619444898388
1.25931154541
0.0381472200388
0.0411756113172
1.19973327382
0.828210491687
0.560787089169
0.76982572698
0.473095715046
0.189699957147
0.170090391301
0.212848439813
1.03734438121
0.162095987704
0.459484912455
0.772939860355
0.0517443335848
0.0144351478666
0.0
0.488649851643
0.111839997349
0.0
0.0471641231561
0.0
0.0899777041632
0.619579861406
0.349534422159
0.0
0.667321774061
0.652780424105
0.373448453844
2.30552894133
0.0432739146054
0.118750400841
0.416205781046
0.452905869111
0.489644344139
0.300179678947
0.0783785143867
0.233065955341
0.444910179591
0.299951713067
1.02495371737
0.280640438199
0.0384624218568
0.64262795588
0.0181714054197
0.00349951972021
0.599156710668
0.314206210896
0.648301563226
0.721056858543
0.844003944891
2.65007770562
0.985353816301
1.23467379087
0.478002549149
0.0180273000151
0.0621492367936
0.146423080936
0.650199603289
0.345190415625
0.660154217854
0.0538497017696
0.198490554467
1.35732348054
1.61849596351
0.360262463742
0.0676602014573
1.40252180328
0.21769575373
0.0873104706407
0.103101515677
0.0794974353048
0.637547001243
0.399707593024
1.68932198361
0.69443632022
7.33452651976
0.460739243077
0.837867722381
0.333827997674
0.221792693657
0.488627891173
0.0423099435866
0.546381508
0.722280422226
0.615930056199
1.14918920398
1.14871088695
0.465740316315
1.21791525371
0.539353101747
0.451175168157
0.298259776901
0.0612570736557
0.453119136393
0.173974997597
1.40007256577
0.753993593156
0.915633413126
0.503010786371
0.883219908574
1.48676133901
0.398027974181
0.282317314908
0.0
0.253404349089
3.00957421516
0.886799521511
0.29252047441
0.536218331312
1.64905193262
0.659266103059
2.15230294876
0.0237497421913
0.954107964993
0.641031730804
0.310000849888
0.666942306561
0.359737497522
0.338529100642
0.935189545504
0.759233006393
0.212156296708
0.593554622959
5.0684982161
2.33623858588
0.0383128649555
0.491407472291
0.599210931105
0.321620539762
0.222311373102
0.755892977118
0.424364176812
0.561031260644
0.429632379208
0.224656973034
0.785396357358
0.693361150101
1.82301254757
0.0667216305155
0.725573175121
0.694946363568
1.26888939366
1.39314612956
0.849400382722
1.47164512146
1.86697927304
1.94782116456
0.119470718782
0.303697367897
0.0808956521796
0.0599661231972
0.898492168286
0.412179730833
0.247426394373
0.119310153183
1.73717538046
0.501848768909
0.975431092782
2.13021297648
1.11771853862
0.674994806061
0.407610882248
0.124489378184
0.0
0.669636301696
1.85516751185
0.0481677035051
1.53255220479
1.33602773864
1.14102923404
0.395484966692
0.280329058762
