0.0
0.0
0.125289997086
0.189037918812
0.138041531667
0.378046214755
0.776980955619
0.213753972203
1.11048796773
0.73814689368
1.20280871703
0.472696699202
0.456939978525
1.03071784601
0.0202722717077
0.377004042268
0.0
0.218755371869
0.583236055914
1.54730570503
0.864173289854
0.37000455521
0.392153481953
0.00818965327926
0.104619672522
0.0
0.0
0.0
0.0331055931747
0.313510719221
0.888045481523
0.0246413033456
0.0277826506644
0.489738707489
0.514145075809
1.1663695426
0.778632145375
0.338853778318
0.434056014521
1.01797786448
0.31070539495
0.107678661472
0.2611349863
0.354674971779
0.571102256421
0.347366628703
0.410466976464
3.10589888971
0.172817653976
0.776806101087
0.221103661694
0.227906285785
0.206804691406
0.202156096697
0.348821965978
0.823135314044
0.797044319334
0.476006230339
1.96309077134
0.525909925811
1.19303733786
1.01704259031
0.0211135083809
0.0
0.158271372202
0.744587737834
0.0975988623686
0.73061737814
0.072712495923
0.959578294307
2.53117252328
1.50084294192
13.9080920557
0.259444111027
0.557297520339
0.19882838428
0.120571407489
0.224532790482
0.0
0.332641519606
0.110089779831
1.79969686875
1.70666102949
2.47317215614
0.913249029079
0.819351235405
0.14106196491
0.567835649941
0.275632660836
0.390434022993
1.10652214196
1.54671144951
0.282208282501
1.53596735373
0.89341953909
1.42898859223
1.41761510703
1.0338257096
0.109390837606
0.564487454481
0.110106222332
0.52197615552
0.314691257081
1.86350360326
0.915325864218
1.19362156885
1.3396528617
1.05914982082
0.583234800026
0.185209887102
0.256325413764
0.197124547296
0.298825409263
0.132494151592
1.13393130712
0.904123316519
1.10843456979
1.73466680245
0.525730116526
0.42903638701
0.145534767769
1.70449525298
0.282045437023
1.32011887245
0.308996558306
0.138306231587
0.201072158874
0.425464382046
0.642494687345
0.369900503894
0.959340731613
1.33912450308
0.813676295918
0.675757989346
3.67139705643
0.578172505135
0.647551200353
0.362148847431
0.695686624851
0.819543181919
0.571738192346
0.123511694837
0.483228256926
2.54001610959
1.55553467968
0.53885364905
0.0494126110571
0.859012838453
0.341386802087
1.35624870285
0.857157342602
1.41804649512
1.75291581266
2.12350934907
0.791705613927
0.523721253965
0.502616415266
0.531401817221
3.17629676871
3.77398498356
0.335784148425
0.892709633335
0.140471657272
0.770224978216
0.17050940264
1.14922309387
2.0275661815
1.66626875708
0.678782982752
0.962309848517
0.271883361973
0.383900433779
0.384775274433
1.35045709461
0.451005758543
0.925276850001
1.25416710787
2.87976752315
1.38440263644
0.818143653683
