0.0
0.0
0.288875961676
0.344742693007
0.644015770406
0.622979829554
0.815903102281
0.433155370876
1.22651257738
1.0421100657
2.35661681928
0.85584937036
0.285869479179
1.09170305729
0.496831361204
0.0
0.13835196197
0.216112814844
0.287288653664
1.31018062308
0.94633586891
0.206508600153
1.19343318045
0.0828493332956
0.0867259819061
0.345237107947
0.341653432697
0.0
0.0
0.266243221238
1.06645105488
0.0279824603349
0.404638707638
0.356518411136
0.844939609873
1.83262667549
0.351956505328
4.14804600459
0.141846087063
0.189864330809
0.319562744349
0.335810068529
0.510008280631
0.290414448245
0.237406540662
0.2388772993
0.465681652073
1.86759575363
0.16516764462
1.13736180379
0.190909051104
0.139759805985
0.215017622395
0.35562920355
0.265928310342
0.797540660249
0.431031318847
0.282379631884
1.64524059277
0.711089816876
1.48173682974
0.103649003664
0.00760553590953
0.260063141584
0.977981653763
0.444366866723
0.0799326002598
0.59266279242
0.0895229848102
1.71599160531
1.44842854049
0.555515043437
2.87912116927
0.0863855716307
0.441509091412
0.825045511127
0.146371415816
0.313117399812
0.00906846299767
0.22188549093
0.117417697329
2.13321886677
1.36743146274
1.98795482446
1.26677347952
1.20152508246
0.0758011862636
0.38147416024
0.228379392996
0.7903095847
1.12776978291
0.765393182635
0.296014789725
1.02621785598
0.864046276081
2.04500545003
0.900951024145
0.571416000254
0.0677873417735
0.486157760955
0.0738793052733
0.643715743907
0.595016947831
1.79596444918
1.02063298225
0.940999766812
1.22859341372
0.919484551065
1.1078086351
0.174497015309
0.259674942587
0.14221258834
0.800732167438
0.353804253042
1.29368299688
0.793704514392
1.02425390156
1.57740709523
0.742389465682
0.403815396829
0.174068095163
1.62743428338
0.409740041243
1.01815655781
0.451851318881
0.0808694288135
0.25552550517
0.555057656951
0.666028770152
0.230597481364
0.817761515267
1.20776252076
0.518249309913
0.604973819107
1.83916890656
0.412361898925
0.979728713632
0.283428711467
0.527649285737
0.672740653856
0.486561472528
0.160278401338
0.895290441811
2.40957309818
1.33558851853
0.456723720767
0.00125446240418
0.894154090143
0.0355814560317
1.58609324973
0.377288548276
1.42650346924
1.9434365523
1.66820026329
0.671464573592
0.808030557469
0.298714156263
0.283237244003
0.228773229755
1.00652149611
0.3934269608
1.14629856264
0.37971135322
0.595889363438
0.402227519313
0.657770768506
1.61740467791
0.848715389613
0.705891500227
2.08573212475
0.929932331666
0.82474475354
0.735936672427
2.63369820453
2.57372923602
1.61353676906
1.57470910624
4.44390621781
1.3457880402
0.545474062441
