0
0
0.240881659091
0.246572952718
0.237419580109
0.527777656098
0.897064840421
0.301682009362
1.1746491883
0.960456844419
1.50407556491
0.537868887186
0.558628054103
1.12841069326
0.0158173721284
0.193208117038
0.179847508669
0.123615499586
0.767906180117
1.52652991563
0.947383620078
0.368525746278
0.414049901068
0.0122755193152
0.374095106497
0.180643752217
0.0079604042694
0.0
0.0328204520047
0.455153592862
0.877001418499
0.0124376816675
0.0
0.473502716166
0.528957168339
1.58017200406
0.797182927141
1.01971993945
0.512587239966
0.991581697483
0.39593028836
0.118137546815
0.0533586042002
0.33080243622
0.473003256135
0.307020077948
0.469110372942
3.08458980569
0.151605688035
1.1486322456
0.265992599307
0.144550433382
0.161777339992
0.338072312297
0.389296149136
0.814192959573
0.769773693755
0.442599702161
2.41778040538
0.831623385195
1.45530990546
0.488267146982
0.0316580748186
0.0
0.443974544527
0.62574875704
0.0960542259272
0.787590538384
0.195885673165
1.3045738847
2.2636032555
1.14733863552
13.0674059653
0.126185089233
0.528523550835
0.307786435122
0.151568800211
0.237247657031
0.0
0.335220580455
0.106774382293
1.94208006142
1.49282284989
2.1696252547
1.47172676539
0.700964577962
0.151400845498
0.451617030893
0.390581100248
0.424840770662
1.09824288986
1.32871168107
0.33136324957
1.51664878475
1.34444067767
1.50514131377
1.43908570445
0.911894773308
0.0643726401031
0.531400600215
0.109011724591
0.675634973682
0.274795250152
1.55600612145
0.894255684689
1.29799370095
1.3358767773
0.857316606445
0.718184483703
0.180706262589
0.119081611221
0.138129424304
0.375309415162
0.170136287808
1.3475520967
0.820797175169
1.12666684948
1.75339030148
0.538471077569
0.332056521438
0.18344463408
2.21675426926
0.234869592357
1.24178228481
0.233487066929
0.135658665502
0.275868741795
0.305997850839
0.512967484072
0.2821797051
0.737648076145
1.4573569214
0.504063339962
1.07890785858
2.75703195296
0.506055531907
0.750217424706
0.378600224853
0.650579762645
0.750620848848
0.55406088708
0.120946750394
0.567017808324
3.01457266067
1.37845711829
0.325585125014
0.0598907115054
0.992538884282
0.373216956854
1.18570725247
0.682075495133
1.71077565849
1.8886478655
2.25938777532
0.823855933733
0.91984558478
0.399630059837
0.326883444563
2.33616627427
3.26588920475
0.292400596663
0.811318772845
0.154690959956
0.794743711129
0.187978539616
0.942061274312
2.19216899015
1.43696097285
0.589803224429
0.476576369081
0.173556283116
0.281866639853
0.310444008559
1.29017455876
0.899010646186
0.834497926524
1.52604106348
3.43947287649
1.77153504826
0.79041477479
