0.0
0.0
0.265157190617
0.156802457292
0.777731939044
0.816602620762
1.44284434803
0.423179293051
0.354063339531
1.20595273934
2.11331310263
0.452559776604
0.694288859144
0.564668953419
0.748178124428
0.0617276849225
0.0
0.0804843567312
0.1974818483
1.24628840119
0.974837500602
0.172503469279
1.12424293021
0.112089773407
0.559773541056
0.209957554936
0.155067881569
0.017478313297
0.0
0.276744571514
0.871140360367
0.0177637584275
0.42634788854
0.396921239793
0.788726878469
1.14821707236
0.685072361259
0.232934820931
0.288397419383
0.135531846434
0.650291578262
0.312652911758
0.704356479459
0.175795506686
0.267632490024
0.46483342693
0.632742765825
2.09783471981
0.0300032321829
0.710206250078
0.140185667638
0.0716107711196
0.52981183675
0.294566118508
0.512237415882
0.916811846197
0.266977560939
0.590265883133
0.860846951371
0.807294806349
0.522562265396
0.109385499731
0.0179626463214
0.138894915581
1.17113403603
0.407385899482
0.169568479527
0.41814917326
0.173674569232
1.19520506263
1.15471134637
0.478900648188
1.33270054299
0.142492989427
0.401737030013
0.511174237356
0.0373954037204
0.254861883819
0.039220141538
0.185302220285
0.101679758634
2.03238429595
1.22491460014
1.91185224149
0.860304565867
3.3987314041
0.194780932274
0.110955883341
0.129307243973
0.727317484329
0.772923228331
0.338927823934
0.28133003437
0.644284148701
0.600898080273
1.56475212146
1.01540375804
0.824761474272
0.0650099231862
0.156709739007
0.0245130248368
0.525134412688
0.325362697244
1.55778515479
1.02018262935
1.16648394521
1.12146801944
0.694636756089
0.934004756622
0.189337907359
0.14235456381
0.0361169208772
1.17774374317
0.188996877521
0.996562624758
0.34355002275
0.501521369908
1.46930608485
0.786133575719
0.330652797595
0.125244114082
3.14447160542
0.90183100797
1.5250861824
0.239660386054
0.111851375783
0.238097697962
0.539002604783
0.597160388948
0.423168417066
0.854771730024
1.09816232882
0.266478367615
0.282480619848
0.581319685152
0.486524930224
0.688441127539
0.254179851618
0.424589139875
0.734663807321
0.798432211857
0.330589070683
0.989279869944
2.56457159785
2.07359525363
0.605864199228
0.00838375929743
0.612199362367
0.0939359432086
1.77899443638
0.419019192341
1.37894745311
2.0706024589
2.31038295943
0.961901925504
0.944432532648
0.313536555273
0.0207585624303
0.108661770821
0.578603248781
0.322916558012
1.05219508125
0.400144997984
0.576116448268
0.663593454054
0.605142285582
1.44366693124
0.871077813441
0.603646613425
1.38846530952
0.665607355535
1.38073791564
0.550595216453
2.98241941258
0.954551828559
0.591711243032
2.67329993844
3.69853117317
1.31953715999
0.583288042806
