0.0
0.0
0.260449521244
0.133388135466
0.944318242371
0.808147843927
1.21204380086
0.541011535563
0.462674193084
1.15350523498
2.1944889836
0.446146553382
0.622281949967
0.709929466248
0.767588686198
0.0766439959407
0.0
0.0224618371576
0.184952447191
1.1018942669
0.764151789248
0.225371019449
1.0947470516
0.0213338627946
0.693856976577
0.200995136052
0.194431189448
0.0161875169724
0.0
0.261397340073
0.898708663066
0.0262477975339
0.309052101336
0.334692837961
0.766939783236
1.24542634794
0.197199835442
6.21878102748
0.158157861035
0.116556271911
0.552964928909
0.274403125048
0.558007374406
0.0837944021332
0.240545034409
0.414114121813
0.676441580639
2.31867326144
0.0438210855937
0.70120999217
0.146776908194
0.0715626329184
0.383274432446
0.258583683986
0.372772117145
0.792143292027
0.296577550471
0.508794622961
0.733906939626
0.340394100873
0.750114949304
0.13931010291
0.00642802100629
0.124998260755
1.20230277348
0.377232172206
0.188761082245
0.536470998777
0.117131624371
0.828743096441
1.31753474264
0.595433433657
2.1118762223
0.176823123358
0.429363324714
0.65545809269
0.0301281567663
0.278740987182
0.0333947233157
0.210624881089
0.139803573489
1.96360549144
1.34453370702
1.96845060133
0.640572607517
2.59515062824
0.0904342269059
0.171619837813
0.0892592873424
0.715245243977
0.874416726641
0.274722950184
0.351659271168
0.758389412891
0.786096482538
1.44513359433
1.07944655255
0.734455416678
0.0625390342902
0.17415543925
0.0244153533131
0.627256392967
0.430333963479
1.50267245248
0.929478357895
1.41625838168
1.42621861119
0.853822281351
0.868069769233
0.185770690441
0.200621280819
0.146241303999
1.427227851
0.242030527443
0.968910075433
0.536604322493
0.551151343388
1.35679573193
0.813074631151
0.430418402189
0.112393869087
2.56993524369
1.20070087054
2.06606001919
0.427228753106
0.106540551176
0.283996606711
0.565961584449
0.691396742128
0.315007616999
0.926592177595
0.855924719013
0.383583591087
0.19901656732
0.736164245638
0.448705548886
1.00222408772
0.221850297763
0.571931454353
0.807706776541
0.739194786642
0.263638458215
0.965865055565
2.74457584484
2.07315416017
0.394474781817
0.0300970185781
0.53996860981
0.0987503761426
1.73479206488
0.31081714388
1.26697031409
2.27312169317
2.39228460076
0.831645173952
0.830189329339
0.247827440035
0.226158855017
0.0
0.712952857255
0.305917561986
1.08192651719
0.417270218022
0.50303660892
0.661890012678
0.54812013614
1.62704596668
0.86396194133
0.716301274486
1.37580159027
0.759717486799
1.45324180275
0.66834821552
3.06891791523
1.08230151911
1.09556533652
2.90553050116
4.13022037596
1.19250587374
0.449962862069
