0.0
0.0
0.124729100848
0.00896761377226
0.197051530704
0.331470314413
0.156253315508
0.0660062683746
0.825632870197
0.380410954356
0.710771798156
0.486006945372
0.40054765786
0.0977037288249
0.136462554336
0.0297275651246
0.0780537023675
0.022172998637
0.186487393104
1.78104629554
0.344137452543
0.490402206779
0.54032702744
0.174140780233
0.178021933883
1.88147136569
0.0
0.00389160681516
0.0233277659863
0.11790269264
0.390438711387
0.0
0.0
0.574114911025
0.418871030677
0.744253024459
1.21011998539
0.340996587649
0.00430683937157
0.22269201139
0.172328869347
0.130449955584
0.670366024598
0.361847071676
0.353838026291
0.387971778982
0.210783449933
2.41593671957
0.319064872805
0.703310397279
0.461532314657
0.0437178704888
0.0154481641948
0.0725385844707
0.459965404123
0.448101268616
0.336342325201
0.403802484972
2.56174356537
0.528334787581
3.83433410194
1.11079449672
0.0
0.198015770875
0.213247977197
0.384990779683
0.297595351934
0.695473020663
0.128490963019
1.13012030907
1.8548698565
1.29354861617
0.8605103835
0.297134948196
0.347438395955
0.0617956868373
0.226476705866
0.110691353679
0.00975665636361
0.70335324225
0.188362360001
1.17628280306
1.39188210201
2.74138747295
0.366019513225
1.82741914876
0.0342666665092
0.622625052929
0.387761440128
0.24685498327
0.728484754451
0.786381788552
0.204002730083
1.32127987966
1.32024663896
1.12847258197
1.95260387502
1.29379566037
0.261967289262
0.238624542952
0.00222313543782
0.653170954436
0.290306219831
1.47126577469
0.652054801583
1.61219530925
1.58624513005
1.03062195098
1.05047727376
0.108130943729
0.341848782205
0.0640413798392
0.500089690089
0.641008947045
1.06227215054
0.464201366063
0.660676931962
1.80696407752
0.762344934978
0.896054896235
0.139784094878
0.610155634116
0.139299125411
0.607438011619
0.513132635504
0.363319156691
0.144517606124
0.262565715238
0.936178774573
0.563048664946
1.16143991775
0.836624265648
0.789944314165
0.170765188755
3.75605020497
0.378857228905
0.739009188488
0.256383617991
0.441758669913
0.492745162919
0.495592971332
0.277199184289
0.726170554291
2.41899595561
2.15299329732
1.27278112993
0.350546167581
0.771820385009
0.383336467668
1.48917681351
1.1262444146
1.41433883971
2.02139113611
1.76373584545
1.32687762938
0.11730287876
0.656154040247
0.108087331289
1.6231350064
2.69967586908
0.294184619561
0.573157142848
0.18297353643
0.630410342827
0.131920219865
1.16736033093
2.20380635746
2.10032489337
0.871453612461
0.652472011745
0.391573101282
0.624741829932
0.0
0.490962523967
0.464813556115
3.69161786418
0.912757396698
2.34975310601
1.17497674376
1.29780203849
