0.0
0.0
0.108123106882
0.415938173654
0.168721961789
0.426350772032
0.200178149855
0.084294387605
0.480993658304
0.488204667345
0.945230144076
0.517718486488
0.380101063289
0.365055449307
0.114478103817
0.0803075693548
0.00593363482039
0.0323305986822
0.46968352946
1.85025072098
0.596894316375
0.424519076943
0.4882109873
0.00298172957264
0.105410094373
0.358033455908
0.113557465374
0.00301758246496
0.0348043553531
0.267118146177
0.553707743064
0.0
0.0627372637391
0.635342450114
0.411219375208
1.61449794983
1.48028942663
0.172812707024
0.0748505936936
0.260567589779
0.174099595286
0.137744343374
0.5837007761
0.402607899625
0.430694223382
0.289653721731
0.214110760018
2.838434909
0.315003999975
1.08751729649
0.830441769911
0.159569811542
0.0468217038433
0.225446168333
0.468753406778
0.485660108097
0.400213720393
0.455027863383
0.519838511944
0.713921815041
2.48422386847
1.53120045736
0.00430169934407
0.0993089525728
0.0887755039148
0.46543887828
0.343352320604
0.613922619261
0.159539517015
1.16899299913
2.70686697587
1.52605677396
1.11868515785
0.236256041913
0.605466130888
0.0926019423641
0.153277803212
0.125012869015
0.0103639410809
0.570667653345
0.272825384513
1.32097971858
1.20732617192
2.48660291475
1.18307557842
1.57659826241
0.365669555031
0.657294415287
0.415716664866
0.142931746319
0.911525646225
0.878114204854
0.101648504846
1.34136895277
1.15459674411
1.29271327285
1.53413287131
1.86465987458
0.358942554332
0.269672166556
0.032597783953
0.290194876492
0.307045585243
1.47028680798
0.891653051833
1.24867703626
1.30886915408
0.96708880947
0.824722284451
0.165247268043
0.285782076768
0.0733290836215
0.39405362308
0.264926433563
0.982259142562
0.684401734732
0.87015131698
1.55313628149
0.818218866829
0.73980085901
0.109729789197
0.852724912576
0.347907887306
0.775174751878
0.532290809788
0.310784194153
0.192713011056
0.13930526562
1.1797777107
0.417885875329
0.900426297449
1.00379202794
0.539589463267
0.367376772047
2.46157937194
0.555020492524
0.799161562696
0.268571048044
0.739167401101
0.582440023194
0.575333595043
0.273944761255
0.57930652122
2.91707662039
2.24514621729
1.03615137748
0.155868035974
1.0987530984
0.298433573917
1.46656249464
1.03671128582
1.3207020741
1.7655406408
1.59943639033
0.832275514491
0.257878534961
0.72804103978
0.217674700834
1.42592724285
2.59674030007
0.413109503686
0.580621771049
0.245985896792
0.692940175533
0.158619872993
0.904933711048
2.30417948612
1.84022327792
0.972231683787
1.16657594685
0.647406179458
0.570816935971
0.0
0.27962253429
0.36955639295
1.74984155037
1.09188244119
2.3750529238
1.34747617226
0.91802626662
