0.0
0.0
0.154843919037
0.527599826455
0.199752639979
0.456355966104
0.190214563394
0.0543716344982
0.663130290806
0.396962471306
0.454483410111
0.54942856729
0.699502042029
0.0180029962212
0.0714080107864
0.0756832552142
0.0726432737429
0.0618185494095
0.110933441669
1.32581357844
0.598744040355
0.442034617066
0.209369130433
0.1371777514
0.0229458929971
1.56298904121
0.0921073406935
0.0182801508345
0.0119225075468
0.169035788975
0.542694287375
0.0
0.0
0.396947374567
0.377461329568
1.10892030527
0.866928757634
0.464983768761
0.0
0.10600006103
0.257716508582
0.12522803247
0.669241964817
0.262820841162
0.376157859107
0.370560867479
0.174558457918
2.15985359345
0.338246462285
1.14037670055
0.230517973774
0.0
0.0123848346993
0.130658791866
0.550181331113
0.480658459477
0.354446099955
0.316479537403
3.37907762267
0.557407458138
4.56805646745
1.09215072216
0.000504468218423
0.00235415389761
0.210186257958
0.416746985167
0.320204737131
0.685660081333
0.120642894879
0.0834824452177
1.76056385739
1.77535819192
0.448244433617
0.34568170947
0.577916343929
0.0851066531613
0.235928691807
0.107918605208
0.0180806033313
0.67495607771
0.308772227727
1.29598984099
1.16845578421
2.51326869125
0.397128414595
2.64962192345
0.338699223939
0.423498286167
0.524597822689
0.323004864156
0.639385940507
0.48316486273
0.237520387396
1.31018255791
2.27198014967
1.17130284524
2.0439517817
1.74181286257
0.301469239057
0.165494102053
0.0
0.728136353195
0.272738485597
1.53433793574
0.60367474705
1.20892719133
1.02904570138
1.08324791049
0.855670753866
0.125631811097
0.150823086791
0.0578757692128
0.57768370118
0.641134366393
1.13195181452
0.336872239597
0.686664463021
1.92743901117
0.61818139418
0.802411049488
0.104697252158
0.530241770204
0.0730616536457
0.503159724176
0.480066712946
0.400504847988
0.165043361019
0.308838587254
0.971222625114
0.556569777196
1.05903097941
1.26902279537
0.506830066792
0.210253939033
4.3163332392
0.453858958557
0.671003244817
0.192203906947
0.455176155083
0.407268570503
0.482773710508
0.280187890283
0.498330056667
2.12696591695
2.23043505382
1.42896396061
0.278912037495
0.790661147796
0.613754728809
1.53858356178
1.12336331652
1.44156832038
2.1765037477
1.45778906951
1.40311337705
0.246492584702
0.617594826035
0.0915232673287
0.518837016309
2.49191398034
0.282661373727
0.512330025434
0.190810114145
0.78270791471
0.110492905136
1.21625938034
2.27758495696
2.02889348485
0.942713683355
0.571687923744
0.168388947845
0.534708719701
0.0
0.643007795268
0.157674150076
3.85267931316
0.750440262258
2.18969048001
1.17095872574
1.30080933869
