0.0
0.0
0.0750887217
0.149956299691
0.165929345414
0.333946618717
0.680948091671
0.184603068512
1.02618421987
0.720282360911
1.02332388004
0.472911611199
0.501868373714
0.351085085422
0.0287516098469
0.394502304494
0.0
0.0462142340839
0.590017043054
1.48073633201
0.639076235471
0.413946222514
0.580418910831
0.0101513369009
0.209306702018
0.244122624397
0.0797207951546
0.00785965193063
0.0293271429837
0.271561372327
0.882492090925
0.0241382587701
0.0603163875639
0.395412858925
0.418145343661
1.66542785033
1.44426741451
0.444189123809
0.0221443129703
0.682331351563
0.228513785172
0.135948046518
0.256656023441
0.490848507616
0.583162400406
0.513940649806
0.393626017962
3.47185451211
0.0918649663217
1.33413609298
0.302709043375
0.161884471774
0.260472798196
0.251432063058
0.323367449455
0.774101915304
0.704503832385
0.465579638723
1.98731228616
0.387286951183
1.41036586277
1.66001133621
0.0
0.000786249700468
0.0473920642398
0.58961481601
0.117811791599
0.66406149976
0.0858099069446
0.943329850445
2.65395665937
1.40171843074
1.73996514909
0.205997320823
0.666720902664
0.122417286038
0.0315056135878
0.184663910419
0.0
0.325651583262
0.169587273151
1.49443312082
1.4345956014
2.52853071038
1.06216426985
1.31235571578
0.122456059325
0.606700591277
0.316622771323
0.333555337507
0.856269022683
1.61992644297
0.216209782287
1.58308417536
0.435551697388
1.59478638787
1.77451114549
1.15774313407
0.217785343644
0.550519364886
0.164547547698
0.540828292491
0.342099932488
1.71466804948
1.03017402254
1.2769210441
1.57015518192
0.883021908929
0.680520445108
0.144435367896
0.640522317204
0.346742838621
0.296162478626
0.198273003101
1.08961110702
0.958734410815
1.11777520925
2.05218896735
0.701024680864
0.602552295197
0.123068407178
2.21569471469
0.853339497698
1.16970703751
0.68716432387
0.152031152335
0.293993531959
0.5210165272
0.954641664401
0.456983856857
1.03399351961
1.2464005379
0.556636752386
0.343626411632
2.61778604845
0.602396398783
0.589573872276
0.253637548536
0.802649899852
0.774485705653
0.627369832247
0.235574062914
0.499945189338
2.6954133024
1.82654977927
0.745919274166
0.0385291231796
0.926901239902
0.42219427228
1.31715292484
1.01229662262
1.45848880312
1.98725773953
2.00153416558
0.907555539161
0.218331971206
0.584192815935
0.409131163731
2.75738334283
3.26690110983
0.28283928521
0.846478803083
0.229015587829
0.742309065536
0.186332273297
1.18158745184
1.75549347885
1.72414016165
0.83880063612
1.02624133183
0.491772864945
0.400989696383
0.422435660847
0.865478932858
0.676543613372
1.42295402847
0.998765770346
2.24994529318
1.62939352915
0.756834372878
