0.0
0.0
0.254251971841
0.174311420415
0.119538841769
0.519211355364
0.553914554417
0.143632027321
0.714103877544
0.694741055369
0.793059152551
0.494128011167
0.406957973726
0.369145076722
0.0542567353696
0.0580243095756
0.000925160187762
0.0432797856629
0.659361798549
1.68414169922
0.807684208732
0.388889054768
0.701760165393
0.0065851516556
0.0794550161809
0.263737745583
0.00904267560691
0.00152436143253
0.0590000711381
0.264869074221
0.730145963375
0.0
0.0741228088737
0.35856390954
0.453553516883
2.14435046149
0.869902950712
0.464488178026
0.205515713897
0.360929324233
0.248488420621
0.172592273448
0.132939312607
0.604708559811
0.406600682531
0.481052960735
0.351592398249
3.64934166137
0.163362821564
2.86013208725
0.526083400764
0.267195165157
0.188007913064
0.191005370929
0.531524982769
0.721187377349
0.390505108749
0.424249131931
2.40697471704
0.337152863329
1.72375601996
1.49138363078
0.00358792161569
0.0112770614796
0.0247476038057
0.612753742374
0.372612674255
0.754475555383
0.0776066659018
1.10916250374
2.81025746744
1.37881359202
0.907130401523
0.227669335436
0.579923300771
0.0839875545353
0.0222084112465
0.182756098337
0.0
0.33226916939
0.189597990364
1.39881858788
1.47930110851
3.1423341101
0.51958543947
3.98133462132
0.327608107124
0.653474077466
0.458380563185
0.273759647505
0.896772752982
1.40763643524
0.15181510523
1.32797810063
0.58275254257
1.65315889334
1.71199080371
1.25205836969
0.297735744214
0.409919789992
0.128799444064
0.550703748799
0.243388300063
1.74570100475
0.987860619323
1.53753121337
1.30211290752
0.794375400757
0.632299921475
0.127397228614
0.221410808968
0.353139340878
0.259008676745
0.208117619157
1.07120211987
0.837803168222
0.894587672316
1.94264268759
0.6444069352
1.02054891351
0.0979983424768
1.33252918487
0.377920896281
0.379533508793
0.680553052574
0.267226176395
0.249954113271
0.388873232994
1.00839975104
0.396046432434
0.715276525123
1.17415259825
0.388985421741
0.133846512763
2.14363313722
0.555862402543
0.603855074383
0.236522158608
0.946489657741
0.811355615966
0.601253957488
0.214439640753
0.502691472881
2.06288244948
1.9335110659
1.05238101259
0.053350456059
0.940327543765
0.376194433775
1.49227134883
0.969286397099
1.0622837015
1.83508908097
1.90496249544
0.959223570302
0.329153389437
0.703105517663
0.324070148519
1.06732754549
2.77418119926
0.359635101631
0.837034080178
0.26208907261
0.907886978704
0.380012904294
0.872273016255
2.11269789748
1.8156045014
0.834399228916
1.01411091909
0.887755332515
0.328190397471
0.0713685811497
0.332426978275
0.485555980238
2.06852529012
1.10211686604
2.39569419809
1.42861428857
0.911498833448
