0.0
0.0
0.260443685809
0.185979593429
0.926208707271
0.583526614122
1.29954699386
0.465198051184
0.565721752122
1.0966765671
1.93254262395
0.392447058111
0.489017978311
0.869938313961
0.718507677317
0.0502443350852
0.0
0.0323242694139
0.200208183378
1.21541428939
0.77600727533
0.243463695049
0.972626432776
0.00823791138828
0.699402368511
0.209383543581
0.234020087868
0.0114484941587
0.0
0.303580333944
1.13718216622
0.026544149965
0.391936470289
0.409098124597
0.807868204545
0.978867999744
0.154734295327
5.63070114295
0.172564601526
0.250625138171
0.562053926289
0.297510403965
0.556648339145
0.193649834488
0.315766891232
0.359968903416
0.594709401601
2.05322702229
0.0466933955904
0.922870438546
0.153949033585
0.0576140657067
0.269777550013
0.300037312089
0.423492483795
0.819425158668
0.459611515951
0.383985782973
0.5527480077
0.351393685676
1.06709505222
0.431640211027
0.00410653464496
0.397348195489
1.20168245537
0.379848835582
0.149974392261
0.560214633122
0.107563407626
1.04876709194
1.27954856912
0.688056820189
1.17561444244
0.0878732632846
0.477576386416
0.771654814482
0.0416345745325
0.28270753473
0.0270678321831
0.214911855757
0.167119585443
2.12446791679
1.54877253948
1.60034728912
0.669246471487
1.22798390035
0.0775261502713
0.242694584827
0.174486518838
0.662297840812
0.973373913206
0.431383591203
0.2529792774
1.12849549716
1.12603375548
1.22289051488
1.04550180549
0.799618157325
0.0435187635012
0.304162739776
0.04380242154
0.938210839813
0.579137206776
1.61975570302
1.00368212909
1.40984692262
1.3048358846
0.884064397658
1.00737934816
0.238935447996
0.211117106955
0.128741562832
0.914925262332
0.262220851146
0.882356059796
0.655069729779
0.730878802016
1.33001039893
1.03315662825
0.455938273575
0.205906907097
2.83484128071
0.811880305351
2.06664238288
0.278152266401
0.10998560302
0.26038605161
0.719510882162
0.8171204502
0.33191383048
0.8902835357
1.30822011596
0.246387053397
0.103990485892
0.325147273834
0.318232747726
1.16759985685
0.198682236951
0.560079107992
0.634658928961
0.590233074268
0.194983579218
0.93338701129
2.83593749645
1.47672715294
0.384043669328
0.0325315964874
0.516821727826
0.0211130511016
1.71357662044
0.314007633249
1.39509733766
1.87786228722
2.40034800826
0.91263485793
0.92773861438
0.370071494021
0.158585595898
0.0
0.717440210632
0.445645336993
1.19011169486
0.413401758764
0.53355732467
0.513583037304
0.607577486895
1.81879854202
0.75969963969
0.531024258584
1.99958211463
0.785248458385
1.45837103948
0.787929255515
2.97991045937
2.06532156398
0.991897464031
1.60119789839
4.92066431791
1.11778683029
0.404734838754
