0.0
0.0
0.325409368612
0.325975183398
0.550633728504
0.544858118519
0.865836645011
0.444202161394
1.32220885158
1.05890299613
2.27911756327
0.860479548573
0.289874038659
1.11355793476
0.0266619678587
0.138309575443
0.254805207253
0.214788757265
0.628386575263
1.37445261353
1.05968450382
0.238600878045
0.793145315023
0.0572749972343
0.159513887018
0.303859882057
0.240882823244
0.0
0.126796633005
0.391846601269
1.01387746097
0.0379714425653
0.100295955315
0.20875052514
0.710838919505
2.02603516611
1.10883426561
1.06073398283
0.0694141749409
0.367152996652
0.43421746185
0.307175464928
0.094347797567
0.430809041834
0.394274917431
0.227519030683
0.477865596942
2.18078399869
0.154887650395
0.943427866034
2.49990166351
0.249324524775
0.117050211236
0.407091194764
0.435937046073
0.823519438505
0.605267230363
0.377407916822
1.52229510341
0.709960201522
1.74443871202
0.0682904402493
0.0184495192952
0.0685534626245
0.855763141531
0.654899202171
0.0843905489892
0.761547534959
0.130878051743
1.16898656194
1.93126302958
0.859655532287
12.2224146245
0.0738239712082
0.463942370377
0.468505224038
0.152959026396
0.32353233546
0.0
0.306780847022
0.205388171133
1.96271177754
1.47284160648
2.34127405484
0.682053957018
0.47619661421
0.365833699703
0.37070383504
0.31618975848
0.539854726521
1.06545643741
0.894582579844
0.203967347741
1.19102917379
0.692314720945
1.7620667076
1.00024096592
1.02457226149
0.104498766363
0.510131582618
0.116722747684
0.676254564896
0.496010257164
1.75700858136
0.940543979406
1.21159217251
1.07765341061
0.892457354348
1.02763345093
0.31381215388
0.214506526245
0.118846766651
0.792024189606
0.201058506966
1.50826137559
0.850515910424
1.48031497293
1.53597533039
0.66220767796
0.318458257825
0.0926137790084
3.69240411813
0.375476554036
2.32299931254
0.407422885299
0.111206432339
0.21066040732
0.385488833417
0.645115076099
0.310135416919
0.791343069635
1.61111634318
0.569686399307
1.20726104919
2.71968846477
0.484593344736
0.837628617883
0.315676719416
0.724394647405
0.638473991188
0.608776416164
0.179786901455
0.728489566129
2.71531163156
1.1947624929
0.390465308912
0.0343322282424
1.14964128379
0.121283107321
1.28656823467
0.546185359824
1.58158745011
2.00137829222
1.878366258
0.651770360157
0.88928974024
0.313211372588
0.425872045336
1.6707065698
1.91582944535
0.253037117422
0.906547114253
0.444280531257
0.678216354921
0.150619885884
0.666344526224
1.77083257283
0.888650036417
0.852120507509
1.52574031794
0.611526418477
0.347329270095
0.546908456832
1.5471258536
2.87005276605
0.815620414156
1.9992382545
3.48116011359
1.3031478636
0.651812124066
