0.0
0.0
0.311594586819
0.251301940531
0.261563691311
0.514380138367
0.976612860337
0.442420457024
1.27485917136
1.30236044619
1.75998927047
0.5976171121
0.236803659238
1.12606751546
0.0370332691818
0.18708596658
0.19511513412
0.222763031721
0.70801936416
1.36777435057
0.951897220686
0.257938124239
0.40502421814
0.0677445083857
0.228674884886
0.309484045953
0.0260976087302
0.0
0.110115282238
0.513233581558
1.10349012143
0.0113678434864
0.0
0.385663359542
0.607582170749
1.97606159281
0.979344064835
0.390562375542
0.871864214016
0.541787374241
0.403138630092
0.408256582916
0.103166179266
0.359929866507
0.346885261824
0.338375206571
0.526876455173
2.75838509761
0.175110728014
1.61394017562
0.288033863762
0.279304880649
0.147896641865
0.570145532489
0.325563544873
0.694227310771
0.743042730261
0.429962867871
1.87713968754
0.689668268664
1.81735189445
0.251159737119
0.0313552459702
0.0
0.758288896177
0.565917154541
0.100520823617
0.708739915397
0.153074741364
1.14578020643
2.11110410513
1.23277694941
12.8811989198
0.101067744312
0.650906230789
0.432037148741
0.0712631123606
0.279594838619
0.0
0.26765447692
0.174676924944
1.79337061453
1.45792713831
2.25294509425
0.830756909447
0.641949199024
0.213264636695
0.403584179236
0.484500190243
0.436433308758
1.1273751012
1.15273684822
0.231156645343
1.28400202375
0.650769007159
1.36950521293
1.26686617528
0.909564640722
0.10177067935
0.653311395727
0.123223315924
0.701528599486
0.420689113205
1.55673133396
0.962045885623
1.21419125283
1.59411376901
0.954383906443
0.707241541706
0.287829019129
0.285822530277
0.165393151343
0.540036939085
0.165463134646
1.43677173066
0.800471443683
1.45539632416
1.72052243305
0.609315104317
0.30966327549
0.11700489372
2.69318457943
0.340833672322
2.74593928643
0.270115595311
0.113949344261
0.351746600121
0.292589336634
0.500737472903
0.289679656969
0.81557719555
1.32891864888
0.523364957422
1.27959790325
2.9433913409
0.553259939712
0.767769094557
0.261832404882
0.798924642848
0.753078960173
0.659871233162
0.129207555205
0.668452596292
2.81870328262
1.33078972704
0.391454554163
0.0524013084359
1.02960610855
0.277049638331
1.34910903592
0.60671712365
1.50738521945
1.84690493252
2.12517598225
0.877817432454
0.90974693629
0.345179924276
0.406119741499
2.10356473573
3.13215647434
0.283754207194
0.787814617157
0.30001596408
0.638461785391
0.129493996967
0.75003585685
2.21011264157
1.1879600758
0.700860802084
1.27663261333
0.289339836687
0.02570300363
0.464986159001
1.25687556528
1.30390403233
0.805163058802
1.87505166978
3.60189617705
1.36876428779
0.701644077897
