0.0
0.0
0.159101020545
0.438236128539
0.0474365232512
0.472459763521
0.390235742088
0.0839664046653
0.555783201009
0.623148428276
0.86679040594
0.506666031666
0.238357538357
0.371669035405
0.107527587563
0.0796090103686
0.00570554670412
0.0361933484674
0.677485074848
1.84479880705
0.597599923611
0.410422503948
0.505766838789
0.127284040675
0.622171472758
0.40281368047
0.0189544409513
0.00167968589813
0.0731957778335
0.285222516861
0.623866548762
0.0
0.0747629925609
0.499496934935
0.424714159919
1.98827195168
2.32866880856
0.231723307166
0.0694130202755
0.195221096859
0.229154935107
0.190206882893
0.377538785338
0.427994663827
0.520174994599
0.413957482902
0.261007766239
3.38571286178
0.20138111338
2.06851724361
0.65260172647
0.30226020515
0.144231584796
0.220356148435
0.44481498329
0.684802695527
0.557218846632
0.44323670282
2.02501604985
0.667252999148
2.2034318666
1.21778492257
0.0
0.000963204132859
0.017362409737
0.749430716969
0.337367712054
0.62009598827
0.180624291301
1.05146562215
2.58893881692
1.37343884911
0.811853955267
0.215420434368
0.599569490645
0.133239895105
0.139610004146
0.198250412941
0.0117871705443
0.367062266916
0.172452241182
1.27265652455
1.3358953807
2.60033576051
0.67285427358
2.21588216443
0.271577017847
0.536585449125
0.536020442843
0.157068178058
0.949872299097
1.15635877661
0.10235211812
1.38416718598
1.2026802639
1.7215095351
1.68429981347
1.26521987002
0.397524098866
0.330166406929
0.0212794858962
0.435678371112
0.244884336367
1.50487112533
0.949219319038
1.26441253535
0.970377279213
0.918522471911
0.748974112794
0.160636900924
0.145422658883
0.0758971851319
0.313175503165
0.229177564383
0.996499047847
0.822869764641
0.762139969971
1.75973842246
0.726638999302
0.617805603892
0.0720471409149
1.46802960837
0.246145338286
0.610415969044
0.612635279074
0.340712184785
0.256917936495
0.222464491613
1.06251287553
0.446283686208
0.873194020474
0.916224022396
0.494312522467
0.229577428428
2.06479394709
0.515260990709
0.592315016314
0.254700496327
1.01755517954
0.697535451502
0.744490499375
0.244833442615
0.612885800132
2.62399017392
2.09518337459
0.919919352978
0.0341173522174
1.03542816022
0.601512414403
1.50820530578
1.02288497146
1.06978629157
1.72668749187
1.92508373689
0.983470981126
0.256960379658
0.806985446368
0.327823001659
0.991826948593
1.66749152669
0.394672699273
0.732737706974
0.310238085105
0.725188632961
0.127340759849
0.859396245331
2.16280779336
1.91053449223
0.741802715231
1.09331958741
0.865952406137
0.523456215858
0.0628229156137
0.175121174194
0.383799704607
2.13736477401
1.0431362316
2.15906647267
1.52253555879
0.789595324546
