0.0
0.0
0.325648322701
0.245847523212
1.02735847607
0.884111426305
2.05110421358
0.0
0.177472512238
0.360918303952
1.33904621936
0.890510185738
0.39851714205
0.159301124513
0.44569632411
0.246597442776
0.0603613732383
0.0
0.316310838331
0.600844068453
0.355515510775
0.289379452821
1.0708674849
1.2997538168
0.405002078973
0.508550405502
0.333603328094
0.226624719799
0.58999826014
0.960715434048
1.25106349727
0.0163752355147
0.0209924075752
0.869723774027
0.535690199817
2.56003169599
0.500188149512
0.487302587368
1.0477347048
0.412328150123
0.391402619891
0.508190719236
1.00097921584
0.631860976573
0.208130357554
0.371857712045
0.30055686133
1.30332766403
0.15298024076
0.202563853003
0.0890537287341
1.12212697964
0.649795532227
0.449384276988
0.24562465772
0.281458927086
0.101584589342
0.439554498997
0.320551717654
0.844412898296
0.226324873511
0.0533648170531
0.00383390672505
0.0177990566008
0.975650043227
0.173658084124
0.112477554008
0.456290129572
0.380610590335
0.460315306671
0.340848924592
0.590297740884
1.67789523304
0.0509863108164
0.565605692565
0.0970771103748
0.0476116407663
0.147282169666
0.124409742653
0.136703188531
0.181240286678
1.8146262113
0.503543675411
0.355018171016
1.27994041611
3.07545731962
0.00172016338911
0.396435179515
0.3716538921
1.10980362655
0.312205680646
0.155659939046
0.54228525958
0.722949374001
0.28671029862
0.65731627401
0.890581856947
1.14449982368
0.0396665681619
0.690863940283
0.108681000769
0.688539767754
0.0636151924264
1.74884706875
0.878793551587
1.29388843419
1.21741138364
0.840019253548
2.17756696558
0.00261170277372
0.221802461892
0.154816992115
1.0224836655
0.453264739364
1.38396027248
1.06206937041
0.450228040572
0.774429389508
1.97865375131
1.03056177625
0.144454143941
2.62972988584
0.159434366156
0.0695361122489
0.558271906339
0.0102831533877
0.396570494398
1.41604666039
0.393171220087
0.19800243713
0.808579320554
0.973147857934
0.703154095216
0.435630682623
0.0108778052963
0.120353363454
0.765092615038
0.439851304982
0.527517386596
0.219446522184
0.789765262511
1.01885982789
0.32583698607
1.88635428669
1.62517213263
0.606694336049
0.308440877066
1.45948640257
0.207725227345
1.63783992082
0.275514934678
1.03748766519
0.825714558829
1.60801658034
0.856298721861
0.854106851853
0.0774622291792
0.198741279542
0.0628231391311
0.76474331558
0.0229494981468
2.13577748556
0.263495909167
0.243248375366
0.990472020814
0.997243261896
1.0734633489
0.873430280015
1.06398603786
0.411903942295
0.116687204689
0.665270309895
0.678598582745
1.13549341727
0.678521678783
0.305902178166
1.47810260206
2.73532872647
1.25825136015
0.335934736766
