0.0
0.0
0.159812849481
0.268711634912
1.00552283227
0.474743298255
1.98138349317
0.0
0.165096256882
0.396085038781
1.49237698689
1.09861507709
0.934387564426
0.170338362455
0.354693174362
0.134393455461
0.0962811438367
0.0
0.278988466598
0.655927510699
0.255181449465
0.322120573139
0.933941115625
0.929638339207
0.269588644849
0.373322081752
0.234360844828
0.200973086059
0.476710665971
0.908543864265
1.27513401024
0.0177817323711
0.0598133495077
0.836682318943
0.438435954507
2.91739624017
0.893355123699
0.288709346205
0.705892898142
0.402382668108
0.509752158774
0.552332639229
0.857323669363
0.736602417892
0.150266025215
0.401531879848
0.425627778284
1.26812231471
0.101471465081
0.183408282697
0.103637042455
1.23555401224
0.618905087933
0.448967307806
0.234708080068
0.376997690648
0.120903501986
0.476328980993
0.566134233028
0.889933944505
0.130577693228
0.0491129420698
0.0
0.00291515677236
0.796660671476
0.191224725917
0.0895293306094
0.607909694314
0.394986550789
0.499463389628
0.478867818136
0.57374274591
1.76302148355
0.0965931166429
0.601270959654
0.0404583406635
0.123059121892
0.1300619822
0.232555519789
0.126666869968
0.101525085047
1.61305715144
0.340373991057
0.539586212486
0.800699297804
2.82504000515
0.050479875179
0.275532450993
0.419655253179
0.94856676273
0.312689612038
0.157463266165
0.433382514864
0.765554992482
0.317215014249
1.00526193343
1.50692653935
1.4003851458
0.0
0.734815802949
0.093772135675
0.714796717861
0.0569885466248
1.63947657531
0.824652242241
1.33702110802
1.09220496018
0.757956037996
1.16918893834
0.026904836297
0.165816606255
0.126088424819
1.01440607663
0.415035221726
1.41399212478
1.00120354327
0.441308818292
0.741182752186
2.21529614006
0.938777099596
0.159992972389
2.8432965884
0.156403688248
0.0542196650058
0.566511199344
0.00986404623836
0.42715135403
1.36365073826
0.426276415121
0.191091209184
0.682695142226
0.96606311202
0.917738097021
0.392673256807
0.00503866589861
0.0812034849077
0.532769342884
0.474278718699
0.427222120925
0.260205076542
0.803569650918
0.657368393033
0.402333241189
1.98663510848
1.686508741
0.628500949591
0.297219321539
1.46535848442
0.0480903522111
1.65080965089
0.440209956025
1.06944430177
0.965333596338
1.39805985615
0.854400843149
0.660489731235
0.0853870450519
0.0658965632319
0.0719431489706
0.934286267904
0.0
2.09497547336
0.243792933179
0.307050660951
0.932425096165
0.761989690363
1.13316013676
0.952145126183
1.14784086309
0.517971992085
0.00545422313735
0.709964782
0.309489408974
2.19615627173
0.449519112706
0.103221601457
1.58962306846
2.14308255538
1.31818109262
0.342613039771
