0.0
0.0
0.284309927374
0.249910274521
0.975948589854
1.08314428665
1.70061763097
0.0215963204391
0.176080098376
0.357905812096
1.24688435579
0.596969816834
0.351845211349
0.101762466133
0.421578168869
0.130168387666
0.0531180780381
0.0633370056748
0.302654883824
0.727275663288
0.476969525218
0.366372874938
1.39887544233
0.813602041453
0.363977289293
0.620153456577
0.209068261087
0.145486105233
0.578067808412
1.02966634696
1.13629866391
0.0189406187274
0.0133682349697
0.920806589304
0.638460484333
2.54301314236
0.517882815911
0.165402096231
1.13937296631
0.410981913039
0.550071457401
0.489165426116
0.930401913589
0.628350628889
0.127802374773
0.422365970444
0.305529319448
1.88289104973
0.137599049835
0.379265623866
0.0919429623755
0.97045214125
0.744949322194
0.405910314992
0.218329277297
0.35830580513
0.0967711175326
0.364116305369
0.357030071784
0.885833790991
0.393141300417
0.0279003605247
0.0
0.0263976822607
0.998179115355
0.22028171178
0.263191225356
0.407532921992
0.332709630951
0.318471043836
0.432699799538
0.477170519065
0.369203638285
0.0908590117469
0.625554743223
0.0636881880928
0.0445717955008
0.1335914433
0.111517346581
0.182457312476
0.201999710873
1.91194863524
0.469856759999
0.402063132613
1.30558337457
3.38334956765
0.0141075281426
0.215942552255
0.34981876146
1.09792664694
0.298356639221
0.15511690639
0.452904010192
0.600341795012
0.354369335808
0.792235211004
0.805864979047
1.26523527736
0.174304110929
0.339237821056
0.166801795363
0.559868073207
0.0998779404908
1.73754857935
0.896865297109
1.29365870554
1.22899899504
0.827208268456
1.87869334035
0.00384461670183
0.193321989151
0.193549397867
1.10289235041
0.725784178823
1.37399868679
0.75831503747
0.421714955941
0.812398129143
2.00706316158
0.821110263001
0.152568838559
2.10378587712
0.119567560381
0.0482309088111
0.256542024668
0.00986719370121
0.408807474189
1.58116923645
0.37864207942
0.209292649291
1.02841941593
0.97238446027
0.662651591934
0.265273504425
0.0142254970851
0.129629299045
0.537656684872
0.419945625123
0.496005520865
0.349006431177
0.746700014046
0.910986031871
0.717574452516
2.17622584593
2.01875575283
0.432011839468
0.409316286445
1.35594253242
0.159311389551
1.58004036918
0.210761193302
1.05726094684
0.836332199629
1.65342489304
0.896615154343
1.09288345347
0.166966954712
0.154668197036
0.00204077432863
0.603036278742
0.0
1.82379983482
0.249339052592
0.300738357939
0.935318133328
1.01928596874
1.24341217754
1.06131950021
1.13823439507
0.40780343255
0.00651924265549
1.05175079592
0.133837107569
1.23757791985
0.194685727809
0.359570496716
1.28727129288
3.96400706377
1.40618639439
0.400750405155
