0.0
0.0
0.204727675766
0.422168557998
0.910236803349
0.984586847946
1.4291764535
0.0199208259583
0.247485667467
0.422316776123
1.27464237437
0.561904072994
0.576801232062
0.0348257906735
0.663172535656
0.204550221562
0.0655465750024
0.166673392057
0.458365912549
0.783762825653
0.544239915442
0.360151147237
1.06872468162
0.781990678981
0.357602370903
0.327266879496
0.0994722619653
0.148647122085
0.587385956198
0.830862853327
1.12285193196
0.0135789727792
0.0318411849439
0.940737344499
0.758574320236
2.90415541502
0.668375174049
0.17119001504
0.352537730651
0.355540098506
0.346381925745
0.263451520819
0.927522163605
0.642833571648
0.334989737254
0.628930176608
0.350182661787
1.41410513408
0.108045708388
0.373663676437
0.111138340086
0.814428706653
0.687445266172
0.574245397002
0.23532055621
0.374061902519
0.13513191347
0.400582937989
0.406550550833
1.19891901687
0.49502333533
0.0145206730813
0.00193765899166
0.040877584368
0.914946001023
0.192766055465
0.391912074061
0.324490671046
0.305151536595
0.365354447218
0.434037830681
0.566808787873
2.81378456857
0.053454486595
0.746676479699
0.156042293878
0.0638704038574
0.105612877291
0.112864051829
0.121118349256
0.11141394591
1.81278987508
0.511514505371
0.53173041367
1.33924995363
3.59959411621
0.025644562149
0.141463941603
0.347922472982
0.940120881423
0.282696172595
0.191824547946
0.400197404902
0.864594874438
0.578572456259
1.14420667943
0.918842761777
0.961905005621
0.0412390083075
0.778995951288
0.212724030018
0.560978088761
0.15603715647
1.989051993
1.01639360562
1.26196624024
1.40847901255
0.900892131031
2.1566108088
0.00446201069281
0.253657992929
0.165195940994
1.31022936851
0.611248768866
1.19158961426
0.604627160588
0.538996280171
0.927781250328
2.09781579929
0.670596599812
0.107465653215
1.94105270412
0.351668280084
0.086516099982
0.467966064811
0.00982301030308
0.440241177566
1.44015036151
0.338409547228
0.232329542283
0.930070551462
0.871282741427
0.730755212135
0.276709122001
0.0421257871785
0.153324674815
0.58568671532
0.492655365728
0.402631585486
0.463108250406
0.624181725201
0.448316793132
0.643587397411
2.50645689946
2.35532356473
0.387100953609
0.310081248172
1.43282549083
0.183293963782
1.67376231635
0.290340116248
1.07587295864
0.944984502974
1.80986438273
0.912622576579
1.29144964367
0.356678955955
0.0
0.105966636213
0.593898502615
0.00149016280193
1.75021773204
0.184860191424
0.346611995017
0.912820187863
0.776798185427
1.25740426616
1.07991110347
0.979130798485
0.369758320972
0.00655982550234
1.49217982963
0.0710147470236
1.67436945508
0.250221949711
0.61984452419
1.32700680662
6.5925220754
1.16265362501
0.562003236264
