0.0
0.0
0.111198675819
0.32128142193
0.848082495038
0.668882861733
2.13558374718
0.105945823248
0.137108061463
1.06804134347
2.0067241583
0.194540930912
0.56376539357
0.192479923368
1.22966436669
0.0787168219686
0.0
0.0495841912925
0.566138058435
0.62995673879
0.870809338056
0.0612166617066
0.97028568876
0.308891441673
0.425910805003
0.0493724234402
0.316108305007
0.181739524007
0.0
0.420843075961
1.21275498765
0.00151531875599
0.127266951837
0.370964917587
0.609363969998
2.33501163643
0.333774970844
0.441744293086
0.0838810649002
0.451768245548
0.61023279652
0.221908521489
0.637746992987
0.0834745558677
0.0497061396018
0.496290414594
0.60727969883
2.04451280786
0.172629453358
0.529592042614
0.148676104523
0.140486672521
0.343218605965
0.371483431198
0.634996663081
0.652731772512
0.446359568741
0.499956961023
0.576819639304
1.47791777202
0.42697434756
0.00891952309757
0.0299156501424
0.114809511229
1.37873712718
0.642687549815
0.357899782015
0.224462101236
0.255431167316
0.914277746342
1.17760681338
0.272581367171
3.97572856583
0.039978319779
0.564055358525
0.386705302633
0.09440379031
0.0924177207053
0.0847029646393
0.0872279969044
0.238285332918
2.12638249598
0.893200578401
1.85604566208
2.77101347654
3.02450059447
0.281258473289
0.0825406552758
0.055265231058
0.994578216225
1.45836131275
0.392143979669
0.202352499589
0.436183375306
0.28476644773
1.48566597607
1.01201842306
0.626336981542
0.0969871159177
0.112566570984
0.0110377902165
0.541763890535
0.0905178319663
1.50571964181
0.983821266098
1.46608266188
1.11989813182
0.661857976229
1.28425879311
0.0867271889001
0.0445040632039
0.0593180994038
1.90366618522
0.239680800587
0.82133994624
0.494660541415
0.530163779622
1.50864203967
0.823871852364
0.285222084494
0.0667098825797
2.14601555112
0.668859947007
1.01720489142
0.555860659108
0.0187904983759
0.356501120143
1.14905642718
0.420046815416
0.223062219098
0.520259831101
1.60867498256
0.834500698373
0.0655895881355
0.391054979584
0.357705781236
0.60753859207
0.323348657228
0.246664216975
0.776231372263
0.608411107212
0.426340452163
1.0708601214
2.46352957468
2.69563582493
0.707522324112
0.0766942909686
0.906256113201
0.153544732835
1.90161404945
0.630301825702
1.1028615986
1.79418875743
2.24980346544
0.899734775536
1.24784896499
0.423151040915
0.150556001696
0.0262682265602
0.736618578434
0.285155367106
1.43938436871
0.380859006196
0.35703923367
1.01723931427
0.453546899604
1.58765243739
0.760901243193
0.341832549311
0.668730027974
0.588743045926
0.781598567963
0.534455999732
2.84259171784
1.37376678048
0.524843304079
2.36886369064
3.82986888103
1.39572782069
1.72795145772
