0.0
0.0
0.156516104937
0.141373310238
0.31932054623
1.05238816363
1.70866438095
0.0793132265098
0.0777745647356
0.946268369211
2.29327958822
0.446263302118
0.689396018628
0.231840565801
0.478539743635
0.13337912783
0.0
0.0
0.535935071995
0.54775176663
0.897089096718
0.346132805105
1.00207318226
0.7440230879
0.256069122348
0.0350480601192
0.301134238951
0.174615725875
0.0
0.489400721039
1.2125108756
0.00142475834582
0.182286662981
0.351986577734
0.720284516457
2.12505848752
0.133584766765
0.439293783624
0.0697788966354
0.501940451562
0.658677814528
0.171771063469
0.768990180222
0.145526802167
0.474331826437
0.48227042798
0.493194097071
2.3151188707
0.190171515918
0.535140971886
0.187961402524
0.154403276509
0.300567999657
0.446380800335
0.609518255107
0.5025273785
0.320858431282
0.236381864175
0.571801948303
1.17226627469
0.530910011497
0.0302190836519
0.0239140884951
0.0208167980891
1.26334523171
0.624145000707
0.652604916133
0.353847010061
0.292781770229
0.548376038321
1.11922683194
0.297360152006
4.03877270967
0.101386735216
0.426715397974
0.485570521094
0.0759373102337
0.0619961796328
0.173914819199
0.157994135981
0.311580916168
2.11085385806
1.63676049613
1.07492201822
0.821984538052
3.83369162353
0.247380124172
0.086637649918
0.0543576981872
0.859454066667
1.10867889179
0.375012467615
0.134313955903
0.537862331839
0.274623277597
1.50384634035
1.25461241161
0.638826548238
0.22537567094
0.265085429884
0.0371184833348
0.55103232991
0.138574853539
1.747389236
1.13139393181
1.10246703669
0.823363172822
0.792379443068
1.195968471
0.120205961633
0.0412956844084
0.0550330395345
2.20485438593
0.32342889905
0.883556080749
0.242428034311
0.584729104768
1.43010293692
0.70430223085
0.445667723659
0.0851551068481
1.11822092242
0.824855579063
0.835862845182
0.274576500291
0.00151677115355
0.42061728728
0.906771248556
0.385465045692
0.239842270035
0.427483755513
1.54505217634
0.929449355695
0.198149970733
0.125090809306
0.33917158097
0.749586226419
0.338874844834
0.320695402799
1.1370509977
0.524653322995
0.628561243415
1.03762144502
2.53281585895
2.70982992474
0.835074540926
0.151904899627
0.983214065258
0.27823740337
2.35817106999
0.614333970472
1.22233144334
1.54599180259
2.40036351047
0.846360231284
1.08541668754
0.325116149965
0.0047101280652
0.0263313092291
0.850815924758
0.218994356692
1.50685113342
0.262419151142
0.357514156494
1.20038450044
0.603151350049
1.3302436627
0.934704623651
0.430509876576
0.982404177077
0.267907708883
1.5732499361
0.194733589888
2.08160985261
1.15318765433
0.31643070234
2.11629443802
3.84990443848
1.32871616632
1.42522934824
