0.0
0.0
0.319835782051
0.149930970045
0.675052291597
0.910708036216
1.34957221226
0.0473564947024
0.156669918448
0.668396045454
2.19426263124
0.484844693914
0.582529714564
0.0962609648705
0.745841640048
0.273777125403
0.0
0.0456302054226
0.333048169035
0.652087804512
0.905486103147
0.496449596249
1.26664930372
0.5311497855
0.118514469359
0.0820033736527
0.319730871357
0.0841539129615
0.0
0.63400356716
1.30194309325
0.0
0.202856904361
0.458914062707
0.853461335646
2.30628561089
0.203398371348
0.545308475383
0.235930541239
0.273836390581
0.521072340198
0.149500541738
0.890345364343
0.170078522526
0.461642154609
0.481533008628
0.527265612269
3.1397088184
0.0624327664264
0.464166677673
0.13467061054
0.291464046517
0.383985377848
0.490377723705
0.542721308768
0.566718943184
0.347242244985
0.336014221655
0.485283767513
1.4350494378
0.854463980766
0.0337870176882
0.0507250491064
0.0836753807962
1.20731660444
0.685315052979
0.858370392583
0.32620466128
0.542430797592
0.561119565275
1.28596143145
0.42622577271
4.02252815408
0.103325705044
0.829078434268
0.696971362457
0.010899269022
0.0268254543189
0.261998958304
0.220318737905
0.443511952762
2.0203305399
0.893428922922
1.01474944083
0.961202351842
2.33957882551
0.230320911855
0.0725311575225
0.124929405749
0.68431394326
0.615978000453
0.287840876728
0.227239314467
0.589492288418
0.335567280184
1.43126497581
1.71390819666
0.496461837436
0.365254551172
0.359936458059
0.0292939245701
0.370909207501
0.139362914953
2.14733302314
1.09874302987
1.34387981659
0.919813869754
0.884981846553
1.13685407047
0.0647729542106
0.0942077313084
0.0994058833458
1.84299082775
0.457275152206
0.999005201273
0.493959315325
0.589164227713
1.4681645513
1.00831931736
0.561532992404
0.124013654189
1.51370352006
0.745879225433
0.963707410032
0.377799995244
0.00794667215087
0.315705418645
0.893787229201
0.435073102941
0.292909625918
0.518324557692
2.03920056112
1.47797142208
0.171430313378
0.116788366344
0.252052959055
0.734426563606
0.359989980236
0.242815052276
0.863578435965
0.352219987661
0.528018001467
1.0787461088
2.58537643403
3.76291422837
0.442101143242
0.229157691821
0.709333219798
0.198703397065
2.34230938926
0.56328750262
1.11825200357
1.301676684
1.94003438111
1.02986837272
1.29327922966
0.380583057296
0.00327252759598
0.022358160466
0.810731899575
0.255320116878
1.61059299856
0.24926504161
0.306258621626
1.29897521343
1.05153979547
1.30828192784
1.08912217477
0.690959472209
0.732063783333
0.292512666434
1.95726776123
0.11632395722
2.51303805411
0.413296345505
0.879954119213
1.76297100633
4.29171902128
1.60887352191
0.585536809638
