0
0
0.111055565998
0.302234865725
0.879913884448
0.600640909281
1.85740034282
0.0988207515329
0.147382328287
1.14062590501
2.11254193448
0.207405956462
0.573645457625
0.198165148497
1.10269014537
0.105063162744
0.0
0.0646509230137
0.347030187957
0.868019371177
0.695654216688
0.0581920514815
1.02895535633
0.45122922305
0.490137283923
0.0597485806793
0.248108431697
0.152767732739
0.0
0.42783606553
1.14491382323
0.0
0.234902923112
0.352970936801
0.573429255048
2.02319051349
0.159003219102
0.295231184456
0.181308453553
0.323529468849
0.523486277089
0.234512269963
0.672619432677
0.0443182144081
0.0487287878059
0.486401447328
0.649084826466
1.71389470645
0.263289143564
0.578836646629
0.138068474887
0.135768517852
0.34659797512
0.371238393418
0.570432310924
0.726574801607
0.45571207488
0.544189725071
0.529747747583
1.32013116032
0.388481561793
0.134151879698
0.000784676638432
0.150771236047
1.39467165968
0.519789888087
0.130288534798
0.259574197233
0.20927278325
0.8350764364
1.10463783843
0.281560570933
0.664572895505
0.0651017865166
0.326637754915
0.326676269993
0.134561378509
0.211920586415
0.0885427855537
0.100069426
0.231371812522
1.70649279654
1.04702700162
1.73963013582
3.66673840029
4.32556940988
0.234235871583
0.084680297703
0.110080515617
1.07575955807
1.49095637677
0.449704643339
0.338992574951
0.362113425042
0.328797213035
1.45113362186
0.851047720062
0.691362853977
0.090771430172
0.141523879953
0.0220266915858
0.52174578514
0.110470380634
1.52582241344
0.9016548933
1.24698878638
1.06387935055
0.725050551817
0.860674242489
0.0972093702294
0.176049192902
0.0160560598597
1.66181843635
0.193490180187
0.953247499885
0.449181981385
0.528433402069
1.49052054784
1.01327240281
0.257528784685
0.10235211649
2.60997538432
0.502768699662
0.860290288925
0.416662112926
0.0121505830903
0.428875147831
0.950257539167
0.506544831442
0.271624190733
0.551969244145
1.19388406351
0.631133574876
0.0849553011358
0.520207621157
0.297535328194
0.839600209147
0.32825002668
0.27332333615
0.749898134964
0.719900377095
0.631879050052
1.30628075846
2.62993356283
2.63802066795
0.555868823547
0.125368056935
0.848174769431
0.134322753642
1.98612937331
0.647835858166
1.33010768285
2.0351813361
2.1835832675
0.982397849672
1.317098503
0.342293439433
0.160455762409
0.0245013008825
0.680905088782
0.225829411764
1.42906817282
0.397712292615
0.407985663041
0.840712140198
0.459340032656
1.44115480036
0.688840806717
0.433318822645
0.542545827106
0.404701851308
1.48409547657
0.600965907797
2.60318081267
1.34281474678
0.952591601759
3.38780992292
3.86372585967
1.27924691886
1.25540542416
