0.0
0.0
0.281435981393
0.398790935636
0.514282540418
1.07236524974
2.03813690459
0.580039820634
0.132420146605
1.50997263938
3.45481879357
1.74034350179
1.06915006833
0.817539226264
0.0667515471578
0.364672489464
0.759568145499
0.372518802062
1.64934913162
3.11898559495
1.1405181475
2.12840602081
0.360427530715
0.171504739672
0.0524312728085
1.01369000226
0.114522790274
0.171448713169
0.351320106536
2.58397853607
1.11372428713
0.0352255627513
1.2747707665
1.02360300906
1.32147902111
2.45974163059
0.873531684279
1.37140916567
0.800867682789
0.526868909365
3.63938762923
1.39324239915
0.566551810596
1.28994460404
0.885764258681
1.08995102718
2.18905534153
1.09377886215
0.00889152241871
0.676708707062
1.32865328836
0.654323648632
1.87172818277
1.08526686125
2.40516935813
0.617900791403
0.972345495597
0.86184995994
3.22651531897
2.34442498209
1.01579111384
1.49567547414
0.324425745523
0.304101889022
1.32858367241
1.2924498301
1.35429427703
1.80432983581
0.776277225465
0.885797825526
1.18263633968
1.24558203993
2.93577292818
0.322031404823
0.395334498724
1.10557714477
1.72379611619
0.698265465442
0.842933406122
1.11513147783
0.17981753638
4.35149840638
1.49552891217
2.343116045
2.14891253738
2.76524615078
0.626454126788
0.501072771847
0.661603658576
1.5901812911
1.219478457
0.701558780856
1.61886062985
0.962503492832
2.65570521355
1.66713470034
2.08025855757
2.04346437193
0.931985464878
0.903473123908
0.404348343611
1.37133959855
1.89437629469
4.0838405278
0.726045804739
2.35539164534
3.04073232599
1.26090324641
3.67618515855
0.117779808585
0.0732653051382
0.140604185406
1.47648407333
2.47028803919
1.60438219958
2.5135267009
1.07789913239
2.04620531807
2.11085805018
1.39569325221
0.282736204565
0.275947295479
0.4719344154
0.855308249942
0.76034086151
0.356182092335
1.54184877081
2.45928419591
1.43329888699
0.821323346114
2.55842828751
0.424436032772
1.4254119955
0.345784189296
0.797967293765
0.717705711722
1.30762276391
1.22923455294
0.513498839224
2.39322797954
1.36393211992
1.97899335856
1.15167411417
2.65069392417
2.55612674868
1.64083565399
0.240822717547
0.80927108688
1.05957602244
3.82946855793
1.23818547418
3.5059486609
3.25117507926
1.56101736496
2.65584388748
1.07965463784
0.335660980549
0.0767165194266
0.849527099752
2.59018533357
0.224111162825
1.6092296663
0.515970755368
1.25000277406
0.686276583932
1.60052111931
2.69409130421
2.06110224803
1.96342743933
1.28969716281
0.0373144932091
0.746098990086
0.157193966443
1.81648887019
3.16374587454
3.90517909006
3.88349160971
2.49636607617
0.318357234821
0.0
