0
0
0.286829039454
0.567477909732
0.572914600372
1.60960355902
2.02645240002
0.343049800955
0.104119417723
1.47959617898
3.47567669302
1.82591568492
1.05827821046
0.733186252415
0.237033709884
0.331752505153
0.868830136955
0.33522379311
1.86249253573
3.33765466535
1.0506084431
2.57843847247
0.285463894485
0.104465298355
0.0525278504938
0.975989118218
0.0
0.161641871557
0.627780287527
2.65013566241
1.06371627655
0.0617236569524
1.30462815613
1.08018709766
1.34486705682
2.90719630802
1.557020735
1.4862184166
0.863667291589
0.591895109159
4.02926370071
1.7596097989
0.624096057785
1.22116373433
0.779638029751
0.981335172895
2.34777041129
1.3959798268
0.0108867238741
0.719340425916
1.35048538313
0.592012397945
2.18287431775
1.12843895983
2.43803862808
0.554698473774
1.05255662464
0.842314140638
2.62779012776
2.85959459143
1.62408605404
2.42603000021
0.335550529882
0.256658181082
1.57878211164
1.33391383174
1.38283058658
2.00301339757
0.783063350245
0.948672928265
1.55588125065
1.59012376738
3.89330543857
0.337125767022
0.639167443151
1.31602013297
1.68604742736
0.627364769229
0.64623704832
1.28322704136
0.239377339254
4.14671246521
1.67680326058
2.53984859586
2.39095972804
3.38046002644
0.958628392778
0.526544077089
0.703396916157
1.71978450799
1.10266459105
0.689921328332
1.75262300298
1.46111047082
2.77421020344
1.55755468644
2.32575777685
1.50175607763
0.967001928599
0.913326459937
0.460502110887
1.48988656141
1.89164552483
4.01583939465
0.721379600931
2.3142291815
2.98442401108
1.10832027742
2.96897922084
0.104539224412
0.0495256019058
0.137194772251
1.29541423544
2.6353232637
1.43542468711
2.66303834366
1.22131477576
2.10776499449
2.27453462128
1.35498135153
0.489597937209
0.467875265284
0.540913114324
0.507591062284
1.09980918583
0.664600325748
1.70433500095
2.66361032694
1.31396830408
0.926525543444
2.30648963014
0.481518594548
2.63103394862
0.273031905468
0.681881798082
0.683989368379
1.22303983243
1.43766260776
0.523174598347
2.21500029787
1.61556669837
2.08114348073
1.23704599589
3.03707990563
2.479599135
1.41601833922
0.324738737429
1.05952420231
1.54845308163
4.45441774046
1.15074908431
3.24332304572
2.84222227754
1.26489031874
2.83376758033
1.07468529372
0.437268597481
0.246576212347
1.2231604082
2.94269664586
0.242486133939
1.66794251278
0.49040358988
1.42961418757
0.704280903563
1.55427394621
2.88069999777
2.18008850445
1.97134362906
1.41400720179
0.0313816256821
0.535602419637
0.34258397948
1.98678903002
3.02634605579
3.64523944131
2.5527799353
3.26006294042
0.157583995257
0.072746373713
