0.0
0.0
0.344577610493
0.110885551781
0.24869030714
1.52655038366
2.0679877447
0.947664728388
0.389015985886
0.54087885411
1.39493798977
1.65028664365
0.847482633544
0.650030175224
0.446232527494
0.14286974282
0.607640667353
0.332108011993
0.237430399982
2.08875200991
0.62453584373
1.26455177506
0.20515165152
0.151409361511
0.0411168839782
0.174653992057
0.128013953567
0.0
0.310311945155
1.30878591642
0.992707548081
0.0
0.676222473383
0.765113075031
1.0003207
2.33550803596
0.672202970134
1.5889314682
0.872176667675
0.344076382928
1.99344882183
0.773023126996
0.601958469721
0.897750765551
0.420782768517
0.316730554216
1.00340332603
2.39188813185
0.0241655931459
0.801973509195
1.07525081094
0.661016553873
0.179591923952
0.60083339439
0.0988045199774
0.763229392469
0.463759204838
0.649370917119
1.44808689039
2.07031364203
0.600190338562
1.41942714807
0.114567058277
0.18863274157
0.954149128404
0.212969218846
0.869679076131
1.29708875669
0.366833165288
0.285997886211
0.76088825101
1.30602091784
1.74181522103
0.772772526136
0.627161389682
0.0478855827823
1.7648380429
0.68730916502
0.526176778483
0.37955013942
0.189671451226
2.63448834419
0.791895121336
0.856525546405
0.814675597008
1.33710471261
0.434539645677
0.148409151589
0.583111245185
0.824438316748
1.07501617214
0.704434213927
1.44957153685
1.01500990149
1.05479072966
0.60804316774
1.06981049036
1.20175343612
0.0983508192003
1.26472711982
0.0763470334932
1.27488764375
1.07535035274
3.66351452237
0.994704069803
1.13221171964
1.16658455878
1.26406705572
0.450928080012
0.0761379685719
0.177016608417
0.037692283513
0.848755877465
0.800067441538
1.18719748454
1.44836336002
0.854660939425
1.39169951808
1.70136088785
1.22362657683
0.125481851399
0.212071825634
0.134722306218
0.252978473902
0.67220360972
0.576461039134
0.444611795712
1.49519854877
0.755734459264
0.747640378773
1.21786074527
0.432949428447
1.05756102066
0.605029610218
1.02276100841
0.421567057725
0.55260090786
0.85060961952
0.500405931612
0.984438849264
0.481581751723
0.926940989681
0.404788917862
1.34898395743
0.694890242536
1.79015877721
0.0737312436104
1.27761276811
0.513623569161
2.47312519629
0.749344193027
2.15587752382
2.00513741188
1.45068080956
1.04798695585
0.465108477045
0.264555962756
0.0997951738536
0.333775710315
1.24325870385
0.17180817388
1.08546687663
0.536932935473
0.750240137801
0.978461333085
0.945746697485
2.19819416106
0.484323279932
1.18125147186
0.39225095883
0.789941884577
0.899999976158
0.0381079353392
0.521106887027
20.2604145932
2.18100678956
0.881739571691
1.34542650357
1.08599604666
0.0
