0.0
0.0
0.375973664224
0.11839184945
0.395174427889
0.783975494094
2.27783639031
0.215538822114
0.389609526377
1.12267410895
2.37192710489
1.65813310165
1.40888062119
0.659286322072
0.345690131187
0.214188169979
1.37510366825
0.685642042779
0.530046561267
2.22527587647
1.20993083599
1.63035196182
0.0748491534032
0.159145399928
0.0516483075917
0.172851692885
0.309605330229
0.0330973193049
0.480369691271
1.93063176563
1.1797648283
0.0
1.32959520887
0.753704498522
1.13424306968
2.51293705008
0.966434911592
1.73942385055
0.730076423846
0.525862186216
2.35148323909
1.03665892314
0.582357658772
1.4596544638
0.784505010117
0.547621950507
1.86860726494
0.981330872863
0.00773544289405
0.715228815563
1.22849143477
0.593539929017
0.495129998773
0.926899676211
1.15689862007
0.957407334819
0.364695807453
0.444431562442
2.31438296661
1.4134705211
0.245238867123
1.65810465766
0.134583710693
0.229202829301
1.13007503655
0.980528987013
0.651880752528
2.19533317676
0.632487929892
0.42368786782
1.31197963934
1.20046398905
3.34315494075
0.0336663093185
1.05935593555
0.493815846741
1.49206032162
0.537595660891
0.568443322321
0.491286762059
0.0979693024419
3.62983304635
1.08186207712
1.42606730247
1.4304200951
8.20643939858
0.521369159222
0.199890195392
0.626565277111
0.903162666596
1.37642779667
0.539440648863
1.70256648748
1.30694905715
1.90449154656
0.790332366712
1.37954865396
1.53486461565
0.127719860524
0.738782661036
0.256791977212
1.32105112821
1.06815484748
3.75847900112
0.733885231544
2.0898923364
1.29461619357
1.11856402247
0.997210072586
0.266667511314
0.240497765975
0.092104176234
0.853295776993
1.15143958712
0.725050159846
1.73250891163
0.787652958184
1.66581471125
2.20646816422
1.13341686688
0.806934500113
0.530497003929
0.48453882453
0.804797216959
0.820162653225
0.19406221807
1.04955175146
1.9201603923
0.611533861142
0.719797435217
1.16210084897
0.27606387157
0.862211274216
0.23728630296
0.376266754582
0.439323383383
0.684359710198
1.11274317652
0.384344531922
1.48102020839
0.74971603509
1.24042491801
0.745767489076
2.23276579287
1.94665305736
3.18316304235
0.266579639167
0.914812601637
0.588534101844
3.14824020152
1.27747565531
3.31630744459
2.33252376434
1.4973320947
1.88107787259
0.602211351274
0.179680117406
0.194827092811
0.264435781166
1.27937551885
0.326691484079
1.43555341382
0.43758065952
0.79713850352
0.747210323811
1.0984981372
2.05905018095
1.26528149284
1.55354317115
0.810300758108
0.487128913403
1.06998212263
0.483273208141
0.693492724444
2.32741970243
3.02163625439
1.27840573154
2.80228703469
0.524891473353
0.0
