0.0
0.0
0.0
0.650170115288
0.775089964271
1.47923685075
1.86345262639
0.308072941378
0.164569971384
2.02617217461
4.12725823373
1.98004503036
0.451073730364
0.675495069474
0.201059736311
0.347963834181
1.28141385817
0.366903390735
2.44972036243
2.69937116583
1.31622067885
2.93458014436
0.321700036526
0.0125150494277
0.281309278449
1.03709322587
0.00334492418915
0.323552606627
1.23907551542
2.83822270297
1.53572555422
0.101188860834
0.881384429522
1.2800329756
0.423267900944
2.51334523153
1.40721414983
0.557661439292
0.823012622073
0.929477194324
4.1381408819
2.9318382265
1.01680932799
1.18754853529
0.792237433372
1.10658019735
2.52991205547
1.20557393041
0.00560094485991
0.368715753779
0.850579012884
0.570713334484
2.52124163025
1.56743608869
2.17129933299
0.597372352146
1.5795839827
1.02519864892
3.41152680665
1.47693592822
1.19910294749
2.84857431089
0.597580671369
0.305213572923
1.34408229881
1.70441147545
1.78218199825
2.50230131205
0.719848934561
1.58397435758
2.37139756605
1.41776709445
8.36384686781
0.0381533019245
1.37859090883
1.80688701756
2.54425330216
0.669942460547
0.88839450106
1.5611187825
0.366032999009
4.75652689021
2.47717170697
3.58432078548
4.72456328827
3.91934853606
0.733914834447
0.983118531993
0.789012908936
1.75433111907
0.562917835079
0.996728277765
2.24978899793
1.28007954382
2.77545965463
2.04183287732
4.02487667836
1.42518455966
0.97188356379
1.19538012892
0.786741629883
1.16559796507
2.09655133524
4.55008055794
0.780656261952
3.58347913623
3.54940141563
1.12562640524
0.294882234186
0.0262274262495
0.346984501928
0.151037610602
1.07306240196
3.84149088338
1.67955911916
2.45053016173
1.06818246562
2.50351549825
2.60142058623
1.32114605606
0.278981281328
0.378409568686
0.867832548742
0.509936184855
1.29930805037
0.803704436868
1.66002991865
3.35843559413
1.13848674006
1.29255536757
2.38236769661
0.740905892104
0.793457981781
0.482899816008
1.06447315612
0.747408907395
0.943233379454
1.96360986994
0.606786461547
2.6830576323
1.98441680474
1.56778032146
1.16940400004
2.46912835981
1.67108944117
1.25734153821
0.459566637874
0.925793171744
2.04423776362
4.76326337713
1.01500728959
3.14261499734
3.1337474779
1.08825692534
3.49687708355
1.51028007409
0.567328753881
0.058669521939
0.987163536251
2.83501775609
0.3342510066
1.96284564724
0.42593884666
1.50137672154
0.639289687388
1.85016152263
2.99152841512
2.75345588988
1.53575798776
0.620709136128
0.238252320327
0.0493649644777
0.582154489122
2.22764771525
1.92634642217
2.80066195759
1.73696681496
2.93638310581
0.888525795192
0.0
