0.0
0.0
0.0
0.411561826942
1.04269788042
2.01164115511
2.67413406691
0.198796526762
0.354133144021
2.76346492907
5.73454644904
2.52240193961
0.395308462903
0.98169840686
0.347668588161
0.75546015054
1.31042326693
0.734965479001
1.72395101271
2.47116124537
1.55352461361
2.02460513497
0.328820861876
0.180382779334
0.175868468825
1.17046201479
0.00429548602551
0.467309926637
1.26647121459
3.06204237416
2.52761946525
0.0768067692406
0.930103417952
1.97863589064
1.31557006948
4.46777987177
2.5994113721
0.871323421597
0.993526181206
0.623306487105
4.01755337883
3.39940747153
0.875169828767
1.44852294528
0.626388099045
1.63297449844
2.73247677309
1.30108588701
0.148446850246
0.303473183885
0.641821239842
0.99897903786
1.72621779388
2.13096215617
2.32234086771
0.781292324653
1.86683605332
1.54611400794
2.31024282426
0.683665490709
0.99531102553
1.80024222098
0.224152486771
0.111456510727
1.46694273944
1.90323087201
2.13316202734
3.00428770517
0.686047062278
1.51655645994
3.0256596501
1.72492459044
3.9824884159
0.019741309341
0.538785432465
1.62005114113
2.89937640773
0.722274995875
1.08200217411
2.10415215697
0.528379710857
4.50769054843
2.02565200091
3.24162776954
4.39467941958
4.54744136136
0.660703799222
1.02808234311
1.05062107323
1.59429909126
1.00766791496
0.944416499231
2.02256264212
1.33855696395
2.33593348879
2.99043147638
3.88158628566
1.49995527847
1.06411732273
1.71898947656
0.796976504615
1.487471228
2.10397706635
3.92310738272
0.62888678076
3.4534404024
3.04432812985
1.35621959018
0.584745707922
0.0751806870103
0.215826955042
0.0555200172821
1.14033318264
4.55607816577
1.87002645724
2.51326951117
0.642958489596
2.00284265587
1.94962592772
1.1790115512
0.190822510049
0.489562278613
1.09737663437
0.513080205768
1.26769437268
0.586162328254
2.32662174432
3.81732990872
1.19374567992
1.19984645024
1.54339733301
1.48292100616
1.06089094677
0.483031478536
0.649300929043
0.778936818242
1.15593246656
2.43198478594
0.831002539955
2.97565491614
2.25405837724
1.75031120516
1.25340340845
3.64564301725
1.74058905547
2.05733875796
0.239094950259
0.987098020618
2.08447214123
5.1731079024
1.57563820784
3.13236725377
3.51529064681
2.0316633638
2.68337411457
1.4344929494
0.14032823185
0.0
0.533056305954
2.57969441987
0.459816643503
2.23524799431
0.504998811753
1.69715700427
0.68273428129
1.82615888212
2.49280361179
3.81066369615
1.92325948342
0.390147199854
0.239180728793
0.230635380838
0.934075832367
2.15876731765
1.19991745241
3.22039284615
1.89320807718
3.33373094955
1.75576286181
0.0801852941513
