0.0
0.0
0.720092147589
0.264126796392
0.524377407506
1.00923128784
2.48728896864
0.277622329304
0.266321726143
1.03862536186
2.79864779138
1.62073002197
1.43418085575
0.795615561306
0.0667515546083
0.17760335654
1.65043991804
0.85825719859
0.974768698681
2.84563698992
1.35089374892
2.10373748373
0.126039369265
0.215232113376
0.0783785823733
0.453563839197
0.189848388196
0.0671465042979
0.340689521283
1.96722348453
1.26732501527
0.12142662704
1.57148026023
0.985329868272
1.13760841102
2.73734279675
1.91821323114
1.80193281826
0.804195418023
0.367341501638
2.85456318408
1.29707571073
0.561488326523
1.89881009562
1.15958655416
0.627300289692
1.809893128
0.979957205709
0.0127630557399
0.696622800082
1.40205551463
0.723186293093
1.07121300232
0.885969930561
1.38755055424
0.880030811299
0.533843265846
0.600703888573
3.95195209282
2.09633714263
0.834472549846
2.14770148904
0.341439818207
0.316076956864
1.34659055807
1.23637296446
0.952468206175
1.8562489124
0.507296227384
0.163948114961
0.756337732309
1.3496376148
4.2889432176
0.215490012197
1.18673524586
1.10028056428
1.84593453933
0.886805006303
0.569973611622
0.809979506768
0.00703955627978
4.25269564963
1.02609997755
1.47847439279
2.15996923984
6.04490339151
0.29000300169
0.298639064771
0.855724378955
1.29455196159
1.17661151616
0.55179070239
1.79267132049
1.05336625502
2.43156982772
1.14723959262
1.88468213286
1.88644886686
0.22619449161
0.606054543518
0.299516693689
1.21339282847
1.61725345347
3.99581643613
0.808354518376
2.36994740367
1.95916858595
1.25152852037
0.864284123061
0.213114174083
0.274918633746
0.0671080951579
1.12046733499
2.48884946853
1.08644139336
2.20336679323
0.748834858881
1.76645791833
2.4023262792
1.1239313127
0.736056280555
0.233863296336
0.469627334212
1.1528896098
0.795938609866
0.213812823873
1.22398130177
1.91188522452
1.02290535858
0.775625684764
2.04660368897
0.431330172345
1.10584368184
0.335264150985
0.657558787847
0.736135772662
1.05659180565
1.20898119122
0.336360160727
1.8473360021
1.1769378325
1.83860426769
0.88784211874
2.59508903208
2.48005647585
1.74401289038
0.296562291682
0.711297474511
0.873799770023
3.13775932707
1.46341247112
3.97922778362
2.91707136668
1.40810767189
2.21406777971
1.6924094744
0.285982419737
0.229900204344
1.00438495912
2.2602840038
0.311148143373
1.46319794003
0.418224641122
1.10200972506
0.696714794729
1.30933671352
2.4167918968
1.85309000732
1.83831696399
1.7148804469
0.453333318233
0.849094554782
0.190618558787
1.65717030549
1.97135225311
3.60085795051
1.21893260814
5.15277930535
0.545156461187
0.0
