0.0
0.0
0.288656353951
0.10488406592
0.34724348411
1.46199197194
1.73351530917
0.843427188694
0.40327645489
0.743417469785
1.05395124434
1.54394331574
0.566877621925
0.576734766364
0.413828223944
0.179747269489
0.336831441266
0.211991891265
0.136125863064
1.67177095823
0.655478842556
0.938228940126
0.292137836106
0.886921554804
0.0419373898767
0.245105195791
0.133209885098
0.0
0.267889618874
1.18432793673
1.11616117577
0.0
0.322043404449
0.757967433892
0.955093994271
2.36381445057
0.715158260893
1.34316324675
0.745801727287
0.291718717664
1.83650803054
0.765143375611
0.361185375601
0.759551870637
0.335064691259
0.433371693827
0.741359256208
1.40622634813
0.0464894059114
0.834530020249
0.638996699941
0.681733374484
0.0
0.541300726705
0.0664292098954
0.786476601847
0.61481467355
0.389763682266
1.50353660551
1.86866688123
0.718678516336
1.18584425736
0.130442652968
0.0912594124675
0.81816920545
0.16418838501
0.814728206024
0.825998357264
0.377207733691
0.21664887853
0.488312643021
1.13725773199
4.61936992477
0.905870324816
0.751301195472
0.0947271324694
1.37817160948
0.651992523111
0.49960066576
0.383423805702
0.286234915257
2.39181080158
0.654218921438
1.15215635113
0.948769324459
1.73932027258
0.176401152741
0.133113266202
0.500294610858
1.03281071433
0.962995317648
0.512055443833
1.1792048011
0.83985708002
0.722335216706
0.431138454936
1.09580705548
1.42402702814
0.1181149974
1.45613135281
0.0418590428308
1.01680210046
1.005713786
3.23132822185
1.00736565655
1.01479446678
1.30135460198
1.20149315312
0.723741014488
0.0133248595521
0.183694484644
0.0469850032823
0.928774457425
0.574494269677
1.28286878151
1.35346441448
0.756869106553
1.30495561636
2.29226137325
0.807925878093
0.246136525646
0.235085055581
0.408099708613
0.170676654205
0.476852375083
0.558585594525
0.469204165041
1.17711957777
0.922883205116
0.670834986493
1.32828227477
0.430170451757
1.30479320767
0.445956038311
1.16162090609
0.315823053475
0.624748677015
0.829279352678
0.520470618503
0.891295191657
0.534048733651
0.563002159819
0.267331803218
1.09357246989
0.702931605745
1.52860327275
0.171715844423
1.72283192776
0.57524982281
2.46135308454
0.574771628133
2.27855493204
1.68880565907
1.44805214321
0.945623114705
0.476406875066
0.191641266341
0.00804926047567
0.240285065083
1.06144505143
0.13827261515
0.900214504451
0.518790885806
0.533795685507
1.05221018777
0.694865433034
2.08472959325
0.360542027745
1.21873791143
0.244672605768
0.68975231424
0.544208984822
0.0568387638777
1.37559048086
21.7738004443
1.95347155025
1.31850092113
2.30556751043
1.32280065573
0.0306634884328
