0.0
0.0
0.0
0.567581161158
1.12888257205
2.25887508574
1.74758113187
0.307724560611
0.503767739981
3.66132821282
6.46231915429
2.45293868612
0.65829194407
1.08544827253
0.396373681724
1.42199564353
2.19016708212
0.787812029943
1.41627757694
2.5436947667
1.59115961171
2.12943159253
0.23563683778
0.148606879637
0.345794362482
0.870544403791
0.295075880364
0.416427621851
1.54455296323
3.96057703439
2.89745657961
0.15415006876
0.467563650629
1.57487890497
1.25731114554
3.44571218314
2.43888236396
0.667237786576
1.01864807215
1.7107248244
3.67270462331
3.35071539227
0.836144143483
2.14024060668
0.707931034558
2.16548277671
1.4558740675
1.60105318017
0.163954063144
0.390861782362
0.700185216265
1.23197360896
1.54076713976
1.97013784805
1.95090306277
1.38841785747
2.3993980852
1.22286580363
1.9570313131
1.34614681872
1.32770704583
0.6097782898
0.0873229894787
0.296115316451
1.37935984181
1.93675109372
3.00752135133
3.07808848098
0.927467247471
2.85624577384
2.95271959039
1.96307280543
1.82307750941
0.0872970391647
0.450963985641
1.41281193437
2.93562784325
0.736467636016
0.887885604141
2.56585148908
0.53817993612
4.18031147169
3.04927832447
3.87290790305
5.54204027669
1.06249026582
1.07950301585
0.839301755652
1.05793162208
1.45955513127
0.967039104085
0.989119771868
3.03203348932
1.0670433999
4.37245009094
4.22107493877
3.21101178648
1.57576256455
1.42915419361
2.35253568599
0.662648226134
1.69887663261
2.43549568212
4.02333437849
0.450271344278
3.78561817016
3.30687088892
0.998557448271
0.82942931354
0.115159320645
5.9024239764
0.0687307212502
1.21994063538
5.72374787286
2.65946997819
2.51746322564
1.20279108611
2.79393660184
2.39355286513
1.14264288859
0.23409362731
0.426633805502
1.07159978291
1.50493684772
1.25184551813
1.20678687282
2.83805987658
3.08401919343
1.37320485117
1.30031686951
2.3973929428
2.32322403789
0.931137326639
0.287679425441
2.06829697266
0.588462690823
1.18209604267
2.34880262217
1.082260911
2.72369154036
2.31726699998
1.71849828912
0.82345815748
4.6180227818
1.75540045556
2.33166058362
0.196973644197
1.02851477463
2.22214323003
4.41027908772
1.50654572481
3.65926599503
3.30048749258
3.28055621614
2.58715858404
1.65380010055
0.253474383149
0.0
0.956185832096
2.84356527962
0.509279933292
2.91256283596
0.462171631982
1.40455886559
0.805180639727
1.95693505742
2.60141816922
2.5693213176
1.89106538892
0.970672009513
0.649096503854
0.121045973152
0.480801043566
2.50554787274
0.875653807889
2.88531018654
1.67878620327
2.98130278289
0.705019450281
0.0875012502074
