0.0
0.0
0.0734061077237
0.627165248618
1.34301866125
2.58864501334
2.6100135484
0.568377072457
0.478906420758
5.18396869441
6.13300178945
2.85336620733
0.713901785435
0.730426194146
0.614187955856
0.598440256203
2.07693402073
1.33590788336
1.78345390991
2.75704956171
1.37394792074
2.92857955326
2.04619845375
0.424511743709
0.474426777568
0.494785755873
0.4156935637
0.654063575901
1.98378827237
4.11147286743
3.12055816234
0.351536321454
0.323331461987
2.09679343039
1.07022407767
2.25064610271
2.48653011024
0.551973551512
0.803125249804
1.77766274451
3.4022246676
4.06303252326
1.32310013712
2.93885105872
1.13421622501
2.49036240019
1.30916697497
1.25801521819
0.534034430981
0.153341080993
0.138358768076
1.1331276939
1.7166235398
3.08756826259
2.15800202941
1.69949566806
2.68792555638
2.00519959931
2.04946889472
1.3584842917
1.78070918052
0.00973116175737
0.189247106202
0.649002299644
1.90213879058
2.54366661084
3.3097605012
4.0088712764
0.680554084945
2.64016710967
1.59716079384
2.14680798072
2.86534307245
0.123800537316
1.00639272155
2.41168482543
3.64067137812
1.07801796217
0.8007708519
2.43595783506
0.573459306848
4.61170720926
3.16271700617
3.07774840295
3.73310495139
2.48286727571
1.01241894253
1.69564533094
1.11804718059
1.88595873018
0.697114368784
1.07333674049
2.38986014319
1.04066649009
5.48270785715
5.35225935234
2.89790828223
1.51487021218
1.60434216587
2.5149264764
0.638482324779
1.61786419572
2.24373026815
3.99204322905
0.723326261388
3.73556343466
3.95287001505
1.41375877289
1.11992875661
0.0903078587726
3.97511496063
0.176314975019
1.3674604168
4.64613475371
3.69697754667
2.95473237988
1.46327094163
2.50909782085
3.24468866922
0.852950742468
0.217971170787
0.464837841108
1.37344815745
1.39025037363
1.74749810662
1.54972035566
2.54433331231
2.21409633313
1.18676459929
1.48152772314
3.67712275265
2.43378548045
0.912385647069
0.145404566079
1.82962114381
0.696603127755
1.78152425494
2.10189231194
1.4645685195
3.19846230792
2.73005192913
2.47571582347
0.769599728286
2.25202907808
2.12223407696
2.51974012831
0.183842388506
1.13539006095
1.58701937739
4.03219648101
2.55338781991
4.07072962727
3.00975627732
3.25213740533
2.51415698673
2.11419621296
0.0732086581993
1.03605616093
1.06602373347
2.35283186287
0.451997649332
3.32587599522
1.09503249801
1.11917545693
0.979924329557
1.85158735909
2.36565236747
2.63927197922
1.36364116636
0.969748039963
0.131194800138
4.04507918574e-05
0.320407184539
1.45206083357
0.847235717461
2.53004557494
1.74472015537
2.29345108941
0.978729963303
0.103259846568
