0.0
0.0
0.0
0.622752133757
1.27932501957
2.44805848482
1.94429242518
0.532889079303
0.59311690554
4.28461674973
6.32534378953
2.45164252631
1.37846544036
1.02637528628
0.475620092009
0.787852756679
1.44342331908
1.20773716178
1.49024804845
2.69311746024
1.35602618242
2.67508305283
0.373228147626
0.244454467203
0.378877575509
0.560053046793
0.198754713638
0.52908729855
1.91826733202
3.98556704912
3.20458059403
0.258729100227
0.364739063894
1.9675685307
0.975848091766
2.23320915271
2.78165370412
1.80375419557
0.922254748642
2.3162570764
3.38759136898
3.85790678766
0.981749776518
2.79329409834
1.1397177804
2.19590270077
1.15935257333
1.67176664155
0.349461786449
0.49985974282
0.522541381419
1.33728453337
1.51005087164
2.76146385539
2.22332763619
1.65262338694
2.57400686591
1.93206480076
1.63408173667
1.2048244006
1.27181147679
0.527953467856
0.0714670866728
0.624064070929
2.25097092963
2.44442265574
3.0306192775
4.02004985651
0.687791386619
3.11272130883
2.7272817709
2.34683447145
1.8614181187
0.126353266183
0.94477086002
1.47386463999
3.2912857458
0.84235427063
0.861828108842
2.66633182019
0.500720588025
4.24301639618
3.0083185304
3.68359920522
3.60027984716
3.89435495296
1.80881644785
1.13556660619
1.14880708605
1.81382723129
0.86395944003
1.09259165399
2.99903510115
1.0502609387
4.11536005652
4.85746220229
2.10326779203
1.67692287336
1.26998521492
2.4746384942
0.963041548152
1.62245118234
2.58978670056
3.97943407268
0.658973900368
4.28948918916
3.98527485784
1.19093591557
0.677417724393
0.19471535366
3.98780683568
0.112949723378
1.43398217694
4.91386624216
2.9045345292
2.9712929707
1.42421206553
2.56399819069
3.20608792454
1.19851446734
0.345603231923
0.506190195563
1.1259248713
1.5770258875
1.31032692268
1.51557186758
2.83145029237
2.22772712051
1.12385656434
1.60804512212
2.90923063457
2.35795630515
1.20431826101
0.126237599063
2.17052751931
0.751003351994
1.41125036613
2.14387880266
1.02008011134
3.14846093568
2.45580295101
2.52289016871
0.994578652084
3.75823946949
1.96928067878
1.96200307412
0.223765883711
0.954460426001
1.81304996833
4.61608954333
2.13724051195
3.73005283577
3.22162461653
3.21001016372
2.75107649714
1.5446147956
0.196813339426
0.73679959774
1.2259983648
2.66769911582
0.508332911297
3.46012871992
0.802153590135
1.22250881378
1.21237653191
1.9419340142
2.65291250497
2.4081325056
1.74924884923
1.32877655141
0.0256875045598
0.0289180912077
0.44126500946
1.87156949542
0.760619049775
2.4201957325
1.9876675345
2.51077705063
0.101552894339
0.306141257286
