0.0
0.0
0.126816138625
0.903814598918
1.08930920577
3.78128395579
4.3512369683
0.283118367661
0.04589832481
7.11187485559
7.69194364501
1.91454369132
1.78001163108
0.314543205139
0.73511143052
0.666350625164
1.32421716047
2.02546154056
1.54587864527
2.51393886283
1.76351683959
2.66535258328
0.0596161112189
0.0
0.521990383044
0.121016092598
0.529828296974
1.05856982153
2.86125886068
3.07465112713
2.64984917862
0.255463775015
0.72356346657
1.71342100005
1.97847484937
2.50467491616
2.41832953808
0.585825636983
0.479840674321
1.28150214069
3.72116751224
4.79036389606
3.36765280878
2.37384432275
1.15896104486
1.56817035377
3.24126635212
1.65899720602
0.172827005386
0.385448965826
0.386304323329
1.18999680877
1.51797457726
3.73225528025
3.62245652545
3.52163581923
3.20703263767
1.5492668834
1.73810892738
2.04051851336
3.28358234512
0.0826971679926
1.15839067567
0.684982988983
3.76256180136
2.92497647926
2.85325744562
3.34201063169
0.534335911274
3.9327965469
1.37107844348
1.51742334169
1.08489558217
0.606219793437
0.239863492548
3.6212482769
4.10114603397
2.12068177195
1.6562532027
3.27099103085
0.390587774105
4.71180471603
2.58566282177
2.00674268603
4.43464501202
2.79220890137
1.07583522564
1.24980584817
2.95754863694
2.02419147722
1.73728529736
1.27502391697
2.60031903232
0.80087184743
3.29346263863
4.59245776292
3.20147593634
1.18487684778
0.364932296332
1.45544765424
0.413136946037
1.22883682512
2.96363281936
5.46374332765
1.55280462658
4.37459753198
3.82085996866
1.43654009746
0.435940757045
0.0242305069696
1.54027565487
0.908980456297
1.36296634679
3.28093890718
5.12301590201
3.41147200682
1.56228496955
3.36047722027
3.36529741867
0.774896668736
0.463994583115
0.0600437365938
0.948387357697
1.11250591953
2.7165047517
1.86260735197
3.29493732005
2.40594522457
1.36753587681
1.92818818241
4.67068881635
1.5685695596
2.07750268467
0.143046468962
0.822186202276
0.818471328355
1.57221574825
1.81604740501
2.149898706
4.47505356884
3.18894153275
3.68070288002
1.35227248073
1.1982918405
2.11158076581
1.64116836293
0.335595704615
1.9905324498
1.64242152276
4.19657189789
3.1273345435
3.44428636227
3.92752664536
3.78737062903
2.85857853014
1.53430857509
0.0174213798018
0.126949220896
0.311311976868
4.04967918992
0.830077508814
2.57654786715
2.19004711858
1.60524233244
0.50953994086
2.09339812817
2.44108109176
2.31549020112
2.03732465673
0.0744953597896
0.174079336226
0.759463238763
1.17330890056
2.51490530511
1.62302170688
2.17024602788
1.66209165752
3.2391100917
0.631200265139
0.0
