0
0
0.0
0.805187277147
0.961729118251
2.80120085727
4.5950659113
0.297568401322
0.216195218731
6.61213206267
6.19444211572
1.39147450728
1.87551180355
0.636184979114
1.09125749953
0.324786479818
1.60498004255
2.00799993472
1.08074830472
2.48639846989
2.63381287904
2.51972112432
0.516730338335
0.169941846281
0.932882472465
0.735452422872
0.289111280814
1.0412050343
2.32142373978
3.66876209871
2.93690255098
0.239561198279
0.0656541362405
2.57038940478
2.37575373985
2.32784485957
2.50857636007
0.0625368598849
1.23058445367
2.17781157605
4.419348147
5.14391247497
2.91640913975
3.01512946538
0.95723415399
1.34155434533
4.33297116053
1.84538473561
0.178093627095
0.368765510852
0.459353276761
0.509372825734
0.949374925345
4.22734697605
3.06573776295
1.87148747407
3.59871841175
2.85908140708
0.72084612411
0.56112513633
1.91030654288
2.83296217042
0.939511664212
0.919635753147
3.10139178298
3.02631126496
1.94434996694
3.09135927376
0.715501209721
2.60324186366
1.42045994941
1.29579456034
0.98067929945
0.716571236146
0.59408916533
4.18131769169
3.82135587558
2.25441092066
2.7643618728
2.99033101159
0.671924082329
5.49873154378
3.22019336501
2.4310609703
7.27121691592
6.14604657702
0.912629915401
1.58909782395
2.63525715214
2.45802586107
2.56935685501
1.24807660049
2.72478680417
0.688454569783
4.24918603618
3.47844884545
3.86390110361
1.48032808304
1.71171553247
0.752751875611
0.815772104543
1.35667838692
3.29679896915
5.73646046314
1.30500912154
4.80651530705
2.02677656477
0.793880966725
0.42355751805
0.470476495917
2.57136003027
0.94471354573
1.05722825404
3.74847654649
5.73712689988
3.09356444993
1.64920745045
4.27072740823
3.43980259891
0.28109612409
0.334168259054
0.0596545333974
2.71888805158
1.53594642971
2.67900221702
2.20475301007
2.94372621551
2.50906382024
1.27118884516
0.789134568884
6.10416484426
0.450620206073
1.25053450651
0.196928938385
1.60358845233
2.31957909092
2.71431381756
3.58469524188
2.41577954264
4.75243839226
2.78581789322
4.29092082847
1.33365896344
3.38633580459
3.33049638476
0.420867895707
0.540901970118
2.37074456149
3.01194413519
4.02666336764
3.76709242119
2.83858526865
3.73792059044
3.19325757632
3.78117544652
1.60819865577
0.0107219063211
0.028777519241
1.30362159386
4.68022956327
0.810044717218
4.28580041463
2.16550737573
1.57232132694
0.446332678199
1.52680651564
3.16665755771
3.66685798578
1.90762158856
0.700664157048
0.0609077401459
0.876729920798
1.80454721564
2.58200610895
1.40690907947
2.21996636665
1.22096028924
2.83913808968
0.676893622149
0.0165800508112
