0.0
0.0
0.056669536978
1.0854729471
1.02388659166
3.14348345879
5.07362196827
0.312383518438
0.291266199201
6.46864653425
7.06693504564
2.0307396804
0.798556007328
0.000997300259769
0.810162576148
0.546864432283
1.47137202136
2.37983252597
1.6287775177
2.17190485494
1.79267668439
2.74025626341
0.0862831398845
0.0
0.435278553516
0.500699985772
0.389508627355
0.768578122661
2.46965355799
3.37883637659
2.32760003454
0.186134627089
0.230143019231
1.3754447652
1.81415640237
2.64497715468
2.07290283637
0.529620677233
1.41402432229
1.38377156388
3.96309312619
4.96574935364
2.78559713904
2.83352788095
1.08891526994
1.35621408303
4.74473657459
2.5334758535
0.207214295864
0.121584985871
0.701843854855
0.839220885508
1.82487946318
3.58438844292
3.7612089524
2.59387887828
2.98667445406
2.15470104851
1.49119907618
0.354396159761
3.19412633777
0.00104981369805
1.28271900001
1.24974132143
3.0047851933
3.09030078002
2.00233481638
3.31740810769
0.846197735518
3.06962548662
1.39415114757
2.12219787715
1.27590652381
1.02680175367
0.619906162843
3.38350318838
4.07930519059
1.91692151036
1.76483737008
3.56733101094
0.445811931044
5.03600505646
2.57954478636
1.80512206536
6.85147817852
1.68419678905
0.824812781299
1.26339998725
3.0942029492
2.51696721476
1.9964671433
1.30254013394
2.60623691039
1.13277342939
2.50531294011
3.19650464831
2.78983836831
1.80785203067
0.503726122377
1.51636271493
0.644492431544
1.4300750026
2.98091015848
5.8094753942
1.72384874162
5.99519360333
2.79082771041
0.816411512205
0.639386642724
0.125838056207
1.64197527245
1.87493612041
1.34108344989
3.41807684489
4.85799288377
3.48210986587
1.74498660117
3.55696956528
3.42435737117
1.03800154635
0.290342651657
0.0741651006974
1.72101303167
1.41686054552
2.85866398318
2.11574323522
4.14453647658
2.65300691128
1.25770933228
0.955914451741
4.32755482383
0.726519822143
1.65199138224
0.173046880402
0.725626782805
1.8254278251
1.85026440042
2.45818382245
2.96362937381
4.61997449305
3.4670668433
3.00071009994
1.28517035395
1.88916847669
2.91636349587
0.684230499901
0.51746340096
1.9397803382
2.57670587464
3.95429906028
3.47884332051
2.94702709466
3.86723557301
4.06370325014
2.56421311502
1.91497233236
0.0364190153778
0.172066150233
0.487096263096
4.30308882915
0.825982371811
3.13733003242
2.89528360404
1.3719862313
0.525812774897
2.40148769179
2.78803342208
2.82183284033
1.74292916153
0.245251470245
0.253075629473
0.378441979585
1.52577734739
2.08372483961
2.51216019202
2.3932414907
1.38328157365
2.35241898056
0.485611903481
0.0
