0.0
0.0
0.191417008638
0.887878850102
1.13471333298
3.33085799986
4.6497222305
0.308667067438
0.0427912846208
6.6729841358
7.24250235595
1.71878221026
1.53272354836
0.000678591895849
0.74766916479
0.752218650188
1.4083017463
2.07345593348
1.56903639715
2.34395235055
2.06796949264
2.51838534372
0.0235692639835
0.0
0.601586140692
0.150178708136
0.479293478653
1.01680526696
2.52155471034
3.0286378162
2.52567513159
0.209109706804
0.484853336355
1.4084292624
2.37769100443
2.43809580803
1.79191642255
0.666826926172
0.873350452748
1.35829119897
3.71808504127
4.87662085937
3.12767713773
2.38957525836
1.29633472636
1.65125551634
4.59199112654
2.02857433446
0.303481034935
0.226165024564
0.655763830408
1.13201955147
1.57797316671
3.54608879308
3.8075629659
2.81926932978
2.89388868655
1.5932668515
2.03258899041
1.74363852758
3.39413796668
0.0
1.17640765384
1.04139146209
3.3823340768
3.09411449451
2.45444644266
3.30119252903
0.708935099421
3.9666079813
1.04509631218
1.99382273084
1.50366276503
0.749413457466
0.356383698992
3.42523460183
4.34246768616
1.97207831172
1.61665691499
3.44576725038
0.364771126304
4.40107357735
2.62703491503
1.67570988461
6.9088822566
3.44788246136
0.947690394183
1.41530946526
2.95372910693
2.37949134037
1.85530363768
1.39476492396
2.82003193081
0.832892257255
2.3830013976
4.90377783822
2.93246713502
1.68933318276
0.293708138051
1.55933211918
0.4710858576
1.21936828678
2.69305219268
5.51714932197
1.38690058095
5.90688140967
3.38245749474
0.880641362746
0.280935707968
0.124088466342
1.70456729777
1.11796653643
1.45387970738
3.34313310956
5.32305019884
3.37082356471
1.61594922934
3.16363468952
3.08933510486
0.706044271647
0.293245501583
0.0677607420366
1.37297362462
1.29999950877
2.83179129008
1.93730957271
3.31347096059
2.35673741624
1.37929137016
1.32819597289
4.31558875908
0.463883135468
1.52164286934
0.118434699019
0.985928489012
1.0864555561
1.77847947035
1.92878636718
2.53882278013
4.71936968621
3.32242529071
3.00348966941
1.36593875289
1.25671545533
2.74044967885
0.976422313135
0.371596649289
1.88361465326
1.58486778289
4.01119667559
2.96026223747
3.23449008865
3.95664344577
4.04845449375
2.54272757377
2.11973724584
0.0532583907479
0.127434194088
0.437502361834
4.25214019604
0.855283263838
2.53226582881
2.21051129978
1.53593282984
0.399457168765
2.21392630617
2.53674226627
2.83107841015
1.90750109171
0.0937493669917
0.181138660759
0.582687079179
1.2343504834
2.2546941489
2.23145120993
2.22424077673
1.53996023536
2.8482085187
0.661895812489
0.0
