0.0
0.0
0.0647651851177
0.692479282385
0.944851913722
3.40231119108
4.97175424546
0.38840037724
0.326846082695
6.85731301969
6.50290372595
1.37284777733
1.88801912783
1.17013400001
1.01210834831
0.35180833051
1.53744886926
1.96007639542
1.09313890978
2.3013932
2.74407009862
2.83708053641
0.572354957461
0.139275337104
0.199710777728
0.672817267478
0.258129138499
1.01999960898
2.04670915008
3.80061099475
2.82391765527
0.211508289911
0.170428752666
2.16025608277
2.08469492523
2.10049330676
3.49077568948
0.0956774502993
1.06834925676
1.48941148631
4.61065253196
5.25913835387
3.08781601116
2.76246979006
1.08229631558
1.23765866086
4.83525991708
1.74255331419
0.170983040705
0.34568384965
0.562965861987
0.731673669536
1.22129317699
3.54356125789
3.71925150859
2.05137446465
3.45375329605
2.65257424116
1.40683127567
0.935014180373
2.47340728936
0.946943609044
0.75969671458
1.14293908887
2.92425161228
3.23329084867
1.89563086815
3.24462445779
0.842023706064
3.73018407822
1.63335544278
1.17787758016
0.829297691584
0.777088808478
0.467150732875
4.16539589642
3.8615464177
2.40582444333
2.69962184038
3.16144402861
0.585075046867
5.04147688346
2.89479075046
2.3578052728
7.95883411355
3.47644276172
1.2350487113
1.39729962684
2.61921464978
2.38511635002
2.32542726025
1.08571988693
2.92651656899
0.497872418258
3.57970323693
3.49619499221
3.07580365869
1.57161294168
1.28732942475
0.897621222772
0.72183021903
1.43055644515
3.46013014065
5.64305702969
1.41518535279
5.26050030161
2.11089457572
1.08044366445
0.700395920314
1.02641774906
1.22239519394
0.984771072166
1.13206187892
3.14035827899
5.56876122812
3.26790797571
1.75457740645
3.84530813695
3.40818776423
1.17916901875
0.303147248225
0.0848692689324
2.60437945928
1.45365077443
2.78955117054
2.03580800199
3.10709526401
2.66510088672
1.32498854864
0.763901577448
5.13666886388
0.131727239117
1.26917939424
0.911417486612
1.04660919099
1.95151539054
2.3874420072
3.22177089332
2.46563948924
4.79083258379
2.81135998783
3.69559945725
1.27984966338
1.83857855992
3.33657446504
0.593126197811
0.348743109498
2.02740757464
2.7531542707
3.97633244586
3.77638277831
2.77811025607
3.72945773881
3.25976646296
3.38228615455
1.8055476509
0.0
0.0341582233086
0.937904536724
3.94063266646
0.881000406109
4.39430808031
2.34690814069
1.55408184975
0.446873651352
1.75585365482
2.9493519885
3.86313237995
1.96885322221
0.507259067148
0.0568050742149
0.717552516726
2.5515113119
2.7891086631
1.38055635081
2.60249583469
1.1678994
2.17482451443
0.680362042971
0.0178983863443
