0.0
0.0
0.365796774626
1.00858743675
1.00766645931
2.94179811853
3.43016644288
0.558362081763
0.0437291986309
5.44474392384
7.56225313479
3.28841062769
1.33742544556
0.514383124188
0.423421705142
0.654077741317
0.953207438812
1.63997999812
1.35736967286
3.19126379141
1.55482346076
2.85187700763
0.0531565546989
0.093396242708
0.570015981793
0.715775579214
0.762747880071
0.65094857756
2.37723154365
4.78853868879
2.97101914627
0.279029063822
0.94280404225
2.29277732037
1.21823604219
2.03414143249
2.70009358064
0.513434424996
0.81173602026
2.23076680489
3.14477870986
3.89459751407
2.02172584576
3.17753944034
1.11890225462
2.26433089422
1.94908122858
1.3466830554
0.228354915977
0.246327403933
0.164703585207
1.06321535422
1.71504056081
3.17786993325
3.11786621436
1.84027520567
3.29716806626
1.66170151555
1.24361365288
1.13612698764
1.89770292124
0.274179283995
0.437636515126
0.622197313467
2.37092997506
2.81290567806
3.54257510323
4.48229903507
0.612864421215
2.24255094491
1.29759367229
2.12026448641
0.804231159389
0.533046497032
0.983788624406
2.3521026657
3.65091501409
1.74464839947
0.952280525991
2.76410593418
0.104496347019
3.71334378375
3.76041319175
2.6959563382
3.59250651207
5.28807619493
0.968654024473
1.41939462768
1.33904978534
2.01749096066
0.638016625308
1.13638481265
2.42363950075
0.597580309957
3.24664727412
5.14053329453
3.15878184326
1.67056726292
1.02915753645
1.53168298607
0.443058968231
1.36527550145
3.14646590897
4.1965445138
1.06851993687
4.26952390722
3.55658280663
1.61880525853
1.05468030041
0.0450028183404
4.70961483964
0.537531916576
1.71571306814
3.89334085747
4.85135637026
3.14053285134
1.27846870222
2.53911664477
3.38876796002
1.57736571645
0.2244065376
0.246850995056
1.59394749382
1.36012629373
1.38543365605
1.50346064323
2.44124709303
1.74202125706
1.04511240125
1.27810861706
4.63573703589
2.7644229047
1.50872432464
0.17313223891
3.00111950794
1.00471346069
1.38379623275
1.80751186376
1.60465477628
3.68138055771
2.93420339259
2.74854955077
0.539145954885
2.15122810332
2.55952200084
2.56305794709
0.340561602265
1.15598260984
1.5397485327
4.00802376214
3.37787939858
3.85104877362
3.04420296429
3.66025816021
2.6633986138
1.55753029254
0.0580005994416
0.738594651222
0.965427741583
2.29283067118
0.850601907354
2.42386561848
1.39314933482
1.18819013069
0.965178487822
1.60573379748
2.66965716705
2.37803461496
1.48729851842
1.00455856993
0.0
0.0221432093531
0.368140801787
1.93817331339
1.14816865069
2.89543960406
1.56067598239
2.86474646628
0.0
0.00259533082135
