0.0
0.0
0.213084802032
0.757297351956
1.2519463934
2.70756642241
2.7791666002
0.610088919755
0.334842878394
5.72069776012
7.4657341335
3.51274022053
0.634612779599
0.737430937588
0.579412039369
0.917844833923
1.45735983877
1.19713919715
1.77641327085
3.14631549246
1.4638673868
3.55222235247
0.193362183869
0.445673421025
0.575129004312
0.353740978986
0.750466881553
0.700355401263
1.84994421713
4.45609982871
3.06945176548
0.421111829579
0.477120625786
2.27356756222
1.16624763282
1.99021086725
3.01166719198
0.29751852341
0.943288397102
1.85770377959
3.20400623581
3.8868129882
1.48839458346
3.31402933737
1.10570323747
2.27052412741
1.78640002734
1.28000954352
0.333231687546
0.133216943592
0.080410817638
1.12024759239
1.69087612233
3.18836680223
2.37606328144
1.74242070847
2.89094546443
1.71767000423
2.39020243497
1.17064753361
1.68150271266
0.354158119997
0.437100591371
0.503992144135
2.51918769232
2.69807684107
3.1030596653
4.12405253388
0.718867523596
1.96850251546
1.47283441154
1.96544554643
1.18954139948
1.21801652946
1.06051690027
2.58935274649
3.86805466027
1.47771786433
0.902535122063
2.41640873905
0.464344076347
4.11008322821
4.13803501148
3.00782717112
3.79245388648
3.17698030954
0.754326696042
1.48121486371
1.18146208068
1.98957659595
0.676744915079
1.10457262164
2.2781785992
0.884062376805
4.63182731718
5.61891861167
3.07274035737
1.6317733099
1.40437289618
1.9960670888
0.745148228656
1.58665411343
2.43165704375
4.15823490755
0.934302547481
4.24490028201
3.4723649174
1.81254866626
1.15635970305
0.0819378271699
4.78935986012
0.166839199723
1.64659038489
4.58224281436
3.8731121067
3.1147099919
1.58495724224
2.43763291114
3.15637015202
1.58315915172
0.259260315681
0.420286504319
1.31152651017
1.30702664214
1.5609809272
1.74434128567
2.31453962508
2.16490457667
1.19729789998
1.37441914249
4.62094833842
2.6500749737
1.08723267342
0.175895078108
2.31087838579
0.893273789436
1.8771464969
1.95755075186
1.37735380291
3.46213921835
2.40657982044
2.65747891366
0.754821635783
1.43324502464
2.16566847393
2.71041035664
0.170335275296
1.11761340639
1.46665528975
4.39157250314
3.13971884828
4.19535783771
2.95095184888
3.22173605254
2.42888983199
1.68166197464
0.0726285636774
1.28609104222
1.05399396364
2.20239746245
0.537360758404
3.26473030378
1.1660891464
1.22069230775
1.10462731216
1.70618829434
2.02568272036
2.71190811042
1.3505548088
1.1143713994
0.0
0.0303588458337
0.372790366203
1.51609555818
1.15234526311
2.77895489102
1.45609508269
2.90723476186
0.37367156148
0.0
