0.0
0.0
0.30441391468
0.718423131853
1.2516032476
2.7626848463
3.29159175744
0.464532729238
0.131365000037
5.38128631376
7.34113446996
3.24268929986
0.924307443202
1.04646088369
0.31590132229
1.24733715283
1.14844468888
1.42931101588
1.6745005144
3.2552545669
1.5421943767
3.11244611815
0.109593693167
0.246053151786
0.502607753035
0.54989400506
0.674894582713
0.704690729035
1.98256041482
4.58567541093
3.25021627126
0.371848979266
0.629596388433
2.14750711736
1.25234044529
2.12218471617
3.16138369031
0.374974552542
0.856527720578
2.27650956891
3.1703351303
4.10206886334
1.71100980556
3.26360265026
1.15868236381
2.22629743349
2.16250940762
1.1259728279
0.361792325974
0.0938208922744
0.292029043543
1.09232214571
1.69617971993
3.29199337002
2.54512521159
2.07156288077
3.14487693156
1.75850828364
1.52032773732
0.877323718742
1.85665347101
0.457820297044
0.586050665472
0.672275488556
2.57249283418
3.005422224
3.57718801778
4.19534756383
0.640466664219
2.12819235865
1.52444909606
1.85646680649
0.779178382829
0.513466916978
1.17749403697
2.61225664942
3.6066962122
1.54159749165
0.861270697555
2.6010927828
0.121959673939
3.44283019169
4.41044686828
2.84529545903
4.69058930699
3.72706979141
0.660902506323
1.5489992823
1.16506348806
1.95289243665
0.723788197152
1.13494859356
2.30775643187
0.942537813447
3.33017908968
5.98502295837
2.88920816313
1.39810067264
1.17069702328
1.57620351762
0.497749537986
1.5446017505
2.96556593338
4.29435328674
1.01726955012
4.55581196654
3.55982174911
1.51568140648
1.10608862853
0.11112960428
5.51297404018
0.310667590355
1.73358811485
4.1029050271
4.45928295434
3.2120079989
1.37773670454
2.24365840014
3.28428833303
1.6294540735
0.219038530719
0.112438395852
1.48832176893
1.40463779948
1.54924485646
1.83013792289
2.41872071382
2.08900225535
1.14264780399
1.21308503579
4.59631969268
2.23459317535
1.04571582703
0.186434365809
2.83056998625
0.959476164309
1.62716784037
1.99816669372
1.42671403306
3.59047525882
2.80055749882
2.85845507681
0.707075644284
1.96748474985
3.00180912355
2.94414713979
0.201720495243
1.13588357205
1.63098722603
4.06976800575
3.04521426465
4.25699836668
2.84850870864
3.81748305331
2.71488160826
1.65278505161
0.0546198025113
1.01354322815
0.759139578673
2.34437030833
0.707652489655
2.92516393261
1.24410368863
1.35763835721
1.07582168281
1.67791344767
2.24952692538
2.59979492985
1.44746617298
1.00775642949
0.0
4.04507918574e-05
0.322840165813
2.13211676723
1.18807340832
2.73742852267
1.52231097966
2.86422345042
0.0
0.0
