0
0
0.0
0.541441651061
1.31213129591
2.6805808912
1.63892328937
0.417396511883
0.550126925111
3.73446046934
5.93042110279
2.06490865536
0.761129509774
1.02339372598
0.382980037481
1.20516239107
1.82844668254
1.07152977586
1.41499262769
2.58873176202
1.51907136128
2.56116380962
0.227390050888
0.114819535986
0.300230469089
0.61863681674
0.165395126096
0.462708836421
1.55623534328
4.07450495474
3.37227159593
0.280623050407
0.346183627611
1.86493080738
1.62763705943
2.68486593338
2.60023460444
2.00162534416
1.2371488912
1.92482979581
3.99696808425
3.90789073985
1.09656729386
2.63810970052
1.01631625986
2.34055726673
1.07289230078
1.60497305007
0.276019647717
0.597230348154
0.756685126573
1.32322816428
1.58857829764
2.45614119247
2.375168945
1.84036091552
2.71044940501
1.88654685044
2.11613773368
1.41642459482
1.25629314256
0.972001202288
0.0623410458793
0.485041011125
1.81619614316
2.27116203774
3.09012069111
3.52494566166
0.802350633778
3.17130719498
2.49300906574
2.19919367973
0.282946828753
0.0683229845017
0.945724547841
1.60598309262
3.11061502894
0.773234058288
1.03061316686
2.84283227846
0.511952467496
4.00227105338
3.3129005644
3.88992718514
3.83488761308
5.43847320601
1.0190022008
0.713843119796
1.20702522236
1.65240117593
0.931021741126
1.09572444041
3.04687099881
1.34377471963
4.14225252718
5.1174321305
2.45281137736
1.3971496626
1.16004291445
2.4290632247
0.834229755215
1.71509246808
2.64503052575
4.01704844314
0.591109693632
3.57585039549
4.02514515352
1.2583622752
1.02920631773
0.184775345959
5.68486054381
0.105536853895
1.72932185407
5.17818863457
2.6757442255
2.8512659492
1.47807145491
3.01618483127
3.17851698515
1.05416699732
0.276092559448
0.567771417787
1.55563142151
1.51439875469
1.18302200222
1.50542698137
2.81340914895
2.31431198306
1.23995439743
1.31815803493
3.2930991319
2.47011902183
1.09871242777
0.128987498756
2.1335131391
0.619486596435
1.38854252361
2.20061348006
0.90557153523
3.10550106858
2.23158609122
2.20607532328
0.922090657055
4.63845449686
2.24685071351
1.83101348812
0.212387673848
0.843246120436
2.16974374931
4.50476739835
2.06294659467
3.62759425811
3.21802789392
3.05423142982
2.77116669528
1.4563968404
0.224642687215
0.21891027689
1.188587096
2.67415591842
0.524718540371
3.19017776102
0.652324997587
1.20167875267
1.11517449655
1.82611525804
2.7030487489
2.14731511194
1.76847712696
1.32908909151
0.142438688315
0.0
0.456208026037
2.29243206116
0.71611529449
2.05978268309
1.88421098609
2.24148330372
0.627033462748
0.390714794397
