0.0
0.0
0.48864120245
1.26546297269
1.13697490841
3.33282152447
3.76001673192
0.452541539329
0.00852144078817
5.35201001517
6.91716120671
3.19180981076
1.23212435399
0.937959639123
0.590040523559
0.97721016244
1.06047140603
1.81525064074
1.41315766401
3.11660548672
1.77219376306
3.29032432102
0.0221046544611
0.121657907963
0.243662806228
0.702523440123
0.774998722598
0.681970424019
2.37344331923
4.67645071913
2.92950926151
0.211180032231
0.977206532378
2.17425488541
1.32737516426
2.54870905913
2.91931890696
0.354816244915
0.553313330107
1.91874647001
3.12883926998
3.83706570859
2.05551598012
3.04206649488
1.28998302878
2.57186782919
2.02916758182
1.506513061
0.202796852216
0.199680253863
0.495174390613
1.14899727656
1.70698190527
3.26261435734
3.26005003217
1.86884496291
3.24055961543
1.50047655101
0.942780572921
1.54000049364
1.77295989858
0.227031351998
0.123310195282
0.569863781508
2.41921403777
2.78702037362
3.67629852705
4.37655163859
0.57599974703
1.96989389579
1.25553862797
2.00014904828
0.0821680482477
0.91878324165
0.921431677416
2.74297071924
3.65200142795
1.79012202733
1.28383974364
2.63232496427
0.0879251342267
3.66299045505
4.39763766807
2.47791245393
4.14250478963
3.72170986619
1.87693984492
0.923027626704
1.4926678401
2.20351904724
0.753444668022
1.15659352217
2.44594871486
0.534030636773
4.60824769922
5.50815983536
2.98031716468
1.48568799812
0.820697752642
1.45451010088
0.270412511833
1.44327547017
3.42655688245
4.30681657873
1.10896717058
4.52386189718
3.76582472399
1.84015339334
0.971191959223
0.110056530684
2.07296866138
0.25962860696
1.58917865995
4.10016299225
4.85920318472
3.12753930048
1.39751807624
2.85473369295
3.50797176128
1.13716583571
0.218917007791
0.124854985508
1.56187101873
1.30605427886
1.62470411052
1.63203651831
2.46736619016
1.65124628146
1.05868986365
1.23754382494
4.63492499269
2.93810992688
1.82129436522
0.24859288428
2.77629992086
0.948763055727
1.5109957098
1.99228839588
1.7628546583
3.70596875809
3.08956736076
2.93708371371
0.684374094009
1.10021052114
2.88608666859
2.54177077988
0.300191251561
1.29827651568
1.5517671518
3.9042495719
3.31263801316
3.78857879806
3.06347743818
3.61347946338
2.54066736577
1.30798043404
0.0269355728524
0.757730117068
0.842591880471
2.3939402526
0.957675811835
2.41728914855
1.48816586356
1.3694920683
0.874328053556
1.71644710196
2.80150865624
2.11056280835
1.66037208959
0.790044337744
0.0
0.783243773447
0.392091505229
1.80984714275
1.24710141943
2.59401681984
1.31985748932
2.5186036313
0.0078406939283
0.00275620864704
