0.0
0.0
0.0
1.20136740059
1.93876605155
1.21804873634
3.11693262588
0.690987107344
0.665555859916
7.32687227719
7.48321830202
2.38681263966
2.46110254014
0.000979317817837
1.75794604234
0.872567966057
0.545758459251
2.65202912036
1.01846218586
2.8763426966
3.12050880049
3.14489672706
0.687524776906
0.279206658714
0.832234822214
2.11076150835
1.87973805889
0.586561861157
1.95325328573
3.76598369167
2.11700526986
0.203657222446
0.458074606606
2.19562200492
3.53302143794
0.75651296298
1.52784198208
0.0713878888637
1.27964488708
2.8014745824
4.78024140745
4.35719487583
1.2152145626
2.03074151045
1.73113386659
0.955559493043
3.80564489588
3.3890421883
2.86974554323
0.44758787239
1.66264457651
1.50835075026
1.5479036998
4.37900870666
3.86924375594
3.76492511469
5.10796363745
2.57900711347
1.23342523997
1.96342147177
4.46225663275
0.053743507131
1.94314817339
1.15493875742
3.41042585066
2.14035698422
2.36122591142
2.72442890052
1.04505024944
2.51039288286
1.76919279125
0.67248469498
3.65278164763
0.515573457873
0.633751074318
0.738176478073
4.44455351873
2.26767436799
0.979360499186
2.35678847972
0.641935970634
5.0462588424
5.30372021382
3.1993734038
3.53927324712
3.73150018603
1.0417004968
1.49895979057
2.53611087741
2.76481241733
2.78375491407
1.12815087521
3.90299176006
1.83308343939
3.70350836031
5.82619740325
4.82936356892
3.35837779706
3.18027845584
0.935910005588
2.05471188622
0.864175622002
2.76611451851
3.91529591847
1.26401928969
3.93349787203
2.11610639526
1.03855363309
2.12764720846
0.00807913590688
1.08271255402
0.21299290075
2.0647219402
1.77801338769
5.14925547177
3.04106235143
2.09899039939
2.86344535882
5.47732946585
2.44487614371
0.0580230670748
0.538478731178
1.85363419796
1.31695885956
2.72272055899
1.62277715653
2.88343656249
2.82545833243
1.75087535009
1.36142918235
5.83543438371
0.0425188355148
0.285538877826
0.21537642926
0.611091871251
0.548984001623
2.27410061006
0.510682985187
1.92029243894
4.03675393737
3.77398525685
4.85622815136
1.22772190813
2.25125642959
3.08145016804
0.712201436749
0.53044450446
2.3747567485
2.38644710928
3.49750879151
3.50298198371
3.46494246391
3.06109633332
4.79575321963
3.51424896612
0.655420443625
0.167073704419
0.497826895444
0.695644558407
2.81435464323
1.59299992933
3.12451190862
1.59041294921
1.79691174813
0.771481771488
3.0488926135
3.59031411482
3.39580729348
1.36712675542
2.90873511881
0.0288942996413
0.568163332995
0.968703299295
1.45241529541
1.22436808329
5.81474142801
0.323553365655
0.570925259031
0.400669600815
0.206712415908
