0.0
0.0
0.0
1.1127314762
1.41334895021
1.22769058915
3.79690653924
0.764186956454
0.698044143617
5.56999026751
7.55626024678
1.69960081112
1.36065015814
0.0
1.28703096509
0.115450131008
0.646820262773
1.22841251502
1.24541670829
2.55087382998
2.36148401978
2.80180112598
0.910639371723
0.210704317549
3.97003813111
1.35846182704
0.28934719268
0.570999488875
1.43002909981
3.90955876862
2.39679515664
0.068088483531
0.385853585787
2.09102704539
3.9107290291
1.95185760874
2.53756835382
0.108962073922
1.5941020638
1.89842024865
5.19495211402
4.58026843332
1.9118162517
3.04628632986
1.94350124383
0.822167115868
4.41563567962
2.67171091866
1.91274419427
0.734742497094
1.11163105187
0.577301130164
1.5562753398
3.52930918522
2.81513386674
2.59225696558
4.36657053069
2.14360756706
1.54219055595
1.10150462599
3.46567669138
1.51075517503
1.21129463241
0.889102114365
3.82897197269
2.88140547113
2.62957667781
3.4202227518
1.08692369144
1.61203467846
2.13314549206
1.24950611289
7.69514704682
2.57906617178
0.638307670131
2.75474327058
4.05553279445
2.08752439637
1.50698202662
3.11051089689
0.558890117798
5.84152055334
4.36337227374
4.56815863028
7.66915678093
3.85449285526
1.74519643839
0.869266383117
3.1007896387
2.84527220647
3.61565146968
1.27588489279
3.64330207184
0.428670106223
3.67172521167
2.932869412
5.01875578845
1.92675641784
1.64314920828
0.606022590306
2.1413124362
1.37761543947
3.27316234494
4.53092701081
1.28500413336
3.07446063054
2.32021116279
1.48854065442
2.54992489563
0.00171728909481
2.80950922566
0.70844966732
2.32748872717
1.89260663919
6.7973923739
2.38352027017
2.00612175465
2.97567460802
6.29062866257
1.99381880474
0.0624563137535
0.163764261641
2.3343763114
1.02784281224
2.96346598724
1.717915616
2.08025823825
2.4940492399
1.44588721823
1.30215964105
4.05681161699
0.557917207479
5.07280848874
0.0994801893539
2.04589069451
1.5133267357
1.746177027
1.60685653426
2.30371937808
4.01690154476
3.08878196776
5.35527083278
1.07923864364
2.04280384444
2.30304041132
0.457723396597
0.645072847605
2.64294404443
2.87405858375
4.00599875581
3.3953369963
3.43909329409
4.28097007284
3.96204902697
3.61136776465
0.762606122531
0.097525143181
0.213743495056
1.89308584854
5.57857343927
1.27176714217
3.86562351685
2.28724214388
2.1896382533
0.514100874308
3.68196398159
3.18279090693
4.4344832662
1.04636957124
2.20019586338
0.150450050831
0.250795066357
0.291732492391
2.22738507693
1.375131974
4.73223868385
0.896127047949
2.27486944757
1.03896097839
0.174730680883
