0.0
0.0
0.0
1.95401582122
2.2434367789
1.44904460083
3.10839145374
0.66643477371
0.756163998507
6.84536528948
8.31083905033
2.60265308246
3.09534642263
0.00257338490337
1.81209841475
0.910497184144
0.463313695975
3.0437562177
1.33138883882
2.9138207261
2.87238424364
3.42925265664
0.466384060681
0.309681448154
0.785690247081
1.80213624891
1.18011362106
0.926843109541
2.50133229716
4.17200353078
2.22835408687
0.304245000705
0.673827282153
2.14916345489
4.34121188475
0.633051998448
1.48796878639
0.0658748876303
1.67012099014
2.91591988155
4.42358008889
4.59021554142
1.20311551145
2.02575848182
1.73085827986
1.36953930277
3.42331513204
3.61319903773
2.22886785492
1.19320614031
1.75139905879
1.47674410907
1.01074135199
4.1137325709
3.91771594295
4.3559545984
4.97332542855
2.82535517763
1.41555653722
2.56081376167
5.06274209917
0.112884283182
1.34565849043
1.01211852767
2.98596747033
2.00780455139
2.36935699312
2.68963591848
0.934462775476
2.10107024014
1.74656536558
0.516933682724
5.03653235827
0.395865219762
0.896987685934
0.722941190936
3.94825498096
2.1420848415
0.83537851437
2.10920375586
0.777339479828
4.3356054551
4.69797457196
3.45664696
5.97447114717
4.3430614192
1.02134764753
0.939403710188
2.75818542507
3.01650986215
2.59169612243
1.21182029694
3.73527748883
1.91882884316
3.12747861166
6.02357246401
4.87984074361
3.37888915977
3.14612868614
1.03743574407
1.95229133265
0.84746063198
2.75923702493
3.66182421893
1.25472576433
3.64227711037
2.01442845259
0.897782888496
3.34327848069
0.0209102586377
0.762795629387
0.179514192045
2.14568223304
2.09018108551
4.75087302225
2.9001877032
1.97854196327
2.53580084152
5.19926598767
2.73580495646
0.0609895547386
0.454638892086
2.34206579626
1.23819551058
2.43832864973
1.67006026622
2.95610565599
2.85812932719
1.84009497531
1.36708456057
5.79575135058
0.0268311239779
0.684907804709
0.239390080736
0.845819364011
0.731861174107
2.45013671275
0.431823502266
1.88929178659
4.59084826638
3.83272613585
4.70021107746
1.1880961915
2.33648975566
3.46189932246
0.869321218692
0.667720302241
2.57996563095
1.97399918083
3.53525687422
3.6211577733
3.67233010195
2.81114993081
5.085749208
3.42368797108
0.610622512992
0.0837238159729
0.0585492581595
0.573237019591
2.75422880566
1.37772129034
3.10798353993
1.68608926935
1.61213693023
0.8407370192
3.31392391399
3.21353367879
3.75826828461
1.28206850216
2.02253628429
0.0083472263068
0.795565485954
0.913782375774
1.60291114321
0.945453391772
4.81075957324
0.368794475682
0.662496716715
0.291268303059
0.250617306679
