0.0
0.0
0.00277275638655
1.17588404566
1.63745640148
1.37402514589
3.30884790031
0.615148069337
0.538759014569
6.81160646724
8.32499358559
1.63347419375
2.12313445192
0.00110585102811
1.37771927007
0.670415366534
0.803673692048
1.50790197868
0.94031025609
2.97681571171
2.70937841828
2.23906298447
0.80295801349
0.224847886711
0.858479685034
1.4822882805
0.514735616744
0.399190585478
1.75437306205
4.09355051932
2.34645853675
0.15188263962
0.284552456695
2.43594002118
4.57807427668
1.41404965939
1.41621683352
0.0173007883132
1.46543806768
2.88803564943
4.936383266
4.39892213879
1.91067343485
2.35461830813
2.00868534297
0.654150711372
3.82130652491
3.0693141073
2.19698726386
0.250858636573
1.12643937871
1.32818277925
2.11336207204
4.03564669564
3.59891967708
3.04752653791
5.18299475103
2.49211467849
0.986939227208
1.934410666
4.62033415027
3.87598910835
1.73161920533
1.2220935598
3.20576573606
2.4978526081
2.39907945273
3.14323555119
1.06923677772
2.55972581357
2.63589452708
0.738313722657
3.74908712134
1.10590741062
1.00046144851
1.03549473733
4.1846739538
2.16851086868
1.36451720714
2.81028429465
0.601899815723
6.95643336046
5.9925443948
3.53397013992
11.6473842002
3.8264999399
1.13086599484
1.67235227127
2.43726674397
2.39302431606
2.84696376417
1.28304397222
3.99646003358
1.23767610593
4.16372394282
4.31820014463
4.70280090591
3.03233648953
3.38530378789
0.957205128856
2.55571242608
1.01247311546
2.903321194
4.35231163912
1.47546888236
3.78531448601
2.05800706055
1.00513325911
2.97132855561
0.0127019657521
2.44498787844
0.413599512365
2.21533628041
1.75259164046
5.74299577251
2.91689543973
1.8904433772
3.17675229762
5.54471857002
2.57502446056
0.0504037342034
0.464902775595
2.35700280644
1.30858000368
2.752671903
1.25014129095
2.5302419283
2.78650793293
2.13340656506
1.35403621278
4.97357654874
0.54035744071
0.524612729088
0.273960860563
1.86476258846
0.760111308657
2.19991079532
1.13465158059
1.88036154397
4.48226507381
3.79286453128
5.90832047909
1.01091567054
2.18390125083
3.51303470368
0.678211614606
0.609258257318
2.18084361806
2.6478686668
3.73428555415
3.57006375305
3.52293910377
3.28027505381
3.92986739776
3.57260591642
0.875620704144
0.130731470184
0.824283905327
2.01090323925
4.07356122951
1.80449593021
3.46359298914
1.73021099297
2.23366537597
0.80652471073
3.4869031799
2.86820288742
4.20349779259
1.40816047788
2.40249904059
0.0238484628499
0.447291124612
0.941336727818
1.93020496657
0.59974064061
5.40868601296
0.520100501366
2.00524161384
0.650197809562
0.249481424689
