0
0
0.00148661143612
2.52211071551
2.38499119668
2.50571921823
3.00560580229
0.213457172504
1.05739753135
6.03460509842
9.74768550252
2.56024616095
2.25578632392
0.113978870213
1.23884113226
1.83300867584
0.644975859672
2.94007780566
1.86277178326
3.37949069776
2.68568713916
3.99853866827
0.316849762574
0.550769098103
0.302188011818
2.24387463927
0.553278774023
0.953038009815
3.90943195799
3.72770222533
3.0294052586
0.627097859979
0.579466059804
1.94530984468
5.34326640365
4.90326348227
2.06552452035
0.0768892288906
1.63184859091
3.3967193542
3.85285508342
4.44545392663
2.06698246021
2.0841825367
1.83736558061
0.57133796718
3.99289904721
5.10131892469
4.59851367958
0.494940911769
1.84994013066
2.06057168404
0.858202988282
4.81145483674
3.80676099565
6.13121265499
4.39554889593
3.15768057993
3.63932657801
1.85859582573
4.80145002063
0.383342989837
0.306722480804
1.36820313334
3.37538253888
1.7858882643
2.88317369018
3.60259079374
0.919047570787
1.88207224384
2.34975153592
1.49249440059
1.05797885032
0.432424142375
0.752213740721
2.47709486075
3.02003908809
2.84555655404
0.661897770828
2.2737089002
0.854666193947
4.50103486935
4.75207833701
4.8349464722
5.60351673327
3.99297500355
0.441740604234
1.49495525099
2.97882010834
2.90860720444
3.48439045204
1.62186358869
3.63363689464
1.78697348572
5.28948458564
4.69139618427
3.61050458055
4.17717245966
2.91516992543
1.12848690152
1.49845147878
1.11768423626
2.48629709589
3.18551599234
1.60760833044
3.83948818431
2.64528781129
1.99282467505
4.00112733245
0.0959605297539
2.57470142515
0.390771927778
2.39477965189
2.49409386609
7.56523362081
3.33232838847
2.24739838298
3.58940727869
5.86035098817
2.18810726935
0.0401362108532
0.241523976438
2.60639476194
1.72585533559
2.43493566336
1.69813183276
3.57790441578
3.54918741575
2.18990472099
1.95229947782
5.70946952095
0.386450781021
1.27114740084
0.293876608834
1.86037616787
1.46153042698
3.44950771704
1.59116220346
2.36202754593
5.40703666303
5.32606044505
4.27006679028
1.97459370829
2.22366027441
3.44369536499
1.11074975878
0.561795079848
3.07379512116
3.27292237571
3.47964131413
4.5086994064
4.9100907268
3.48617388122
5.67249227455
3.5433957692
0.791637949646
0.372804647312
0.0384332067333
1.2736272458
5.52692327835
2.37122984871
3.16989002761
1.48121299362
2.43506836984
0.957862038049
3.46162122115
3.91510082781
2.78694436187
1.06132741272
0.938717158511
0.314797660336
0.847883311566
1.77993467404
1.8042106051
1.32806377369
4.20794583298
0.861908301711
2.6363833528
1.1043859832
0.0
