0.0
0.0
0.00306958379224
1.48173102364
1.76898005407
1.18133309984
3.2207214419
0.593979739118
0.568405231345
6.88781276718
8.56783220801
2.04551116913
2.46769336914
0.00110575417057
1.33573728241
1.00209403213
0.677404411486
2.13779744832
0.94883393473
2.57298001833
2.97495771712
2.62159403414
0.805318664294
0.226850425825
0.828500178177
1.52772773616
1.74608085677
0.455370721116
1.71928093943
3.77859903453
2.21237590711
0.182509387843
0.316191325546
2.14616050146
3.66636335978
0.596396332374
1.15674989112
0.0507484530099
1.49205847597
3.11748099118
4.67033035681
3.92495056591
1.52674528176
2.33304307144
2.02650833875
0.615143645555
3.42741890391
3.5663960902
2.50451279804
0.306716213468
1.42848675419
1.2559518647
1.66251352616
4.20770825818
3.76174890902
3.4692527217
5.14669980807
2.77087063063
1.29879533552
1.99249306688
3.44110996678
3.24334364047
1.78553954512
1.28621771932
3.45220020367
2.43008543365
2.26589124557
2.77983531402
1.04031204805
3.00072417781
2.14696324256
0.583494038321
3.99451707862
0.902420318103
1.26328511233
0.891912017949
4.284668779
2.1257604587
1.20180977241
2.63622440444
0.630342233926
6.02031217888
6.27902449341
3.62870617281
4.00049491972
3.39350821497
1.65512429923
1.74969955673
2.50373503473
2.70397063158
2.6702096574
1.11465940857
4.04844991514
1.48321374785
3.64889132511
4.83911444934
6.40827891999
2.941604967
2.91397586884
0.889857877512
2.17060993332
0.900718134828
2.90934520168
3.97103990149
1.25548376303
3.77456442703
2.22820612602
1.08896536333
2.29668626888
0.00586131808814
1.85819931678
0.355262433528
2.22918858775
1.78757372405
5.42774594412
2.93221896724
1.89854853041
3.07131313853
5.43025235651
2.46918826352
0.0538411641028
0.494016251061
2.0616042685
1.18098457251
2.77665721264
1.46642109007
2.63393561915
2.46037422819
1.77242419869
1.19692393101
5.62469929643
0.0463413260877
0.426492159953
0.341678762226
0.937412361847
0.627183268778
2.48251344776
0.77686287486
1.91118500382
4.42163599841
3.75151278661
5.32361576706
0.995302791242
2.25423218682
2.81751256372
0.795438913512
0.574335810263
2.20689882804
2.29025003687
3.7209245658
3.33864342212
3.43812859128
3.01241803914
4.12847276311
3.55160547531
0.579239904881
0.135393879842
0.434716186486
1.23928370886
3.00143090682
1.80419243453
3.25909105153
1.42677979427
2.01322044502
0.731711823726
3.25076697534
2.94562460057
3.3379537717
1.14422924817
3.18953770737
0.032141466625
0.669788589701
0.896777262538
1.81023820763
1.18247454928
5.51666441001
0.276729826815
1.23349476699
0.494795273058
0.224433682859
