0.0
0.0
0.00113370991312
1.07815441734
1.75696952746
1.12904538662
3.82582949311
0.724185765022
0.658572685439
5.88502142858
7.5719244366
1.83408282511
1.26944925822
0.0
1.21062048525
0.177737270482
0.851740179118
1.13403747696
1.24793052371
2.54507587175
2.51693728566
2.9154908529
1.11176035088
0.19670127891
3.8350566458
1.18047715724
0.432931445539
0.448853089358
1.59515158771
3.72934538824
2.36058405263
0.05120928213
0.278462532908
2.22786179918
4.1251214873
1.63703092327
3.1543021109
0.138909235597
1.26687625353
2.40990419319
4.94489892246
4.10281501617
2.07243736833
3.08100906946
1.60193988821
0.758557277964
4.14285423432
2.82641622797
1.3366640131
0.545542750973
1.22339872597
0.356275251135
1.46638122632
4.12497412506
2.69575900189
2.32368086278
4.17938541365
1.80811213981
1.36728074343
1.13740774617
3.64317922294
1.99838224845
1.81143394113
1.06299678236
3.49703042861
3.13492829632
2.37190677365
3.388498866
1.0253025461
2.94926916808
1.68709623814
1.11452790396
2.90625472914
2.14006698725
0.595064891502
2.76185004244
3.90252762288
2.09715517564
1.39540661033
2.89503156254
0.587047364097
6.19295842259
4.30513373401
4.63002231717
6.79442918301
5.51870784163
1.32528205262
1.11719181156
2.97031082213
2.90010493994
3.65556076774
1.17635828047
3.41457909346
0.546753004775
3.50004718686
3.0602635406
4.5699019148
2.07779299375
1.78163918853
0.597749366891
1.76306735398
1.53846974776
3.16380410851
4.39673546469
1.33077205205
3.2894224003
2.1037332383
1.47816759348
1.86131833866
0.125331925286
2.72493525222
0.658119184431
2.19013145985
2.24796473794
7.13633519039
2.2418674971
1.91867534816
3.66396899417
6.20492137957
1.46491972764
0.0950299985707
0.150486586965
1.93298196769
0.939831356052
2.71430798806
1.69727894664
1.95885736425
2.37733802851
1.23801467335
1.12693601137
5.33322105533
0.159363027662
0.745326525765
0.0996488931123
1.9172267454
1.77333136136
1.86160935741
1.71905379806
2.12686302338
4.17390571162
3.14015471307
4.97990472615
1.21857139235
2.05164678628
4.59400654968
0.291636246722
0.579180913919
2.68121106829
2.30561043369
3.76844699145
3.68504213495
3.29102952732
4.34392315336
4.13908760529
3.77869251394
0.946751516312
0.1100698628
0.189958300442
1.65220201667
5.64411619026
1.24150574912
3.98152451008
2.41124879476
2.03533461428
0.522849703208
3.62493921933
3.16901807609
5.09050675319
1.05206977949
1.61856751595
0.111536009237
0.398302987218
0.415076340549
2.49707196024
1.15515311155
4.77472458384
0.934848306701
2.34997687675
0.928868709132
0.308324843645
