0
0
0.0
1.96347884461
2.7620994997
1.49556463186
1.59334206628
0.12623671256
1.1536844857
5.35278025083
8.01027023082
1.98236790218
2.53220915794
0.0283202131977
0.659754183143
1.22221827251
0.724491216242
2.56537938863
2.02461616602
4.81553467398
2.39894322678
4.38060317468
0.485640754923
0.613606161904
1.13867094344
2.44095084071
0.144544180133
0.688255754299
3.69159625098
3.49906325876
4.56927926838
0.373133078218
2.02036941145
1.27351167286
3.25143041834
12.4904464772
1.81198795605
0.0
1.12668534517
2.12113969866
3.48210668447
3.07994227833
3.46451023407
1.43428370124
1.59877033671
0.618782903417
1.74187630601
4.63420781505
4.38546188921
0.393021604745
0.810744348448
2.21698643453
1.03500848421
2.77708864072
2.34667499689
5.87528606132
3.44627710432
3.2994930183
1.85890451912
2.94073147653
4.05088329653
0.585016949102
0.198395647109
0.907352855429
3.57120531425
2.18879072065
2.70996434567
3.2551586465
1.4327550102
1.83300760412
3.5909185973
2.51703717376
6.06226061669
1.55954850337
0.588877813891
2.55709905748
3.41337755509
2.60672874004
1.37900303118
2.5085863499
1.25867707049
4.60336175933
5.08688814263
4.99711997434
5.14883246087
3.46229254548
1.18181530992
2.26823464502
3.22553149599
5.04628687655
3.96333782328
1.18701420911
3.1788245216
0.96076837834
3.37402317603
5.05619784514
7.60587647546
2.76506680343
3.96853115223
0.34031915199
1.74307290651
2.34854082391
3.45736160828
4.22097797366
2.05766729219
5.25600082218
4.30294627324
2.02455417276
1.29321886506
0.452314378694
4.08934987825
1.08382359357
1.7958193362
2.23531958088
5.273669085
3.22390649427
2.52385182498
2.56135690957
4.88803601475
2.70554136718
0.0198561903089
0.10880763398
2.76662793383
1.83729640982
2.46086155809
2.46053356119
3.69073325171
2.95468282839
2.03109645937
2.55564175453
3.53233715892
0.20736751915
0.497414658312
0.197548624128
0.695527482952
1.72486663517
2.6461176239
2.01556518674
2.64145584684
5.20773948357
5.76422308572
2.49691853602
1.29384275968
1.67700451636
2.9484997387
1.79974645609
0.288925364031
1.78305475414
3.01448265367
2.60178614594
3.51666164212
3.953042623
4.15834273212
5.4915101761
3.99435379263
1.04676212161
0.582343389746
0.538684867322
0.681655348744
4.16184899025
1.94930672622
3.61086281249
1.02528642403
2.79253938491
1.05363786593
2.46989759477
3.26049649995
3.39917357452
0.850188069977
1.51559591037
0.597122693434
0.781135588884
0.973307248205
0.764281690121
1.87378433649
3.86371569906
0.713863944635
2.51118527493
1.17816757318
0.0287878550589
