0
0
0.0065567465499
2.1714256393
2.43021493964
1.72449635039
1.96532161423
0.377324925968
1.04500294849
4.8964886032
8.20263689477
1.75050262362
2.27511915693
0.0115300258622
0.76646951132
1.22068627406
1.56854275055
2.5140514106
1.71565890172
5.04469585803
2.54269334674
4.23009331385
0.395010367036
0.694664583309
0.856079105113
2.76401434466
0.269945713924
0.93196654052
3.6960669345
4.11807117797
4.77204284165
0.406336441636
1.43921253085
1.34833261615
3.47663626901
9.94938594196
2.79264985491
0.00184760289267
1.51686332375
1.58569700178
3.69480005873
2.71623111039
2.68632254191
1.58865857287
1.75107801717
0.564431823324
1.99752214551
4.52293745615
5.55003289133
0.329233823344
1.15751449176
2.19286171719
1.31396917906
3.28262453177
2.36182001699
6.10987059586
3.44482271164
4.07053715154
2.43063901272
1.23158962838
6.16167332651
0.363820604514
0.244005423039
0.774792313576
3.19026770827
1.95953473693
2.9401587036
3.35793024919
1.1689669136
2.28109324881
2.88372697408
2.86863349355
5.68267998029
0.404976313817
0.600819781423
3.27101416886
3.3898569569
2.60569570772
1.25105465436
1.87379295565
1.12005835306
4.66211443598
4.47130432521
5.11068768986
3.01408596057
2.92364466935
1.59465421527
1.2437534401
3.3422933023
4.36253193166
3.80484962557
1.10522289947
3.6111648595
0.928729656618
4.0487509293
4.70552470093
9.66340162151
2.90842921659
3.55196591839
0.450336220674
1.61115876958
2.1704788506
3.02834536834
3.66495347652
2.07838061824
4.90244579967
3.665127513
2.28360656044
1.78062798735
0.173784243874
3.93645635038
1.36438703258
1.53750645183
2.26405545883
5.61577090155
3.60443294374
2.22135423357
2.89722352632
5.20662995381
2.23211391381
0.0233344538137
0.119220587425
3.4966490604
1.74672328355
2.66770319326
2.36519444361
3.63130264691
2.59619549557
2.01440993231
2.53297030157
4.46830262896
0.31545220688
1.48279128503
0.0
0.892746508063
2.18080895953
2.50984851504
1.59372994024
2.64354407939
5.05658578174
5.73820905574
1.97049436724
1.18881344539
1.73116946733
2.59670367232
1.87875975482
0.312442531809
1.62908644648
3.51905623573
2.88666195347
3.8896923156
3.79462902469
4.19854730647
6.49334520753
2.91151950043
1.07900144783
0.450232754345
0.719669677317
0.923602566356
4.39971662173
1.90205630334
3.04463998193
0.932584783412
2.76068137807
0.955337878084
2.89905457199
3.67103678198
3.15797774796
0.897325731814
1.58927703649
0.187780374661
0.253406271338
0.7402676903
1.30587166594
1.01049893524
3.83365581383
0.462630163878
2.37774457829
1.68700478598
0.0527371345088
