205.7
9.9
1.8
155.3
122.8
118.4
43.0
329.9
126.6
857.1
395.3
462.5
44.5
40.7
92.5
0.0
272.8
208.1
36.1
512.1
107.9
728.4
307.3
400.4
32.7
30.6
3.7
13.3
38.5
104.3
30.2
375.8
526.9
527.4
470.2
212.2
22.0
20.2
37.6
17.8
110.3
95.7
12.7
85.7
478.0
412.6
295.2
151.7
87.9
6.9
9.5
12.8
43.7
154.3
244.1
69.1
128.6
266.1
258.1
94.0
36.0
5.8
36.4
12.0
20.2
22.0
136.3
209.8
236.0
510.1
432.2
214.4
97.9
33.8
2.2
9.2
68.7
0.2
127.3
346.2
394.4
618.8
278.6
254.4
153.3
0.4
58.0
55.1
156.4
7.1
24.0
152.0
252.4
1142.6
884.6
163.8
82.8
33.6
53.7
67.0
157.7
35.5
47.9
56.6
230.3
1006.5
568.6
185.3
159.5
23.3
23.0
179.9
65.3
36.2
186.5
152.8
1375.7
455.8
194.4
165.4
87.9
0.0
10.3
4.7
62.1
76.1
245.2
326.3
166.1
656.3
549.2
52.6
84.6
19.4
31.1
21.5
88.5
116.7
83.2
180.4
1026.9
1191.8
1453.6
304.9
61.1
38.9
0.1
22.8
11.8
49.5
32.7
185.3
597.3
384.7
302.2
63.7
17.8
44.5
44.6
14.2
43.3
25.2
131.5
80.7
750.8
369.4
760.3
34.4
86.6
0.0
3.9
63.2
5.5
82.4
183.6
180.8
111.5
819.4
288.1
399.1
35.5789142848
0.0
11.9874197245
56.757672809
391.158648446
346.769243113
415.815175363
408.698655725
1025.27644742
0.0
142.079251528
108.450549602
185.905970156
648.052937598
137.524331689
237.592531979
169.859254002
214.663862117
504.423525319
454.462824404
135.046013195
28.4191560465
0
0
