0
0
0.0
2.52015081234
2.10971792135
0.511027160566
1.73594090028
0.562317263277
1.29921952961
4.99426275585
10.8473437752
2.68668480217
2.46623953886
0.237634390593
2.09493742697
2.07579257013
1.06974529545
1.52532692306
0.728980748449
2.69515240658
1.61980368569
3.585951549
1.24648765149
0.834032133222
0.889750525355
1.64867253788
0.404683321714
0.513578630984
2.02617341094
3.78682138398
2.99384233676
1.20858617965
2.44303578371
3.0437724631
5.25055005262
9.1859910076
1.19519237336
0.134887171909
1.02433837671
3.66060140589
3.12979476526
2.74101098656
4.78687996452
2.64849465131
1.74672329682
0.8449661216
2.65433779953
4.93620593497
3.29569095932
0.327398935915
0.925795294344
1.83592055063
0.803942460567
1.80615822505
2.74078545003
3.27914334554
4.56779964664
2.28334374004
3.16075664666
4.95290607272
2.42655071971
0.721049992368
0.367854932323
1.88135335408
1.86816436239
2.40257243154
2.84552393225
3.19832219533
1.9660044238
2.23442328395
3.11451530503
1.70704919973
6.37467213278
0.943706024438
0.564225709066
1.8679332342
2.27042297926
2.05403131247
1.37062476389
1.91782406066
2.05558526516
6.04799313843
3.6163903987
3.81759604439
3.76054465864
5.62102289125
1.73971116228
2.14759948058
1.59597738995
6.57402656751
5.69634490646
2.45193335018
2.65344229253
0.431600687094
5.04046392767
3.53421712574
8.72055462684
1.6937959604
2.20658995956
1.25685857853
0.674229223281
1.81726558227
4.10890194029
3.01984380977
2.14277583896
4.42709707492
4.65707409708
0.902253657579
3.60485253623
0.276267098146
2.47837508796
1.16057864967
2.9761453094
1.29266496748
3.47896192863
4.72824211791
1.93652641773
1.81752619985
5.20803770097
0.839323767344
0.775828271406
0.120469666435
2.93926054332
1.2737845931
1.78124312218
1.84091932041
3.69756143237
4.18057925114
2.68941378128
3.16573006334
2.00334200799
0.0398837737739
1.4489208255
0.369534492493
0.430271633435
1.81341764517
2.27179006115
4.69105540612
3.13570647035
4.15106492769
4.45646850392
2.98774343822
1.29793596477
2.30266079458
3.49885668943
2.29368623323
0.330493123154
3.27246722777
2.58160520659
2.30337785045
3.73892136547
3.48923211638
3.86806929996
4.37246121652
3.50026595732
1.09093167633
1.28757838439
0.11657679081
1.12593145156
2.93783354922
2.62293331348
3.92766487133
1.29831421725
3.69786227401
1.95748219639
2.18720304221
2.09460872057
2.84762542602
1.24863289297
3.18415501923
0.419389476817
0.600174443214
1.47691847058
2.36148636043
0.444678018568
3.67049065745
1.17235761136
5.91934432648
0.512011570856
0.0141587853432
