0
0
0.0
2.270206552
2.81363053969
1.59823871613
1.62401036941
0.0869743076619
0.989328393247
5.07587838918
8.36000548676
1.66380651086
2.25009694253
0.0047395559377
0.773922045017
0.919227415696
1.18379674293
2.55450006295
1.74961561011
5.2602101966
2.46080636419
4.36680109706
0.339061859064
0.751701832167
0.566746812547
2.31024266779
0.22293228464
0.817462689825
3.77785383328
3.68046023627
4.36408967339
0.371102556586
2.11346551683
1.11873736733
3.50230279443
12.3714638585
1.73281067889
0.0
1.03778385441
1.59525908064
3.6690880931
2.79051178205
3.55955740437
1.51718947355
1.51563889044
0.68106046482
1.86500010826
4.30837326497
6.76610783488
0.414655591827
0.73170367314
2.08560940996
1.27983506955
2.92862682231
2.38504750514
6.41172580048
3.27922071377
3.73235213291
1.75345300534
2.84808608727
6.26395447925
0.621777630062
0.330036306754
0.920775744133
3.4163844604
2.07240537915
2.98929352569
3.31230587489
1.26845581736
2.33705424413
3.4479925558
3.09275710944
5.44404088968
0.746354667237
0.650394663215
2.48543762229
3.61461676192
2.5766191897
1.15467803134
2.13428300968
1.24422894139
4.98829216853
5.1844396682
5.26937846653
3.39193019085
3.12407390168
1.34237803752
1.70510329865
3.22797168861
4.75705950678
3.94549790991
1.03012398374
3.21696393751
1.21366921067
3.53267217474
4.71553989453
9.20079155313
2.51493729278
4.9937729761
0.486108404584
1.67589024547
2.33520318381
3.41842854582
3.76312079933
2.03284742776
4.80327858357
3.52004847117
1.9522261899
1.15289960336
0.221262776759
4.72877372894
1.21345771733
1.54350451799
2.24385736696
5.28847866133
3.22588805726
2.28821574984
2.52585768572
5.10745715233
2.81392419833
0.0197711288929
0.0913799077971
3.3596118773
1.69754819537
2.58701045881
2.43267018301
3.66901186749
2.81015930721
2.0547936114
2.4774629008
2.99870975688
0.238231886178
0.444371661171
0.165547460318
0.479608782334
1.92885249434
2.7139181681
1.9597588582
2.85949332034
5.09429353033
6.06226831023
2.19286636636
1.36227714759
1.55673574703
2.31829995022
2.09760352783
0.284762572381
1.71253644023
3.1592534057
2.68911201181
3.68741329899
3.87842840492
4.25779977255
6.35717010288
3.42949537281
1.02483457641
0.299582562584
0.734991416335
0.770246054977
4.04728497006
1.76182997716
3.25742402475
0.939879522775
2.65340242675
1.02569433791
2.42817633227
3.56514326064
3.36369507201
0.960491386242
1.97170671076
0.379262838513
0.571743369102
0.841010816861
0.879264357092
0.937077646377
3.63781932049
0.776937037706
2.31605502893
1.28881456796
0.0117513481528
