0
0
0.0
1.81888764724
2.39584786212
1.25824312941
1.66019822995
0.255287470296
1.30407132348
6.03732968122
7.95119110768
2.06025166996
2.9011906946
0.0
0.959139852668
1.5388346914
0.655388988554
2.32398300874
2.21527648717
4.76516582759
2.28986172099
4.51201645797
0.503286777996
0.896011225646
0.246693640482
2.08260693215
0.0674868079368
0.712554261088
3.90196332941
3.3095134343
4.60996344686
0.391894768924
1.97778801527
1.15488988243
3.49058496614
13.7287961352
1.46808319353
0.0
1.42555538961
2.30711036362
3.22371966299
3.16320127482
3.56235902151
1.47964022541
1.65555689065
0.559328275267
1.8917006664
5.37724240893
4.88057856262
0.676455015782
0.897070140811
2.38003994361
0.830676259706
2.79777105362
2.21804157877
5.67820796231
3.84662223846
3.25626354525
2.44545020536
3.17757402896
4.22855035588
0.558648405829
0.291065212805
1.04909098148
3.80726821069
2.12101394637
2.47539461311
3.28774472931
1.49434032245
1.59038015362
3.89867224265
2.34445827821
8.56485769758
1.49709490442
0.503453264013
3.06419343711
3.52585332561
2.51213289029
1.63522106115
2.68300683983
1.5303314086
4.64546457771
5.26760931278
5.07134404406
4.82018425502
2.99712936394
1.35810745135
1.20019550063
3.11554588238
5.34635220218
4.14161451394
1.49098819168
2.90086505841
0.803450649604
4.38467105851
3.84640559321
8.59635818657
2.79920275696
2.75049601728
0.398975601653
1.97098859772
2.31171520473
3.53387696156
4.24608848244
2.13764967234
5.39968418796
3.90475847945
1.98586037802
1.06681826781
0.199712627684
4.49983107898
1.32694818731
1.90632743703
2.01179309562
5.12626233231
2.96994443727
2.10210356419
2.35655101389
5.30661616189
2.40502369625
0.0237003318034
0.105927198194
3.61672764644
1.76561533008
2.43218349933
2.41159695107
3.70205935882
2.67846689653
2.08051518223
2.40968792047
2.65775059862
0.215805862797
0.921836998779
0.0927311852574
0.62598873768
1.6286631301
2.8012603505
2.28371310304
2.8686964605
5.1034716852
5.7904836135
2.54423648492
1.19083951111
1.13283387152
2.51639011246
1.05014059646
0.265735691413
1.63795126043
3.2529503706
2.40999274468
3.52671655454
3.83391166339
3.85865606414
5.31028750539
4.12045555422
0.754450273584
0.583675978007
0.483995310962
0.339760913979
3.62484096736
2.34346094978
3.69693701388
1.11357628112
2.81816572137
1.03260799206
2.85553733911
3.33447957481
3.34963591525
0.811842889758
1.77235725126
0.322045223787
0.815288627171
1.2978584615
0.885258358438
2.57578808186
3.74281215094
0.849258371629
2.58919777162
1.1727617071
0.0362159460783
