0
0
0.00308106141165
2.83214494938
3.05149858212
0.654634520411
1.42671338329
0.657197672874
1.19169517746
5.01853649807
9.73857311415
1.82975777239
2.78077469557
0.025746928528
1.99981257319
2.5846644165
0.93589875102
1.49611222371
1.28342589433
3.62028771755
2.05829219427
4.23990205559
0.704684312572
1.03432716243
0.507486578077
1.31475483812
0.230813652277
0.604105482518
2.96158348396
3.16101737693
4.06332135969
0.674311937764
0.944892084226
1.92970046774
5.31161786919
12.2799418955
1.02214602963
0.00961099471897
1.55716644367
3.47064012673
3.43534620851
3.0511990916
3.54009263567
2.11424580286
1.57972366386
0.680958322715
2.37177163363
5.94087487739
6.46360514517
0.238961588708
0.89938288019
2.97271671612
0.642919133417
1.87411603506
2.33029670897
4.38514182204
4.53608249314
2.77076303842
2.37939072913
3.82231092162
3.3226137032
0.67773007974
0.146903106943
1.46565524302
2.98583156941
2.07217400905
3.00607860507
3.09496730473
1.78825366311
2.05611574557
3.47443316784
2.64911097765
3.01741209161
1.20535292849
0.424276926555
1.87679051515
3.02598279808
1.83352641913
1.29183510301
2.65699705307
1.7921559047
6.7837549001
4.45391760208
4.0860233712
5.43045425881
6.52340880781
2.71478030446
1.85032996797
2.68436152535
6.80735990847
5.7049187785
1.26872843294
3.18715038942
0.430880888831
3.83724063635
3.08341309335
9.36204974353
1.78035629494
2.085544792
1.01874023303
1.45637044869
2.12881237641
4.45440338398
3.11785499752
1.54933746625
5.63594883727
4.54127761815
0.903373301495
1.33032899396
0.837754936889
1.79588468
1.45646822581
1.99214215716
0.952277052915
4.0003203745
3.62362432107
1.91864651232
1.58972268878
5.48252435867
1.93580581225
1.13854819885
0.219546742504
3.82690355496
2.22774274205
2.79856385483
2.34679155843
3.89602137089
3.50853326311
2.32040725974
3.2274337057
2.443301589
0.937410291284
2.19959507382
0.157480780967
0.57317548641
1.66756207356
3.31103870214
4.18602319504
3.7775299456
5.17764778202
4.64191372693
2.7949016341
1.76726618037
2.03813665314
3.34943205351
1.86958906613
0.305840731598
3.37495914614
3.29957937356
2.70599023183
4.17020630627
3.44334904198
3.93060415983
5.12658256665
4.31630587019
0.429324171972
0.714299215935
0.930323619395
2.17357592331
2.44866620272
2.36973598972
4.12267276039
1.12911762763
3.30098253489
1.23807292245
2.38459290098
2.46794034541
4.03040989628
0.957334965467
2.50736089866
0.619655347735
0.553941068938
1.81733328244
1.62967196689
0.901140227448
3.401187015
0.960520468652
4.83071078546
0.490751862526
0.0818782225251
