0
0
0.0
2.48496263102
2.26576257206
1.13069287257
1.43648756412
0.524796878919
1.30384496879
5.37983024865
8.20210505021
1.74572365917
2.9159841041
0.0
1.33823348291
2.27383837779
0.648032760248
2.25367226289
2.10920411395
4.58880038944
1.98905095551
4.99854625249
0.582381689921
1.16234461684
0.589347343892
1.15687780455
0.101863489195
0.62297749822
3.91979628615
3.36154551565
4.80405314825
0.319751151837
2.22517784871
1.83699208125
3.88182272948
12.5924475617
1.50272030663
0.0
1.29173335619
2.17011026759
3.25525676087
3.2481342142
2.9635786314
1.56764813606
1.68366988865
0.647179834079
2.51167299598
6.07784134522
4.94739299745
0.306327283499
0.906698728097
2.61631877138
0.610776178539
3.01162234298
2.26777169248
5.70790031971
4.14901277586
3.0901125446
2.01090441272
3.56178050535
3.65451724338
0.472797316965
0.214495581982
1.19767983502
4.00512666395
2.12813252583
2.27064094774
3.28776045691
1.56030469295
2.10941966297
4.30416617566
2.51474474068
3.21238454606
1.87819058914
0.294033179176
2.54692172166
3.29986564815
2.22443286772
1.5730512375
2.97126954421
1.52131024469
4.84573106142
4.72957858536
4.7685563555
3.29154957086
2.55112281791
2.45381806599
0.938699265942
2.98114558309
5.70019876771
4.29704147996
1.63700829353
3.02468297537
0.536952812225
5.03362749331
4.2843854432
8.38970003766
2.59330159333
4.09852450341
0.468756589107
2.0701374202
2.22493010946
4.25421532802
4.19146543834
2.39364386164
5.59000363806
3.51262387331
1.91623972275
1.38157035102
0.242516583763
4.41936403752
1.35895229015
1.8533191476
1.62993310019
4.63897884008
3.02394281491
1.98019079352
1.86420893297
5.79901265912
2.2268992418
0.015782348346
0.189348048996
2.75165241951
1.53354982985
2.54559217347
2.79756598547
3.89743568585
2.70822644723
2.14112893329
2.66832509264
2.82418084564
0.269992807414
1.29619969934
0.421913430095
0.988333374029
1.36885958211
2.96661836095
2.64216723572
2.92297617299
5.3897831873
5.38836446777
1.91797609255
1.72327325097
1.20529039553
2.57027363684
1.17237959593
0.260469268076
1.66727223806
3.5353861358
2.37802303373
3.48989529628
3.74126241216
3.20545372134
5.2658665115
4.36103919521
0.849751696922
0.595069495495
0.0323326177895
0.692166493041
3.36872023216
2.4238886591
3.70307254652
1.20111897169
3.31969944062
1.18851464475
2.51534796786
3.2661041501
3.1793382545
0.963005340891
1.47044991609
0.358977428637
1.53634917736
1.154212947
1.12191582844
2.57543800771
4.16216772352
0.843692526221
3.54300872236
1.44506746531
0.0409656509291
