0
0
0.000738540256862
2.46211862564
2.44036393147
2.23822618718
2.84528027056
0.310725666583
1.18513420969
5.89053039486
9.15541471995
2.75223880517
2.46651486494
0.00480380095541
1.1144134507
1.72900023311
0.720758382231
2.93472839519
2.06587595912
3.85924760485
2.70828777296
4.22087917663
0.282764109783
0.425827465951
0.425764506683
1.41436003055
0.459770188143
0.900734193972
3.92080830783
3.94939476327
3.37119325995
0.99699614197
0.697340833023
1.82742124773
4.67428102694
4.54129521362
2.18274104991
0.453824630007
1.90474874456
3.19475100655
4.12116510747
3.96027917776
2.27629055199
2.19169835851
1.8030605354
0.412437135004
4.24612537585
4.87065922248
0.765977755189
0.526258225669
1.29040092335
2.19918637909
1.01742261369
4.76334868325
3.6884814091
6.40884225536
4.21257543564
2.81257927511
2.94872538
2.14435825311
6.59035899863
0.278099361807
0.605070825666
1.26706753671
2.83314191177
1.61492386035
3.13668483589
3.76375513058
1.07296781242
2.05917357095
2.11594321486
2.50592263229
5.07962842565
0.313466025633
0.610882611014
2.82022689376
2.85476639681
2.92758735246
0.893483938184
2.27172238706
0.829439624678
3.76549265988
5.41927175177
5.56268266216
4.32476565492
3.42276293773
0.620560358628
1.05275013112
2.77867464442
3.29586485215
3.4003742293
1.48456832021
3.64778109686
2.18228881806
3.94083998329
4.56361988932
4.41121052852
5.04276821576
1.92045028228
1.29756238312
1.57521616668
1.52232300449
2.58197419159
3.11789252423
1.61591714015
4.05958531611
2.51540298481
2.06491828989
3.13265659288
0.109112718375
3.17056724383
0.33136169822
2.3666485392
2.51075631846
7.65364976367
3.64813329233
2.4741222976
3.49194600526
6.08518910606
2.49415250309
0.0170524879359
0.242240096442
3.67803342408
1.63834244385
2.40064882999
2.025427185
3.52179088234
3.55621017097
2.34391093417
1.93361693819
4.55340774171
0.444694546983
1.48910934548
0.627112871967
1.68865895295
1.41168838972
3.41031631734
1.77357953729
2.46258519986
5.61765602417
5.39665611321
4.20065192878
1.52032036777
2.81704302994
3.57714353898
1.12926097214
0.418999133166
2.77272265218
3.62733127293
3.33815701399
4.10541738162
4.71554830763
3.76100571128
5.65578168025
3.36038280651
0.675135893747
0.161390095949
0.071016618982
1.21759198233
4.58306275308
2.44258662162
3.03540586558
1.61477142433
2.54582099384
0.861632453278
3.64407712221
4.45760739595
3.33702887967
0.924706295133
0.948791613802
0.32878052257
0.677894975408
1.58135586938
1.6834291555
1.26457814756
4.44316537865
0.820556391031
2.08565674163
1.02867171075
0.00759581383318
