0
0
0.0
2.35140328854
2.59791032271
0.503821043298
1.4159858129
0.608019080944
1.30014802469
4.93979764963
9.87048976449
2.22987424582
2.90892593958
0.0273561105132
1.90705499693
2.90225583245
0.849512837827
1.48331212252
1.2719657619
2.90883011743
1.8254740946
4.15822444647
0.757270058617
0.910414995626
0.777314145118
1.34297493845
0.307799622416
0.507343105972
2.79190763459
3.56014217436
3.8473561235
0.890712382272
1.71150086541
2.65658404306
5.64526011702
9.30474675819
1.05653181137
0.138105840888
1.58459640434
3.99052923697
3.25059263408
3.08862879645
3.53288168996
2.2932130585
1.65767070511
0.95195683022
2.40946931019
5.96396662167
5.38104636769
0.135417904938
0.844569044071
2.1565429669
0.733838436194
1.66325317998
2.36786938028
3.61628871027
4.47010367946
2.86870846525
1.84492145851
3.7530290978
3.09011322906
0.602992469445
0.0427815152798
1.59941554442
2.49749100395
2.11986761331
2.79758864862
3.05661788862
1.87471310189
2.3044662578
3.09077294916
2.53569809406
3.72295613587
1.18178675591
0.61270460207
1.98613641213
2.86960907187
2.25918921665
1.06873655855
2.36401150655
2.19451919198
7.27151730657
4.69880349562
3.81098821014
3.62537587434
6.39256610349
1.92314500496
1.97625577997
2.23191795312
6.94289587159
5.53635892272
1.6150735179
3.14922068827
0.515822051559
4.32358939946
3.22298988979
8.53016248893
1.58406796865
2.34267801978
0.994011618197
1.58132296987
2.03792060539
4.47052351246
3.08077291935
1.9775700185
5.76025094837
4.71356789535
0.985691275448
2.81494666985
0.575640271418
1.33585985564
1.57045263285
2.36302197725
1.12751157582
3.86076641688
4.05851281859
1.70042146556
1.59954483504
4.87953489507
1.50152477971
1.10591061832
0.141294107656
3.3488348478
1.61835978087
2.48707431462
2.25333853229
3.6682675684
3.87046823138
2.41356656339
3.17788438406
2.22922082385
1.9361746842
1.87817382812
0.121977113653
0.434479480376
1.89555626269
2.51291632163
4.3291197787
3.32246316131
4.99708200106
4.52632883471
3.03027507383
1.54898363177
2.49487739988
3.06804450322
1.0641163236
0.320415948518
3.35203819349
2.71191087365
2.55536572181
3.9295923803
3.47071048245
3.9853880438
4.41597543331
3.65669063106
0.839882360422
0.707149562892
0.0772445388138
1.59277449176
2.54845755885
2.29031987512
4.22517798794
1.34530073171
3.45747480355
1.46541649476
1.95964508224
2.34296055511
3.67256761156
1.12558868527
2.08172505267
0.598079018528
0.708975970745
1.88344962848
1.53325136798
0.809926818823
2.58197872387
1.3796841763
6.25583729148
0.36474732589
0.0539650173159
