172.3
7.9
6.3
145.6
103.1
152.3
40.9
326.5
87.3
771.2
421.9
392.8
34.2
42.8
84.2
0.0
304.8
128.9
37.2
407.0
115.4
706.3
272.6
365.9
27.5
26.2
5.1
13.0
37.2
71.1
41.8
368.9
583.7
509.0
536.6
188.0
22.2
22.2
43.3
8.1
118.1
38.5
31.2
163.3
377.4
449.7
279.7
142.4
97.7
7.1
5.9
11.8
25.4
185.1
232.3
70.1
155.6
300.2
252.7
97.8
27.2
13.8
20.9
11.1
33.8
14.0
146.9
215.8
201.2
504.3
388.5
460.2
86.9
35.6
6.4
11.4
52.2
8.3
65.1
315.6
389.5
550.3
208.5
0.0
124.2
1.0
122.5
39.1
204.7
11.4
70.2
180.5
248.8
1095.3
855.4
165.9
71.3
24.4
74.3
57.5
157.1
50.2
49.7
56.2
261.9
1175.3
568.6
179.7
175.1
25.2
28.4
186.3
61.7
41.1
183.0
121.4
1305.3
494.7
177.6
188.5
63.8
0.0
8.5
6.0
117.9
74.6
239.6
274.1
165.6
673.1
489.1
36.4
88.2
5.4
21.8
17.5
43.0
117.4
9.8
123.5
773.4
648.2
1039.2
310.3
70.8
28.4
1.6
32.0
11.0
32.0
77.3
41.2
552.6
389.4
240.4
37.8
22.5
50.4
31.5
15.8
41.2
28.2
106.3
53.4
741.0
289.8
831.4
28.4
58.5
0.0
3.0
48.5
9.8
96.4
187.2
116.0
109.7
653.3
239.4
435.3
35.5789142848
0.0
11.9874197245
56.757672809
391.158648446
346.769243113
415.815175363
408.698655725
1025.27644742
0.0
142.079251528
108.450549602
185.905970156
648.052937598
137.524331689
237.592531979
169.859254002
214.663862117
504.423525319
454.462824404
135.046013195
28.4191560465
0
0
