0.0
0.0
0.61884957552
0.779978061095
1.09325531451
0.706518544001
1.81817337219
3.55277608428
0.84590189904
4.90056566708
7.00920353999
3.18164440943
4.46861313586
0.0177751462907
0.26203694474
2.18647645973
1.81809997559
2.19605826898
2.68136798218
2.85600942245
1.62926538475
5.49623990618
2.11047917733
2.89128229814
1.17366207228
1.82017035782
0.156882544514
0.965624605014
1.61744733644
2.03647922189
4.47636061627
2.71732516214
2.0288100855
3.50133719854
2.35088117886
3.85540394788
0.972357829567
0.648957994243
2.55353379442
2.92544176267
3.47051228973
3.10493997548
2.910926193
2.57348283858
2.77473106433
1.35387310217
3.19895527419
3.53078323265
4.28164260834
0.064262276981
0.481473445892
0.869418595452
0.995281932817
3.46368749253
3.99919990392
3.91555407271
2.08046512096
1.5321511192
1.70303994615
2.30279322245
1.09355023585
0.50618604687
0.0148719337303
0.448308781255
0.987422798993
2.36234819313
3.84031770239
2.24841074669
1.91379435104
1.33639899082
4.33435824036
0.777246896003
16.7423460139
0.540442049503
0.394814971834
1.87178972363
1.76988145465
0.744119013078
1.95092959423
5.87470332824
4.09519799612
5.50997501146
4.55730643496
3.16485266411
3.22800033027
6.45032400725
4.55866969284
2.50305838516
2.05054951645
5.90348457452
8.63339121966
1.30828979891
2.85507464036
0.578585524112
4.08072923275
8.57094400586
10.4193606686
4.40658293851
2.32344165654
1.08440786158
2.89380296308
2.33490028558
4.26056412223
3.22911354387
2.37077490566
2.68699022388
4.43674015533
0.367007620167
4.25784185622
1.3148247858
0.660030668718
1.14858538576
0.929106775438
1.09611506574
4.01448115241
3.42087262962
1.18482800119
2.51108906808
6.49139139371
4.30321266409
6.58886605524
0.0455711875111
0.644809150661
0.819624531956
2.82256109384
1.02617795661
3.01676977566
4.86820102972
2.66415501339
2.11825276481
1.1987614166
1.56851541996
0.682828376186
0.717219679558
0.703080870211
1.87307873555
3.17600747058
5.34318858664
5.82676160079
5.29279914754
4.74940928794
1.92167274177
1.46415096847
3.22334390599
2.48613235541
0.0692658089101
0.0982719443273
2.04918714182
2.82518611872
2.79728447797
3.5238893372
4.44652620971
1.73656835535
5.24969891098
2.10313137219
0.871461680159
0.229695369257
0.0
0.0
0.85950149456
5.42711340718
5.73489542515
0.405203106609
4.08988199243
4.23532222956
2.825465217
1.68981079262
1.36237831577
0.895967691438
1.55389533215
0.269774230896
1.22770046728
0.738334820461
0.791250949726
0.875586109236
2.38654134469
0.282749965787
1.14366757497
1.14874231815
0.00126470811665
