0
0
0.0
1.41908911057
1.3309406261
1.23311844841
2.20963779648
1.76730056084
1.29959103873
4.96830916509
7.99403289333
1.75672129169
3.10164448316
0.0243230257183
1.13687091856
3.2407712522
0.526198088657
2.23469913006
2.08801901864
3.09792103386
1.30410187785
4.89798821323
0.544776704162
1.76450150833
2.03572283161
3.35310812574
0.255968785961
0.550449317845
2.1332192719
2.42500821082
1.79049746948
1.82912302541
2.79935605195
3.74015834648
4.10084952472
6.26286173577
0.626251182053
0.174568562303
2.48051698646
2.99090821901
4.28534260963
3.18394693849
3.22956939996
1.89749177836
2.79955745325
0.57333815028
3.15050987899
2.29434337886
3.95630956441
0.234713780461
0.535238941899
0.9889337481
1.33297665883
3.23209739244
3.98450272239
3.74162907712
2.28918917326
1.59169708728
1.64442982269
3.06602917693
2.05533354625
0.353384301066
0.0547301135957
1.28980170563
2.09551378712
2.22531911684
3.59585881652
2.58732643421
2.0719954106
1.65704834275
3.4188709259
2.33251669211
9.41313909448
0.484079897869
0.472294554114
1.21720883437
2.57877398026
1.20383298444
1.87919948483
4.03809447214
3.38031314639
7.61111926707
5.33777428867
4.52869865065
4.04543311091
4.92457284557
2.88647321792
0.69529855327
2.48177974066
6.62867995584
8.13868079544
1.80752505362
3.20026702434
0.657133207074
4.23565304757
4.03093029151
14.3467084158
3.28826075792
3.21765422262
1.87493534107
0.659464789322
1.41044173471
2.9061801394
3.06609686464
2.30085157516
2.20339601242
3.66558860987
1.47817759821
3.97986690281
0.972619545879
0.501076230488
1.36399917968
2.01287153293
1.25991922058
3.62871092884
4.82294620085
1.61104436492
1.65902917925
5.16997024551
2.76373127429
0.489124516025
0.0904626587871
1.14200442634
0.761413063854
1.86719071583
1.43314544356
3.10445137997
4.46048769361
2.41249130352
2.02216162533
0.613821926992
2.15974235535
0.490965050645
0.723614464514
0.412719997461
1.8587323511
3.67075867706
4.91788753541
5.16440749355
5.88793394808
4.56133009808
2.22891593887
0.912991832534
2.11158534617
2.15156461205
0.479858638253
0.122026921483
2.7967361093
2.33069852088
2.82607034501
4.2179732197
6.10273077246
2.86901569436
4.69628425897
2.62771645404
0.650138215628
0.246739692986
0.0
0.00124672951642
1.94000704004
4.67654612224
4.77335864003
0.400188385509
3.4176994937
1.86929896078
2.62055369839
1.44987031515
1.6643869367
1.80934078526
1.74175307271
0.114610861987
0.345132588911
1.19036811218
2.52321550902
1.14760606457
1.57047375292
1.40384314954
5.40014351066
0.83748870343
0.146265871823
