0.0
0.0
3.99140632153
0.426714066416
0.578326941468
0.475206871051
1.45617074391
3.58079616399
1.33620006591
6.21741375746
7.49479524745
2.20106232446
4.9136643291
0.165903180838
0.141734942328
2.14025280811
1.00724868104
2.1164030889
2.4505395405
3.30093507934
1.38225786923
4.93127551209
2.99086332694
3.50107113831
1.41352745367
3.07693297789
0.0157243150752
0.606707622996
2.00112045743
2.16080394917
3.43572111381
2.53945982084
2.23020809563
3.75722537842
2.95143811405
2.12642012071
2.55167262256
0.904584035277
2.73644187651
2.97579366341
4.25597482448
3.16665447911
2.9450605216
2.33109930041
2.0827004388
2.3909043374
4.46916990448
3.28187022195
5.08454457112
0.139945866074
0.602762383875
0.742439691909
0.679015098838
3.4750699696
3.74722884735
4.17223507841
1.8934868467
2.60875653912
2.45301225292
2.77853140945
1.66637087392
0.71459005028
0.00696793431416
0.776989789912
0.75046331156
2.25333313085
3.47225846956
1.79676564108
1.69782136584
1.65085778455
3.73828396248
1.04435554554
17.5134573425
0.834597864188
0.414904639125
0.975279007107
3.09271678259
0.718729382323
1.74833525484
5.2455110373
4.36591811245
6.74225081247
2.54604093055
3.08938282495
5.07405138854
7.01889499766
3.24628849232
2.86511027772
1.44781046908
5.48555916169
9.05128081236
1.41057271324
2.71155615523
0.390612214804
5.14009175939
8.0289340131
8.30626301072
3.89043903816
2.20667015924
0.583572603529
2.68290848943
2.33339385653
3.38566353219
3.23254729249
2.66747860689
2.90575726185
3.36080559809
1.05414888076
4.42054503923
2.34233492613
0.743311461294
0.905558051891
0.977553116216
0.883652675664
4.22120975074
4.40801177453
1.04230408615
2.03794724389
6.56558616334
4.59873993631
8.01231206581
0.0947620668449
0.566718786955
0.833793862141
2.02137717535
1.04287470196
2.5835319506
5.35258978372
2.88523359038
2.76117187238
0.96672056336
0.179124817252
1.1493203789
0.558411664213
0.731745206751
0.470731689013
2.95021319645
6.25297441706
5.72949589067
4.85755095119
4.45392965988
1.57071044762
1.85176498722
3.80551860249
2.79860310256
0.451440614648
0.102194793988
2.02662633243
4.68776310165
2.88266422477
3.46199637558
4.09941819054
2.22248396761
4.98100122821
3.33252934663
0.303894499317
0.314515964303
0.0
0.0
0.591137836222
4.29574785696
5.55882640183
0.623577501683
3.82352286298
6.66046582954
3.37957072223
1.82198011759
2.52501157077
1.30202977546
1.02626361477
0.119194038212
3.39204424154
0.376891297288
0.338787583634
1.23144645127
2.6949110222
0.286555068567
0.725720360875
1.85683441162
8.74108507286
