0.0
0.0
0.0
0.671123678796
1.27722028363
1.00765953166
1.95692036347
2.60873200605
1.18010874558
5.13324171444
7.49393597897
2.26241826685
2.25265792687
0.0
0.409669719171
3.33807566017
1.68372650445
2.32863943093
2.47818499827
2.71432458656
1.37607420562
5.07858031243
0.590232296847
2.16698588151
1.678711769
1.41392542049
0.100258826278
1.59021967556
2.364066954
2.42016303982
4.21568505932
2.32565204939
2.7972630508
2.48082452046
3.65285320557
4.7821527581
0.869915227406
0.346921794349
3.3221483099
3.9489790299
3.80564391753
3.71914971562
3.37377213337
2.29377776454
3.1992572681
0.561968083697
2.95835106354
2.83552463446
4.44441805221
0.224307922763
0.760071622906
1.38037979905
1.46677841293
3.47131227318
3.6646976294
3.7236852874
2.29023486469
2.03233952937
1.72695707157
2.34967209795
2.45219674089
3.23987745494
0.0476212273352
1.36869416572
2.03558530193
2.1589839072
3.66018301039
2.75993250776
2.08207973489
1.47122563422
3.5944100786
1.93744749809
11.2198901724
0.581359033706
0.51225169003
3.06213482469
2.12539465277
1.11701189342
2.1217095342
4.50093784649
4.07397477236
5.60128661408
1.10901609436
4.59459833242
3.1176496963
5.09812583402
4.12677815929
2.05439123989
2.28733828617
6.20151287317
8.71681819158
1.4807647448
3.2922679449
0.837638896075
3.46793267247
5.96755670954
15.7150046593
3.0935437216
3.27866682224
2.92625574954
2.61114594457
2.02606320579
3.67258106475
3.42283467262
1.92171524279
2.27655104431
3.37726747245
0.411940286169
4.76680541364
1.076653725
0.162431567092
2.09871218936
1.49792622076
1.34294560959
4.45109551586
3.66973408556
1.20854719594
3.60981008271
5.07060100517
2.48592499131
5.37545127096
0.0969446715899
0.936791872373
1.93263833813
2.6722339855
1.10990763013
3.13597316667
4.95814477315
2.91256365355
1.61917921645
0.889961827663
5.42255330086
0.931882217643
0.717426521005
0.697863948764
2.4892174569
3.39576638176
5.02551476704
5.80635907315
5.68213061109
4.89261777885
2.18913234724
0.806703913258
6.29378109844
1.62299864669
0.517932471819
0.485714348033
2.91368168872
2.79944808851
2.90184726723
3.89110888913
5.03581785795
2.5907914493
5.71234795311
2.45209811348
0.57658457756
0.243540529627
0.0412241588347
0.0612887851894
5.08162953815
6.02875450719
5.97991040442
0.399010643363
4.31453360757
2.37491817866
2.95271985
2.00272038073
1.55741348339
1.58542415733
1.91573973885
0.991913778707
5.65346423851
7.11894543469
1.47383692052
1.69355278264
2.42936698534
0.631708355621
3.23226859234
0.67387150228
3.29424972157
