0.0
0.0
0.0
1.38831468526
1.61165347835
0.838188837282
2.21731055342
1.34619976371
1.24256244674
5.67150710942
10.2852687412
2.41269362858
3.04309835378
0.125177338719
1.30205397843
3.6836497765
1.09962267004
1.7175168246
1.13836501329
2.9769540024
2.0297466903
3.42094210209
0.578652906232
1.10191650502
2.30590778543
4.26114233234
0.517157971859
0.688594251871
2.9756340757
3.9381128978
2.18469408847
1.4032125622
1.73771965643
2.76476536109
3.17151154764
8.35379458731
2.02981035609
0.0557269954588
0.920201789821
3.99494924123
4.93039808492
3.53473115666
3.43418797606
2.7460975803
2.70808131178
0.541327261715
2.46694259346
4.69703577785
2.49620153883
0.37899370573
0.641161093081
1.41235992545
1.0515820533
2.02700143214
2.941693275
3.53237058449
3.06870137993
2.94056301715
1.42254821584
4.20629666059
2.13671557006
0.474151709117
0.0677044429467
2.69298073649
2.80692153983
2.80590957002
3.0053652334
2.64544711099
2.32549264166
2.42943418212
3.65681241173
2.02095390321
7.81256663438
0.756712140515
0.514386042953
2.56720372278
2.75230100565
1.75467439089
2.04541184026
2.04149225354
2.34871774516
5.9006706737
3.8439599527
5.74578596745
4.03184117994
6.26287637604
2.62389905454
0.956264697539
2.22408550233
6.74637244339
7.49331845436
2.30481905863
2.55303750467
0.358101285179
3.61239218386
3.63904579286
13.3232626503
1.04326390103
4.07551565766
0.663587213028
0.216926367953
1.640900367
2.99774710543
4.11092456651
1.76343402243
3.40242007235
5.1081547332
0.661982921651
3.26326549705
0.824435990304
0.690312998428
1.17295761139
2.29413267598
0.837706305087
3.2102722202
5.10358220391
1.92286219203
1.06962890248
5.45999725698
1.05202152557
0.691016358323
0.19382260635
4.40445256658
0.923091419856
2.09694674937
1.31775928102
3.99411649466
4.6843722323
3.17601894098
3.11196896574
1.81127250637
3.23989283666
1.07853204943
0.372146331356
1.48353967094
2.4438853953
2.97682993714
5.55785733508
4.19462051499
5.79604003031
4.09621379571
2.67299430259
1.33832851434
2.3410344827
3.76776915824
3.07895807782
0.404461485334
2.43525960017
2.80993663892
2.48239522055
3.50158812432
3.81620982417
3.46554022655
5.20539410831
4.25801502308
0.899090366438
0.572427394101
0.385583236814
2.41667237319
4.17484785581
2.85829506814
4.35113310814
0.884666840313
2.97399376356
2.81508920714
3.43861928117
2.49403685972
2.13128831959
1.1475593904
2.40703077684
0.575613430468
1.47856125329
0.443799563916
0.793773444835
0.684493363719
1.53156193672
0.605571299791
3.04939058376
1.34419844486
0.568875237368
