0.0
0.0
0.0
0.852951364592
1.40539436508
1.18833369482
2.19175807247
1.94776029023
1.24190768809
5.13573595777
9.25058940426
2.08034518734
2.10197659349
0.0
1.0831168989
3.2616315512
0.62475241127
2.56319624046
2.18672799342
3.06441118848
1.29372664518
4.88215950504
0.620301365852
1.97553556133
1.9485956073
3.41473159939
0.178191429819
0.808886339539
2.02450982202
2.30500931013
3.78546283906
2.04296534881
2.87510168902
3.93267124868
4.08061841584
4.65794195933
0.887512214482
0.219428058248
2.74481800525
2.87342033349
3.87150094972
3.50789606123
3.38960508443
1.99085399264
2.85085295839
0.666726093972
3.23395541869
1.87191619026
4.24311834574
0.234657286666
0.793887618696
0.902908554766
1.310743907
3.16445076023
3.64007568499
3.5278112418
2.29746691487
1.6312034335
1.5982652707
2.38772150164
2.15148749785
0.327053956687
0.0574506036937
0.901146031916
1.93629240338
2.16047857725
3.45486697694
2.54041148233
2.48638722999
1.74482377619
2.90203336417
1.84032437828
14.9664757659
0.643553633592
0.507815539837
1.54788173852
2.36257492611
1.14492973988
2.07208983414
4.14932953194
3.69525193144
6.7675811064
3.85687355511
4.42954635131
3.30726957455
4.12671262599
3.02822849358
1.31797987415
2.32405754365
6.74239220028
8.46456694137
1.74469041824
3.516239441
0.894332530559
3.78832998837
3.21020025853
14.2697275749
3.13611651957
2.98990877345
2.12954748678
0.952276213793
1.73387872614
2.92962550849
3.51592340413
2.43724269798
2.28790438105
3.58260565996
1.28401035885
5.79531878326
0.982574739959
0.629589806485
1.69642909965
1.96147011244
1.48973126477
3.99265355337
4.5238119557
1.50493210671
1.68839501031
4.95194436325
2.97971913056
4.77960660728
0.0931312690955
1.00217684783
1.10048198584
2.36566175101
1.31356162729
3.22964882362
4.76265964232
2.58618137648
2.29874333157
0.69685274153
3.08082258701
0.192213829374
0.609149167314
0.559855565894
2.31791192107
3.79767827026
4.95933649782
5.51734585268
5.68949971907
4.83993644943
2.21397756547
0.673926095827
1.83942572062
2.55181567359
0.191599110374
0.31569037959
2.87251174101
2.57767980074
2.70495807123
4.10440144176
5.511484107
3.04251311417
4.59807933174
2.6063048197
0.350323588587
0.268472176045
0.0
0.0
3.50527572446
4.92092115805
5.00697961217
0.38103871257
3.48667472543
2.22447319515
3.12527488009
1.57788187347
1.52396184858
1.89401488868
2.55989302089
0.123416246846
1.33812223817
2.03984549548
2.22903728625
1.2761541935
2.52221526671
1.43068835884
4.38155322336
0.303899193183
1.4304029129
