0
0
0.0
1.65808688849
2.22918231017
0.966617655591
1.94737390778
0.795411664061
1.15102090687
4.14645635663
10.2636600737
2.60823538154
2.54726086976
0.240654677153
1.45133365743
2.79039327777
0.91006591171
1.9076044783
0.924012164585
2.71953396546
1.7069506254
3.39712420665
0.836294742301
0.650523534976
1.78606490791
2.38056953717
0.537677466869
0.450558230281
2.42516318685
3.64786600182
2.47315216216
1.17699137493
1.72858436778
2.79554217774
3.6784989275
7.98282444896
0.966205125791
0.439276855148
1.1856892209
4.85992503644
3.30658885837
2.69008660386
2.82027414057
2.43285171269
1.88482647552
1.01010887814
3.06299719075
5.33888050891
4.23473290884
0.333503596485
0.838839267089
1.49533223413
1.09213467734
1.6615090149
2.79310397175
3.02423164551
3.63722411497
2.43965601362
3.25963592296
4.87021600083
2.21463889716
0.696828390937
0.0634351763874
2.02208100632
2.32875372609
2.51415102219
2.70555115771
3.45924037974
2.22884766664
2.50095437188
3.28526965342
1.79871461738
7.83448857022
0.524143445073
0.598812339362
1.91879024589
2.25340406504
1.99280223809
1.6334780422
1.8469969891
1.66390925273
5.82737642806
4.21599464794
3.99071258609
4.0241218172
6.70458252775
1.36504044995
2.17437569587
1.87269772403
6.96138126124
6.19145650417
2.26981609315
2.40079737082
0.315622762777
5.49222899694
3.3577518526
7.45698560239
1.29702115525
2.45391565561
1.13490594551
0.551423715428
1.81810020516
3.50637158222
3.8309640626
2.36903423956
3.97303022922
4.09086746536
0.967322922079
2.35104871751
0.686510082334
0.635025336407
1.27226903464
2.34291239269
0.765491988743
3.23820863944
4.92607274046
1.54463912465
1.1935953889
4.87996935239
0.655071047135
0.504189466592
0.143427438335
3.63739004545
0.943056553719
1.31636896438
1.44817180187
4.46384128975
4.88997230912
3.07248784765
3.47801199369
2.16865420691
2.35438493639
1.71665075538
0.602780593559
0.89143618755
1.83084629336
2.18285708502
5.68389770901
3.26247305272
5.39829648845
4.76856124448
2.59554505302
0.794513811357
2.13225522975
3.39396905352
2.52504089451
0.209426289424
2.75718976674
2.82153110672
1.8852780828
3.78316493437
3.97518416634
3.25299183186
4.39202739298
3.44035299681
1.13089501066
0.663213049178
0.379288441967
0.923473746981
3.0647116031
2.54628292657
4.05158133805
1.01675066166
3.43985906662
2.01831237413
2.80631399411
2.83039406489
2.69543815695
1.45325804874
2.8451364655
0.503455420025
1.082782742
1.75703155622
1.40307470073
1.00743043539
2.21840161178
0.980702348053
3.37946693785
1.18006899487
0.217005748302
