0.0
0.0
3.7606767416
1.47380271554
0.590758439153
0.353428044124
1.19657286059
4.08560868213
1.63623122126
6.52808321407
6.56438916479
3.28050762415
4.28334854962
0.135049566627
0.243951303884
2.54504350387
0.850022453815
1.6415181777
2.24758488685
3.86970342568
1.25020111713
4.75902584521
3.33824412315
2.27862814628
1.00467557315
1.7366509065
0.227150310995
0.275641895481
2.53711386025
2.48012029968
2.94123070547
2.33569315728
2.17974043335
3.60665803996
2.88039554656
2.9078588835
1.83752458636
1.05374539644
1.21039677103
5.07813717611
4.46466552006
3.22702510213
2.77663462656
2.32210734137
1.7003125819
2.87947599217
4.93745658826
3.38644315582
4.23196900077
0.498075781623
0.866077035782
1.00344026764
0.65047097276
2.9958556724
3.5841670759
4.39922229201
1.95209526084
2.26944768324
1.69364678726
3.32165594649
2.07033071085
1.08651377261
0.0554991997778
0.726537160343
0.666678709909
2.4745666543
3.13350520842
1.88337934087
1.64032933459
2.01595050952
4.15559293842
0.637405025482
16.0630133552
1.66340371035
0.40664486587
0.851262927055
3.16813218582
0.679744184832
1.8149463525
5.06122902792
4.33858084399
6.10302830627
3.46655260975
3.19878063723
5.02422944736
7.46349739248
2.49115819065
2.7998228966
1.95042700216
5.33047200664
8.47336134221
1.38086226629
2.79265314946
0.261764220893
3.94473190582
6.7996608112
9.16707153269
4.38270586543
2.07070385758
0.667310944409
3.54345703975
2.23832654255
3.58892345661
3.33315283014
3.0848720615
2.94788322784
3.65136486432
1.61380815879
4.38497603429
2.33888602257
0.669614092214
1.40397518547
1.04923647922
0.556248251232
3.88294303208
5.22198658762
0.846194467042
1.59511863661
6.3143485781
5.30300847063
0.757774394937
0.0416184691712
0.388016423094
1.12117092172
1.82962417416
0.931769696588
2.70590990887
5.16737960582
2.72023376264
3.04033657117
0.991991607356
0.537506401539
0.616762312828
0.568974885391
0.302055232576
0.622922291746
2.58842013753
5.66161270067
5.41851303971
4.53002959257
3.87347597638
1.85599197727
2.00885133294
2.35565887671
2.84925469756
0.0845900196582
0.014570599189
2.32363614021
4.66181007796
2.7953195509
3.4114637468
4.08389342437
2.19023617846
4.59261093108
2.32936280238
0.521441055462
0.202751649369
0.0225027711131
0.0
0.737129368819
3.8635206265
5.61782112485
0.739122537896
4.01146885799
5.99573003408
3.04536746757
2.23221553367
2.25112827454
1.40547640761
1.3542475141
0.731575941667
6.5064926222
0.942202982493
0.404673850629
1.20756708272
1.93896430498
0.119510146789
0.668296221644
1.87946200371
12.3385648031
