0.0
0.0
0.0
1.68766895682
1.99789333134
1.10171053978
2.25575381721
1.31925792992
1.26394691691
5.00161081483
9.3369582505
2.25830367068
2.15585313947
0.0
1.26223219192
3.60176728177
1.02928742644
1.65897762775
1.14726664452
3.21253791545
2.10838498827
2.81969311787
0.556960419752
1.16615380533
2.36663721502
7.78308625054
0.47960922122
0.816112577915
2.80778270215
3.79406307917
1.97916855881
1.18698366731
1.73049079813
4.33316942817
2.99873381294
8.5600936187
3.64866707334
0.0776297535049
1.6027835696
3.82959141594
4.2533448902
3.33092481754
4.9377563952
2.88543384289
2.93803276354
0.422783812857
2.3851816617
4.82060034981
3.29623372096
0.28960542893
0.777277672663
1.33735111251
1.08998265723
2.32006693911
3.15496239421
3.53436749743
2.69253822253
2.98611179646
1.36943336623
3.21961939905
2.31358691584
0.373344656662
0.0620193635696
2.25322354957
2.26562542468
2.53318613418
2.9082508143
2.85843345278
2.01604774862
2.09953802614
3.63692576776
1.99090484437
6.65183341305
0.61633814685
0.529623623937
3.41364499251
2.65859647002
1.61412710324
2.09444926359
2.3261010549
2.58665441535
5.72325272672
3.93894505873
5.13574307808
3.73241684726
5.3679921513
2.56105819484
0.43126894359
2.08229934424
6.84188741143
7.97439114004
2.25031843036
2.55923827738
0.220254818036
3.22481773654
3.76521918038
10.1706289434
2.00380466186
4.16895267251
0.895926399855
0.22947255522
1.46455544233
2.63807337778
4.07984941115
2.04161099473
3.546901308
3.96664998331
0.651039154502
3.13953369576
1.16224781889
0.474738995486
1.16308518313
2.02787185181
0.941710485611
3.22683441825
4.99589660112
1.96609948738
1.18443949777
5.8594283103
1.72160164313
0.766195295844
0.181887520477
3.12323197915
1.00977351534
2.38979203522
1.51024494786
3.91384147992
4.33990123775
3.07913501933
3.19844748685
2.09811471798
2.75672542304
1.29156867974
0.53339186823
1.28080971364
1.93671756145
3.13383704424
5.46198049048
3.97569244285
5.96414731536
4.17880809447
2.92732020468
1.23579474306
2.11841981765
4.0435616856
2.51844736282
0.213790081441
2.56786689279
2.517091332
2.55748438649
3.28861415398
3.69922169088
3.32857834175
5.07804902643
3.90106676146
0.798961948603
0.20413978002
0.85592002701
0.761626120191
3.42643716163
3.03315004427
4.59777252702
0.764050242782
2.75685826992
2.63340419764
3.55141814332
3.19605909719
1.87773946067
1.23587049288
2.49444539496
0.741559949917
1.07394983619
1.08140725177
0.64679578878
0.91750644875
1.51753763214
0.590872630477
3.13453104254
0.733662730083
0.0291288767476
