0.0
0.0
1.02696421917
1.12743818481
1.0517064631
1.94728490908
0.804412165191
4.35542595573
2.33725189138
4.04032692569
4.85821220209
3.78895716369
2.99872832932
1.74629454315
0.669036489388
1.68120491225
1.19775685837
1.64811218274
1.69950237824
2.9720267728
1.57659482397
10.599303829
4.08639557054
1.71122372081
1.95180156443
3.15606467403
0.643630278471
0.965264587663
2.2807675784
1.5649569747
4.18871243997
1.67658640677
1.66659387201
4.60778148286
3.51361740474
1.9463361064
1.31911587273
0.441901003942
2.44667538564
4.08867380163
5.99644333543
5.25675235759
3.13885973743
0.844884184655
2.57358265575
1.69294063561
3.16374385357
2.2648932992
2.57377827633
0.585472553503
2.40015893173
1.51408684859
2.7675107395
2.56302507501
2.68848298932
3.31656216388
2.42930508312
4.82167218486
2.672841236
1.73886563827
11.2411304818
0.467080860399
0.822685331164
1.82441563543
1.4233672074
2.61561341438
3.55156435154
1.14365403022
2.82702100463
3.37116488325
5.5137878696
1.25682204647
6.75634827907
2.71620448004
0.694310344756
0.323326506768
2.68604498729
1.81640281592
2.04024720751
2.32061934564
2.53368650097
3.54619046673
5.00175747368
6.57869436219
4.6127045881
10.2148334924
1.13186175749
3.9244533811
3.5256850333
4.51089845551
7.85620691988
0.934439100325
1.68351310305
0.639324302785
5.39415134909
4.04818844236
5.1786102294
1.51259966241
0.767304207431
2.41073434398
6.10875201656
2.52766422386
2.99293618044
2.87388335611
3.24725198373
1.76943733951
2.56568281795
2.60070845927
6.13829785143
1.77732448059
1.14313392213
3.61062878952
1.2326496162
1.0784815799
3.34715049807
3.85895020945
1.25111205736
2.29482816986
5.3460279936
3.02020906052
0.047921921825
0.259161436465
0.613859100034
0.920663283207
2.22928997339
1.30270593055
2.16492988449
3.20995816495
1.91333037824
3.71381685801
1.150975873
0.744500935078
1.01666313177
1.24011536478
0.227589719812
3.48564774252
3.45392851348
7.23136230366
4.25658522858
3.08536928426
6.33300563507
3.51917500305
4.34886139748
2.77409332572
3.5204275148
0.00185834488366
0.15893475269
2.53988124558
3.96087655239
5.70675781765
3.10882505286
2.45784802362
2.79062883579
4.63074379717
4.00479079632
0.578856177628
0.687185632065
0.233636006713
0.0
1.47293887299
4.79363903846
5.93380209059
0.929758847458
3.47255501524
3.50221234281
2.50544665381
0.850179149304
3.12710848369
1.13002047129
0.979112441302
1.89731947705
26.1780007891
31.1750919502
0.842628098964
0.869800608838
1.65083122626
0.922880221158
0.19320518896
8.74386846833
21.6503003715
