0.0
0.0
2.70908391476
2.41857356293
0.756838807487
0.591940224636
0.998564009671
2.9216472758
1.56719874404
5.21980876476
5.4967178388
3.50653579575
4.80137440655
0.0344119854271
0.642169254133
2.79093218199
0.472022688016
1.33367585368
1.39373606257
2.99096574122
1.13813235983
7.65527245589
2.5552996695
2.08392564068
1.82353801274
1.80989313126
0.0686286917189
0.534008087125
2.23705532961
1.76950008655
2.29896823503
1.94701149128
1.88006805291
3.49871515192
3.51158286748
2.91921890795
1.60236996133
0.831526924856
1.77902901097
17.0911147855
5.65267359267
3.72372293414
2.95071091785
1.35170859285
1.98751362122
3.98377218045
3.15941960015
2.60785808333
3.425792519
0.461057929148
0.914570254041
1.20407718723
0.325523785083
2.72063622216
3.34025180549
3.10347970249
2.59519742685
3.28184572019
1.43755758402
2.00357399308
2.35503611155
1.2770210458
0.390704494901
1.91857032105
1.74098480679
4.03820173867
2.85821616551
1.13763548806
1.87548917287
2.69557692204
4.63732316426
1.18697778985
10.2352925548
1.47468766104
0.877243721799
0.570079932921
3.90301465301
0.987324669491
1.6820343709
3.75624287035
2.79362917878
3.26504487172
4.77493845008
3.3016618602
2.70798068505
7.27941914869
1.77672298497
1.81041448191
1.98619078565
3.04921143502
7.26450774539
1.03442129865
2.03245495469
0.808870775072
4.72101102048
6.16996740026
6.80736404989
3.69359423779
0.792541599832
1.85739186622
4.84804107004
1.62660230475
2.5189174118
2.23736531532
2.50805838872
1.83487955626
6.02291154023
0.689286490437
4.1557649225
2.01538690925
1.07049190241
1.61571294966
1.00889801665
0.177741112828
2.68873061193
4.59020193038
0.770580379525
1.64395765448
4.04169568722
4.04636524245
0.467005086597
0.0725136487745
0.398024521419
0.236669813748
0.783806399675
1.19537472847
2.26233064837
3.58146999427
1.56175252446
2.9707510015
0.721284493222
0.82333534956
1.7904533667
1.67836407642
0.159032558557
1.91302551772
2.92422560224
6.1804983957
3.98768328852
3.02879842045
4.0124292149
1.85955674411
3.12846329552
12.2692057863
1.71433841414
0.387426810339
0.0634010583162
3.77076902124
2.3247368742
2.32509850943
2.99473673222
3.01070699887
2.32707306265
3.78478994686
3.17164818686
0.720165269449
0.24082875828
0.0
0.0
0.735160705983
4.19665463828
4.26501605904
1.13267929852
3.02491913922
3.93824890582
2.53607617726
0.413331501826
1.62279865483
2.24168218207
0.769451730885
0.102170355618
14.5294821588
7.730166425
0.388325815089
0.511962641263
1.43486093311
0.0865270784125
0.123945372179
0.441186234355
6.98971367185
