0.0
0.0
1.61172612011
2.11387943709
0.890789069235
1.29123346531
1.14181177615
3.30746871419
2.26624978147
3.96789635858
4.18264046998
4.11325539136
4.12629174744
0.80712614581
0.504847656935
2.2586588487
0.431607523002
1.28160109394
1.82269841782
2.64489373518
1.37359439395
8.26919740252
6.93092595506
2.01061788341
2.01803778112
1.42865929008
1.34115098836
0.741536333633
2.68766207353
1.59093732317
2.84698045813
1.42433851771
1.37134249602
4.33825242225
3.51426994056
2.80868736771
1.86724878568
1.58978192136
2.61269101774
10.7965650018
5.67690726172
4.26683488471
2.47406983154
1.17129259184
1.88077236316
2.28332009539
3.90020882385
3.02294895728
3.41016633064
0.496449652477
1.19635027088
1.11871531047
1.98647065629
2.3845699997
3.33475920931
3.1040032329
2.35947939532
3.70684227318
1.50550038309
1.53572762723
6.46449642157
1.16591060359
0.2870814614
0.932976308744
0.804937164765
3.82362587954
2.88478567696
1.19794607628
2.08457888849
2.68597707059
6.26935178321
0.665907970164
7.84196881275
2.0432460031
0.493152586278
0.391239448683
2.82803383353
0.897703416587
1.98818354495
2.96039496502
2.97322739358
3.51377446856
4.19872986153
2.98512005154
2.71799733117
12.7616287786
1.61120248993
2.23399407038
2.63528958103
3.39292795083
7.49432960979
1.04571470199
0.807050249539
0.578726139851
2.57032866066
4.6346762164
7.50102800084
2.1171340961
0.585559353232
1.8923362905
5.33822232019
1.93954776204
2.27834779141
2.41250154888
2.42478754651
1.85240893177
4.03304680064
1.08239407837
3.81393329613
1.38654565276
0.991708857939
1.96994315111
0.672561268555
0.986695751431
2.23134028865
3.48397422489
0.868984984234
2.70034970023
5.68470060045
3.30131557025
9.21899371664
0.374168660492
0.114861880778
0.98928364506
1.18591999216
0.926175681758
2.20800443814
3.0628669057
1.33013396896
3.37410941347
0.505218985723
1.10660537332
1.42032690719
1.90280255675
0.331742951472
2.06313648866
2.87529186776
6.77880548919
3.82302636188
2.91796035133
4.66042488487
2.86796578718
4.47737252829
5.36990248039
3.97978181392
0.0592533100862
0.263539350592
2.57228534669
1.62908562477
3.3707065495
3.24763691006
2.82983305398
2.65509390063
4.79338960198
4.26009022503
0.878144114686
0.28862606216
0.0447573438287
0.0
1.42043481005
6.07594021037
5.19623184996
1.13971966854
2.98500921112
2.77849949291
2.18439444096
0.365006037988
2.58888298564
0.947487148456
0.789045858255
0.631447037682
17.3360466689
13.5112912264
1.07114619762
1.36382039357
1.71129944734
0.496723365039
0.137830540538
6.17389201373
8.90098768892
