0.0
0.0
3.95671783347
1.9391756542
0.981158176088
0.60091236711
1.0717432152
3.72182775452
1.92589173792
5.99456148548
4.97227774234
2.33461081411
4.80715675955
0.0684232786298
0.376762409578
3.18621411454
0.353173575364
1.71894060168
1.604015716
3.45789438067
1.54795648128
7.27906878479
4.12845682353
2.0581873497
1.42797268275
2.11914967
0.0680750314496
0.0188803512137
2.38731839322
2.20631878916
2.25017429283
2.3326292159
1.9594672774
3.46011867188
4.16042907443
3.02868208993
2.40100686136
1.60194391105
1.24435900012
13.7088621771
5.83164645772
3.46539303195
2.71900047956
1.71251765825
1.90330935735
4.13180456869
3.99243301223
2.26214242307
4.30643965863
0.129580085981
0.82097650459
1.38015504205
0.638552872115
2.44929850305
3.22491423087
3.03455811227
1.61020433251
2.24687668646
1.21094355616
1.74963415309
1.83294048777
0.702209863812
0.255747649819
1.55686194077
1.74785680999
3.14950757613
2.74560042529
1.27908388991
1.47497589351
1.9386298199
4.09428978711
0.761330047622
12.3025192772
0.719678060152
0.588275248185
0.774386552628
3.90410239866
0.724514403031
1.62749557116
4.21316238213
3.23878134228
6.23919226229
4.43480792246
3.74408656079
4.53209030558
10.3753826751
3.05488449521
3.07833515597
3.94785008323
3.83016914153
7.58214108413
1.31081057433
1.7626232336
0.221534455195
4.39296978223
5.77000257012
5.68971604621
4.7907214202
1.17791255307
2.00286579004
6.12685757247
1.61312178726
3.29296037485
2.66178546916
2.92255672091
2.32787822001
4.03089496243
1.35231961031
3.77792581543
1.83058186993
1.26314660884
1.35568236408
1.41529079957
0.207847675076
3.21006289113
5.44938150886
0.668619331904
2.49523964699
4.50407180819
4.2392536588
0.547498568427
0.0572338744532
0.272352433065
0.417049471289
0.827548007714
1.11554746144
2.70129868051
4.67102260748
2.27625682735
4.02785065165
0.952796929982
2.08675599098
0.803965350846
1.1262062788
0.571131654433
1.40134633292
2.88496465579
6.32145785377
4.17365530459
3.6143052883
4.31951827847
1.85429114988
2.16898315749
1.33516047429
2.22540504206
0.348697427195
0.0267945056548
3.78568495391
2.15671678178
2.64288437879
2.7339388468
3.11741824308
2.60512218787
4.23970316513
3.54727432231
0.281219989178
0.114751183195
0.0116515149712
0.0
0.728486136999
2.96206754888
5.13038107241
1.078317401
3.22511242144
4.85575006297
2.74919700617
0.964924718195
1.93535269867
1.44909961801
0.633428893867
0.673305118456
15.2452908494
7.52295729797
0.329807032365
0.886620003963
1.51196279586
0.0902365688235
0.411578887142
0.270925313234
3.91019950586
