0.0
0.0
2.29640909657
2.76646944624
0.595509187784
2.73716063239
2.14234855678
3.19547230517
2.9782665316
5.55309731932
4.03045929945
2.9462833181
2.08363945037
1.23377103359
0.824914976954
0.912376873195
0.722748959437
2.91490987735
1.79797340371
3.6560825035
2.38555115275
13.1526827826
3.73005416989
1.15766066452
3.00107417337
4.71531615779
1.91518414021
0.670658158837
2.15683516557
2.57127024885
1.69254687335
1.59751254274
1.93838041788
3.35401291074
3.09983991738
0.830370072043
5.17219987581
0.993192562019
0.471774235019
4.86975004291
6.14082826203
5.52655019541
1.65678129578
2.17881182279
7.53990953998
1.90599990496
1.43965495919
4.50737107696
4.82304073242
1.04028325662
1.52502563212
3.12355926988
2.35456890392
4.25149158685
3.99671137752
4.99651122256
4.82458482031
3.51574337226
7.56936084863
4.44127905974
10.5227760127
0.594580893638
1.53120773623
2.22041425994
4.57893003838
3.35829872149
3.19722758787
3.03244645521
2.68287048209
3.7591407299
14.0789103657
1.09860185324
4.3427001969
2.25663143117
0.433789439965
0.635741084698
1.97466902807
2.70062723575
2.50537923456
1.25847490923
2.96494183317
4.81729090144
12.6043429188
9.17994233529
8.02948838612
4.06759257847
1.57745798817
1.56022032781
6.6295971091
6.00881318981
10.1840904835
4.69890447147
7.68866693042
2.81447824743
6.20860272134
5.70332634775
4.46575230383
3.54635350802
5.05587392068
3.36715991743
0.999850189604
5.1167673287
3.94387034175
4.66040545423
4.45136815752
6.33686355781
4.02293446008
12.2419069617
5.24811107758
0.369045937085
1.12894988887
0.919510515145
1.21544585889
3.99804263934
3.51929164655
3.43923189357
3.17216631485
4.38699291623
7.6516082976
2.1120897514
0.663070201874
0.15651416406
1.87743190094
2.53256039717
0.663465734047
3.30007839203
3.40532219445
3.04211439425
3.10907943151
6.27261196915
1.61899663741
0.00859261862934
1.99008354486
1.07572353445
0.858662606857
3.30116814689
4.38107246975
7.48727642291
3.04323402606
2.47386623011
7.30626077577
5.32116532698
6.91501747863
5.83082161681
3.70834686607
2.280231287
1.77709749993
2.37219511939
2.75238589011
3.52103066188
4.51907752163
2.87143998523
8.17761898134
4.49496511905
6.95675186208
2.44991903577
0.936860566144
0.00996066705557
0.00486579583958
3.20551874541
4.13195271417
4.5668227477
2.30754519114
4.93418477755
4.58893987862
4.00798366079
4.47741597705
6.41904274165
1.02754089166
3.23011844326
7.3173266286
5.66286218562
13.653492254
0.709823603742
0.872721624095
2.05986863887
1.67080497555
2.31233823113
14.0729275648
12.4148245663
