0
0
2.52453884349
2.00088024512
0.918394548236
0.454145899275
0.974975057761
3.52024790086
1.71532370616
6.54606317729
4.88637851877
2.85890083003
4.83622124419
0.0475906915963
0.275460718898
3.0056637919
0.474160522223
2.01904242829
1.80289017363
3.42706786108
1.51333244948
6.61156016542
3.13206516951
2.44546464086
2.29494323279
1.94298868626
0.358829765057
0.15772193484
2.70251747943
2.20582978474
2.68164778221
2.5342288902
1.77168431995
4.22978073009
3.99867959693
3.14657755027
2.08591976296
1.23383120447
1.43054262601
10.8953966224
5.77236507658
3.17254985438
2.5957644739
1.93685192848
1.69412481273
4.02165392658
4.33617882559
2.64555473323
3.62814150192
0.243981929554
0.926561207511
1.10891359573
0.775675159064
2.56701635069
3.33046990773
3.7881194083
1.33833103534
2.08742396178
1.21669470239
2.36767931725
1.54261467035
0.705520262476
0.0817426228896
1.36463111825
1.2595436722
2.98999397899
2.93422314263
1.53638898744
1.61649958719
1.80520792305
4.82160653081
0.951497111586
15.5940539883
0.369387272745
0.472345364629
0.60456646618
3.51862352795
0.7730175287
1.70900408179
4.41837226972
3.89045819198
6.06547977775
4.229817866
3.83821579372
4.41436716449
10.7774091677
2.7781741801
2.96808483871
2.83535714331
4.33420253254
7.5656526573
1.23531986028
1.98959864723
0.227961016411
4.74591567367
6.62861094304
7.32533928088
3.73494554078
1.90855876706
1.82434788352
5.323618158
2.50925818563
3.26037594816
2.99874093407
2.70639745612
2.65898479644
3.76293027098
2.27106489846
4.48320250772
1.85426831245
0.717038240749
1.68685202015
1.32307151542
0.45925236406
3.80979925534
5.22844220104
0.787338662427
1.68599349109
5.16818027201
4.10531986319
0.591964579653
0.0541091617197
0.251320798474
0.676962098107
1.28217730531
1.08617223689
2.62059966638
5.25395898311
2.70764649264
3.79529541545
0.929856756469
1.59464621544
0.562765197363
0.920493504964
0.662339973263
1.08359209774
3.08684297721
6.43067655223
4.60036069993
3.78807748668
3.93765802332
1.74782496126
2.05932702997
1.20617387537
1.80773491727
0.0638987487182
0.0104910547379
3.40512553265
3.19083929993
2.82543658977
2.76902011549
3.30899754819
2.63143260113
4.11295358755
2.75361120806
0.499748052098
0.288483852288
0.00299483933486
0.0
0.845657163823
3.12773821602
5.30137095042
0.978793114889
3.83890474029
5.75455633365
2.80455512373
1.45919466176
2.78649075673
1.62331988104
0.707167177403
0.920062158257
24.4004444531
5.01775819622
0.334261813201
0.908794412157
1.8617836179
0.110217899084
0.518026687205
0.976374745369
14.7295896786
