0.0
0.0
1.96443445561
1.68666957784
0.652360901237
2.7036586015
0.934972753283
3.69928710954
2.8487529452
4.28161496529
3.87688939762
2.62999261543
2.44904807396
0.147997809807
0.674709126353
1.44363921415
0.837514825165
1.58945047157
1.8077034388
3.31535816169
1.43023296841
12.0485138381
2.75129301753
1.25485869311
3.31232073437
5.30328924209
1.40421189973
0.417069743853
2.80128022935
2.14430665795
2.66046937788
1.56528126402
1.06676660338
2.67262531444
3.78551525413
1.04205601756
4.91393810685
0.0934205309022
0.924237294414
1.42809843365
4.56762735918
6.28929135948
2.53469566221
1.9470844008
4.86199425813
0.730188585585
2.58968334319
4.3277865639
3.21512908372
0.822086343309
0.675833290908
2.32143756282
1.94011600513
2.91109506448
2.12843178812
4.57267565111
4.19550973084
4.13307191501
6.69969314802
2.51542043104
14.0790845398
1.55165781011
1.05213868024
1.80293615162
1.32319988823
2.76898289099
2.34799867793
1.76751041424
3.66715367988
3.06022953056
6.80205094209
1.40224037855
3.72682903591
1.62753023952
0.502162272111
1.18600508518
2.35948476865
3.03104188939
1.95350706991
0.772495831363
2.28649809211
5.12995874323
6.82831455581
7.21136509534
3.44824892562
13.3033659682
0.970693730284
0.953197408991
6.85033874307
4.64344810694
11.1543420814
3.30690668244
3.95464005694
1.73078317568
4.8988749031
3.43204411585
2.74368451023
3.99414829677
0.447915664176
2.45402536419
1.94148104236
4.18119581207
3.32955736667
2.68692293554
3.781138647
5.33119768649
4.10482430027
4.58796192752
6.61110197939
0.17779201176
0.65395193937
1.28209213732
1.11256959918
3.36798451655
2.8648663935
4.10376854194
1.99362264317
1.9383244426
8.08142258576
0.638502308168
2.2361578478
0.236695631407
1.19072788709
1.46885605482
0.374121040339
1.92216342315
2.07414082915
4.21123941708
2.3369033169
5.65778643731
1.6823935702
0.151616215706
1.49629789777
1.60595551622
3.53814119706
2.87106281926
3.44230463653
6.79980526469
3.72530915355
2.60640220408
5.9934521392
4.57124216855
6.15709153097
4.09074669215
3.26238304377
1.56679567322
1.56759019173
2.50914570864
3.63540527318
3.72839501943
4.62917429954
1.80945733585
5.27342043817
3.31680627773
6.201434494
1.15628379118
0.688354729791
0.0538811907172
0.0133554167114
2.50855360739
3.20142294746
4.10483576963
1.92365056602
5.61739582103
4.15828404482
3.62992931122
2.92288201069
4.27342705638
0.567185731605
2.25284779817
2.83476557583
4.98266088776
1.88580609206
2.74008449586
1.61543167185
1.68226558552
0.733702071942
1.76071111485
12.2209570529
6.50850465707
