0.0
0.0
1.80921375286
1.74853694718
0.806797519326
3.02069478948
1.1549264153
3.52392368717
2.75966272317
4.48811354116
3.78428065963
2.87484615296
2.53318661824
0.670568212867
0.733668575063
1.63851757487
0.716448785795
2.7623022995
1.7111173193
3.12431756558
1.84450721787
11.6822418496
3.43226182228
0.925659338012
2.80271821143
5.56677530752
1.5140544523
0.699516400462
2.67169825733
2.63675490476
2.29561112355
1.29679917544
1.35199540155
3.21846963279
4.02408030513
0.841497420799
4.57754242187
0.279183930717
1.07349499094
1.38148028101
6.28109459829
5.60793733969
2.31643830752
2.24655216746
5.81658354052
0.620032064675
2.66153654957
3.89643342374
3.80338177527
1.30688973557
0.807952621835
2.75930227246
1.92095750966
3.3673560021
2.57128926174
4.50606250344
4.538906564
3.64562808455
7.97715044487
2.13162435323
12.8359614522
0.830842193216
1.56282969122
2.25246707484
1.49900480284
2.75547567004
2.68728624366
1.77814508253
3.48918070504
3.2201485089
6.89559064992
0.913017737854
2.91826013045
1.68240907614
0.743489128479
0.754386655171
2.24757577718
2.66819071426
1.86777531938
0.682158188894
2.66520344745
4.7778244298
8.69298047014
7.86238958174
4.62299052719
6.3670310881
0.754107981455
1.19652957071
7.5521092565
4.47736808518
11.1309677549
3.62736248598
5.12101543415
2.14184642304
4.87386580114
4.43881668407
2.59456526581
3.15604603512
1.18627768708
2.65652298596
1.5756144927
4.1250355579
3.31534627092
3.41701883462
3.87669008644
6.8668800625
3.62518607138
7.73389716679
5.14419423253
0.3662044761
0.943145312369
1.23231809807
1.33710673312
3.26580922678
2.90964202583
3.617377182
2.52086315223
2.97252029413
8.11209542444
1.07730752695
0.607819104102
0.0790666472167
1.40430160382
2.19036175619
0.387161427585
2.52245627367
2.45998999511
3.9846702402
2.44185384526
6.15794246364
1.86955014896
0.182684092317
1.98343197489
1.94628572254
0.381981010549
2.92378260486
4.08645832306
7.14362393483
3.34063642984
2.86352330743
6.12305154279
4.77985866088
6.64620231406
5.26674580015
3.65225976706
2.74915801734
1.48627434298
2.99004667439
2.85840564361
3.63089324732
4.84987107734
2.04693995276
5.77353953477
3.56981663592
7.21478712093
1.26118905935
0.705487239
0.112296584994
0.0112403063104
2.5233096524
3.47645359579
4.63482192531
1.87682729622
5.47377616633
4.89048234373
4.01971873728
3.14762167819
4.96592166193
0.870228033513
2.56774297619
5.84605415352
0.83440118283
1.411717932
2.02947810339
1.33754174481
1.94830313209
0.888730246574
1.15821821429
15.5808169786
6.45509394538
