0.0
0.0
1.25673365593
2.22848693747
0.684814415872
1.00676070061
1.17189238867
3.28528368892
2.10708268732
4.33986741677
4.53309120063
4.33109681052
4.83436889853
0.549738121219
0.578741225414
2.56803824473
0.505917156348
1.18171404232
1.51614216925
2.53655735962
1.4690098986
8.0495880926
5.2378115654
1.63873089617
2.18883320491
1.90583471954
1.03407680284
0.710034172516
2.38130194275
1.34420834988
2.60665351286
1.40482743783
1.03364733607
3.48822551145
3.2241408393
2.87627959694
1.59679549746
1.08557414945
1.98552144153
14.6786918244
5.65583272849
4.09110958292
2.57245735161
1.11490296829
1.76000100281
2.69791121117
3.10138035775
2.71639073803
4.01148380339
0.636432053521
1.29446404614
1.04381415993
1.32542876434
2.01125811244
3.40196556505
3.0446752077
2.23499418935
3.07573180657
1.85654392885
1.17224786594
3.10581714474
0.733193146531
0.266721868888
1.83493152726
0.575349617167
4.09328811255
2.46888487635
1.34988321736
1.99782541767
2.64080477878
6.47221484513
1.40331750177
10.6621843686
1.52724801726
0.725429058075
0.491812282009
2.41884439834
1.0406002939
1.90226676641
3.34219312295
3.04774812236
4.00656026276
4.12542294036
3.28759833169
2.16350727575
10.2158123882
1.80248185853
1.37129600276
2.18346853694
2.85742445569
7.39770189766
1.00937214447
0.821990967263
0.731615675206
3.99232432444
5.45343414275
6.96494376892
3.26715246821
0.782902682666
1.95399194094
4.42699454856
1.65044781531
2.51955138985
2.47288828506
2.48703890666
1.66425752721
4.58599882387
0.623588547576
3.60236317199
1.48244005255
1.16275748191
1.43484753568
0.54280166619
0.732728965755
2.3269789042
3.46904152865
0.933899907395
2.79727915564
4.70024499012
3.97035601363
9.51581694232
0.227635192685
0.296724681393
0.725479454268
0.736548475572
1.03495245974
2.30866375519
3.34726559231
1.45465331804
2.93578447704
0.648076327052
1.04818349332
1.19564083917
2.05022799596
0.138214763952
2.25181500404
2.6748487124
6.55431410251
3.76664322056
3.05750303483
3.91323909815
2.3385915095
3.77026895655
6.81796694547
4.11160949618
0.109337981557
0.201718782773
2.89487645868
1.22399969108
2.52025010512
3.3007701626
2.96258291136
2.10541799082
4.64633498713
3.89477644395
0.916432962753
0.170565139968
0.0602251663804
0.0
1.04949775315
5.10147261992
4.77018889831
1.26253065467
3.42160593602
3.17118953238
2.27589429053
0.337778526591
2.32345551404
2.02359702019
0.707487393054
0.957880808972
14.3565288938
10.9385388047
0.908324117772
1.20379158529
1.80736756232
0.256570443511
0.215321481228
5.2458828995
11.6082612691
