0.0
0.0
0.858447432518
2.98202257673
0.94287660718
0.888159327209
1.10333439344
3.09817285649
1.92185311113
5.05328678666
5.4922538579
4.13930689939
4.97337832255
0.0331983864307
0.332845172146
2.40846822783
0.348943378485
1.42489680927
1.40673627821
2.60580005171
1.15511251008
7.18612537906
3.89813531935
2.02253751177
1.95116035792
1.34017879516
1.00930908904
0.448749537347
2.35930197313
1.5139658479
2.37590277859
1.5911570685
1.24161803292
3.56304479903
3.77749671903
2.49525570404
1.77404877637
1.07273333985
1.34317615995
18.8540393801
5.23522408144
4.07044120098
2.81464041187
1.241407105
1.72903182567
3.15082904324
3.18064857833
2.96865379694
3.899629049
0.650666652247
0.888165326847
1.33249677438
0.612579831359
2.43104682281
3.12672389811
3.22347986326
2.61831975984
3.10521595221
1.73884803394
1.94059935363
3.105851428
0.707366436254
0.398476853967
2.4915871243
2.13162149105
4.3636033634
2.69008975371
1.23779659485
1.94791718386
2.67303822399
3.8555093527
0.98274448514
10.4227568773
1.50441991119
1.12031453848
0.585793594306
2.62091964949
1.05306571466
1.92789557762
3.47568780184
3.16476597311
3.67291061091
4.04120948142
3.98971918179
3.22458306677
9.87250351394
1.80952096317
1.27453809208
1.80029439548
3.24244712887
7.09715275932
1.06441825815
1.74848678906
0.797738310299
4.45908371417
5.4328985379
5.98506164551
3.34655719995
0.919464430073
1.9191001475
4.9160022696
1.55582482519
2.39851326589
2.40799817152
2.46679423749
1.8296117112
5.09865851793
0.72275042301
3.52590957982
2.0305870194
1.07894283487
1.40688524873
0.85601149057
0.391864850186
2.46633728966
4.03535103449
0.953189805616
1.82338914002
3.60499078222
4.23816919699
4.5151441358
0.12448200956
0.291364664095
0.207878709305
0.624127192888
1.30172246665
2.34516910347
3.61537052994
1.56462272233
3.07821915369
0.745143967564
1.79819762707
1.37259867042
1.68339059129
0.247986365459
1.82177999755
2.8979224193
6.23101466754
3.88937632414
2.87235059217
3.91863556328
2.06289392943
3.48582808103
7.71475308109
2.81082791369
0.457747337641
0.202393455664
3.34575466067
0.922720076109
2.19687367405
3.10442236101
2.82240709849
1.90102097322
3.53265459766
3.27213696484
0.383694028482
0.217649690399
0.00184623722453
0.00847391132265
0.736450974189
4.51700430177
4.42909017939
1.23171766102
3.32836374361
3.50039040111
2.90765704238
0.810154280975
2.17607497674
2.35708578117
0.769312122779
0.329312741756
14.2615674762
14.8109193742
0.439813030884
0.858999493998
1.84159481782
0.176495174877
0.237748607993
3.78639172018
7.17204799247
