0.0
0.0
5.54372048378
0.505016155541
0.875284638256
3.59482974221
1.8930737183
1.45982358744
3.02534423117
3.32599170785
1.17266927194
2.99358669069
0.676288109506
0.255008663982
0.957427088637
0.447942003608
0.639553934336
0.673840774223
1.06578254804
0.498735519592
0.8476373874
2.27675717813
1.37030718476
2.96490022354
9.1802960803
1.25262750906
0.538631964475
1.06375066191
0.649916612019
1.20120093971
1.63614776451
0.357785738073
0.74377034104
1.57205027295
1.94011951692
0.755231818825
2.10833691002
0.521634136909
0.797643917816
1.85553898336
0.863165487885
1.08684418374
0.683564880863
1.03211149306
1.7487630581
1.25548472849
1.74544910819
3.49656337895
2.16821615468
1.06726977765
0.563922880683
1.88860836765
0.948734631529
1.71661764942
1.31542583782
1.00697447918
1.36534357304
1.49908989505
2.56526362197
4.42249696248
5.17297053325
2.77567141387
1.46492891759
1.62482504547
1.26027760655
0.586160714942
1.00472935662
1.18850935856
1.15426430688
2.32899439236
5.97593430278
1.81388385763
5.77182783
1.56497759267
0.38298122678
1.1449695245
1.05440915842
1.30590632558
0.412796093151
0.654237870593
1.60229310952
3.36091088736
3.90091319382
4.1072569692
5.30030687037
1.98938922025
2.35508818924
2.53046952793
1.51210142468
1.8405040428
2.05767535092
1.08879803529
1.45488185761
1.91147268377
3.3481648434
3.66350241349
4.36130442139
3.56739827199
1.61484994477
1.63849544362
0.6566798063
1.14606496133
0.315739889862
1.43457926624
1.77753863437
5.275955891
2.61578682228
2.0668031635
2.14304117369
0.75672450132
2.44060718163
1.20631153567
3.39394439198
1.35148394573
1.59367205948
2.10572608974
3.8072653194
3.94465294899
4.47552755848
2.80127442954
2.20101992611
0.181205875357
0.907069303794
1.36168052244
0.687355293252
1.03977770358
1.27387021005
1.2164053889
1.99224035116
4.96137879184
0.923333236016
1.26207590586
2.09691172763
2.87216094742
2.14922330854
1.72722227906
1.51236004767
2.04877181351
0.919700186467
1.39162677526
2.96518874425
2.65797381813
3.37511882163
3.87312524347
2.60422339966
3.60768166999
2.5273587202
1.7169948183
0.889908349258
0.321486262837
1.26784598408
1.70656485483
2.67517109867
3.65589409112
8.30610879278
1.86466648895
0.655417390633
0.725738504436
0.136275611003
2.4013800025
2.15749447979
1.15398928523
0.628302258672
2.00713063858
2.77597397752
2.06892943708
2.68478778214
6.22432854655
1.72688058671
2.12310138921
8.8838190455
0.619145825505
1.3864556402
0.155233958649
2.52809350006
7.63212616369
2.79198183026
7.27213354595
7.59425204247
5.13356878283
