0.0
0.0
3.85556394747
1.07776112109
0.795809691655
3.09194961726
1.60372869653
2.05271061033
3.41175386962
6.13433572464
4.96374463569
4.32888676226
1.41963005438
1.33402273059
0.45662938524
0.97342851758
1.66305138357
2.04921028391
1.16572435573
4.04757384118
2.47566716839
8.14181729779
3.79882182553
1.41982538253
4.16362509201
3.27430593211
4.32615457475
1.0323921392
1.21499275393
2.3979400394
1.70750401495
1.83878685161
2.33664275333
2.71099318564
3.97897989082
0.367103921715
5.22116612177
0.331059696153
3.28995615325
3.71371496888
4.31386833428
5.29959690286
1.84564429289
3.13325919281
8.49097122892
3.06520254654
1.61275095236
7.92804048304
2.51597952505
2.75114845647
3.57148127526
4.62222234299
1.85789468046
4.13220893173
2.91641436773
4.87358363718
3.31003693672
4.06728634262
9.75937055086
8.6177242588
14.4856094182
2.34591609961
1.71126992186
4.89318455849
2.83508859458
4.2198286893
1.94413401518
3.22454283084
3.83248933684
4.41393761989
16.24327758
2.1716695241
5.49470618414
13.2730162727
1.34303273633
2.11071383854
1.29184427048
3.88374458259
2.1556049186
3.49443505541
2.84635983733
5.86440762319
12.7214251877
10.5612414544
10.3549063727
1.20754188788
3.52974461229
3.30628297757
4.98061857483
3.98456126079
7.00799557054
3.02970740851
7.95747952443
4.18585075391
4.42648231331
7.61411098193
7.2649197455
5.48663898674
6.85655022948
4.41875948431
3.57764920976
4.5473945206
3.046966322
4.67790671508
6.02662152739
9.74923436786
6.49958451011
8.54783976637
6.84762384929
1.13368802296
2.11730400816
2.11604705313
3.14410030236
3.97801791364
3.81038627733
4.30223701638
5.65461501351
8.33718438121
7.98718649242
1.9395290612
2.4569813204
0.133556447574
1.94563429104
7.05906600435
2.97328601207
2.83111945825
3.19730370562
4.52386970655
4.39782125398
8.8239469782
1.08069736697
3.34869167581
2.53190213966
2.55173753854
3.11858686991
5.88420781493
4.35113668302
8.04782956641
2.40711923898
3.41213623248
8.19123906875
7.58331335126
7.853821625
12.079057286
3.79489964806
4.23542240728
3.21494750027
1.95133959618
2.31622426875
2.58474478452
4.0058769777
3.51116973115
8.27062112372
4.35218843073
7.61549537338
4.06017080112
3.3869515995
1.36752080359
0.161597647995
3.52374185546
4.85248054937
4.51411397522
2.05020947848
5.02930282056
5.28984258324
4.74053106643
5.85505360796
9.23499567248
1.70467232907
3.76637936535
17.1887057903
5.14601532262
9.21825110259
0.325545636006
2.83712322637
3.46686642198
3.38299415261
8.04998878855
9.59701502137
9.89455243608
