0.0
0.0
2.33701023832
1.16502267332
0.563802913879
1.32893551141
2.46170178475
2.44799730973
3.19181930413
4.15978969028
2.40715355566
4.0825739695
1.18138269102
0.899201771244
1.15788363991
0.69712895155
0.637086898088
1.34014370199
1.01636383892
2.15210175933
1.67353624594
3.2486720467
1.96824010485
2.38253262779
2.91032920522
1.06431222195
1.26850367337
1.29244040861
1.28631028626
1.21994989039
1.9909380888
0.336111102486
0.955552672269
2.51518271328
3.14495076565
1.8617762833
2.13636772684
0.769065211993
0.741928271367
1.13190019288
0.97135646129
2.88868931856
0.962951772381
1.13657488069
3.82570749149
2.40509112191
2.16734535503
2.03825919842
2.10154837329
1.14117739495
1.14535919763
1.60847253277
1.32093661872
1.699836093
1.74172775226
1.39034629473
1.52307132143
2.33788800426
2.79075011541
3.95727645233
4.40245791024
4.33111762162
0.557314043865
1.30599773629
1.61026096344
1.00192116457
1.16271716129
2.30823237181
1.99752317212
3.26488042576
3.40579567093
1.32557721715
6.90796606103
2.44523213833
0.195872155949
1.83578986244
1.39129466284
1.00245509017
0.738180177636
0.947417041752
1.71809312003
4.80750787631
4.67173360661
2.12517925864
3.50944001623
1.27577832952
2.30668906495
1.5699612298
1.81415869296
4.11126301996
2.02431058977
1.96630292432
2.22866823128
1.59005471645
2.97059613199
3.20301418711
3.10866535298
1.52655865712
1.53197928146
1.13426082581
0.241034594364
1.04514983873
0.779881977942
1.55412972579
1.85782390693
4.06768072536
2.35169117386
1.43741824443
2.76648701145
1.1002332723
1.56743634457
0.892114184448
2.06078798661
1.21855068579
1.70014378568
2.00397110905
3.25218181405
2.59942357399
3.75150673836
0.703908849508
0.91809259163
0.0125848911703
1.4612693066
0.748000799096
0.907889246941
1.02158669196
1.22686422989
1.04430097435
1.25727607962
4.85127926571
1.06144191982
0.988087094156
1.82011494786
2.49639213469
2.67084829372
1.61710991012
1.17441181748
2.76582467323
1.35682018381
1.46423170902
2.69791149156
2.21535288135
3.17633989034
3.91471228725
1.98281118844
2.75611207751
2.09085648425
1.10836749931
1.20048773196
0.526199019048
1.13628081931
1.76846033055
2.89019799372
1.77909121715
5.52589457459
2.1778707999
0.795675813104
0.413083175197
0.0317839825875
1.9271884365
2.53341773804
0.837465241551
0.616006933153
2.15485154931
2.79405702045
1.77821290656
2.90164843644
5.37055470113
1.38570098765
2.06896750012
5.32324151136
0.612571168691
1.96081964858
0.217938959599
0.69586260058
5.34224105885
1.795780316
5.59115470573
7.73268310272
4.68923083006
