0.0
0.0
2.33447764069
1.25619648024
1.05433822051
1.41687471129
1.07366017718
2.83486341406
3.40635839431
4.74600376724
3.62021654239
4.91477955505
1.26611843181
1.58432368562
0.731817145599
1.28885548422
0.557422928512
1.66236272966
0.983139003627
2.96805530251
2.10675232322
3.75789456349
4.36163046816
2.28816459031
1.69557804003
2.28493039706
1.01234516036
1.65553102084
2.216475714
1.0910519883
2.2283036689
1.08673860878
1.21985659399
2.54858502513
3.2101892333
2.50591140985
5.41208598041
1.10703834146
1.23891708069
1.70721364138
1.77669328731
2.609452934
1.36719025485
1.30201216997
4.3878440496
3.49673132942
2.50829891465
1.7815140934
5.24531497387
1.10655374854
1.83747499087
2.44519688439
1.49319694453
1.37790861889
1.72911912957
1.98000945151
1.89037943259
3.59537154413
3.52113809995
4.88391223864
4.1373847425
4.04610824026
1.12472821237
1.64660737477
1.16123913531
1.40075896261
1.13269642321
2.54863122001
2.70682811877
5.25154537335
5.5111800452
2.61431592703
7.47765556118
3.1576873358
0.579502267763
1.28147275257
1.97122598626
1.43841671734
0.878414059058
1.97373375716
3.54874315904
4.63443055749
5.83057621773
3.48588269402
3.40878018778
1.4202480088
2.0121359498
2.40512114018
1.71747520147
0.703527735546
2.55339283915
3.1557404655
2.73318458628
2.57710448536
3.63117843959
4.20185186272
2.26028525596
1.14260635886
1.23659265973
0.918045551749
0.217418937013
1.37843599683
1.07576718647
2.16897634231
2.29210545821
3.99440841621
1.93582778785
3.22656474262
3.329696537
0.735906199086
1.71268257184
1.41229943262
0.481203677598
0.684922023676
1.91073887842
2.85012373421
3.40831298119
1.6113832125
4.12762415537
1.11254396918
1.00378229097
0.056697294116
3.31455067993
1.10631131241
0.979085267521
0.735674392432
2.08888642723
1.58757136925
1.23847271781
5.02300285955
1.17552799266
1.54093394848
2.22154158837
1.99479192775
2.54028125852
1.54171817936
1.17873001145
3.01602584776
1.5671865202
2.61492595845
3.16306893807
3.23874290031
3.59821983892
2.92677309713
1.99326488533
2.08140745666
2.18184964056
0.558099765796
1.10201965598
0.611388265621
1.27497051837
2.32368437038
2.01651636534
1.16688036709
3.11438168574
1.31143550004
1.12471371522
0.236162895337
0.00744236155879
1.5373810379
2.81227489887
0.650339866988
1.29256118718
1.77822554205
3.82022526953
2.17484483263
2.84065069747
4.45429757121
1.71693885911
1.00772512588
5.49062018096
0.994531811211
1.85003874823
0.325229960494
1.84192827158
5.33315663226
1.43094203633
2.57659758069
4.46340143401
3.55631284788
