0.0
0.0
5.42364759557
0.512709794566
0.658586366102
2.10587066575
1.23552435532
1.68434157502
2.17760248738
5.22288548993
3.64569205232
3.10466001369
0.79561962001
0.367181305424
0.153245278343
0.277064710855
1.21224319865
1.31024303194
1.25095045939
2.184825951
0.587333140429
5.53643968445
2.29702997115
1.12628757954
4.4770826411
2.39486058056
2.38255130779
0.704220503336
0.673570226878
1.35098026344
1.79005438462
1.04647684703
0.942292454885
0.566882868297
3.06760974019
0.658355316438
3.18677272671
0.428204607277
0.748334803386
1.38813809596
2.27919761208
2.43340154749
1.32367874112
1.75652812584
5.05238864804
1.28706800123
0.749074772815
6.77133533242
2.00986953836
1.22471230337
1.49028734071
2.17708977032
1.3645273436
1.96851348667
1.26283377956
3.09288374195
2.37624199095
1.65809743479
6.96657180507
7.72509765462
8.59799472801
3.44539376121
1.74001351325
1.56192781497
1.3825350827
1.45017537847
1.76199607085
1.03531372268
3.27030176716
3.821496377
12.2250191625
0.990152477694
3.56449996983
2.04237885005
0.567957403604
1.17418064486
0.748494080937
1.56391968438
1.0935202585
2.58886131272
1.62790868548
4.96641572099
7.73443353083
6.45149565535
9.66462791711
1.28039872169
3.12109481345
2.19826500863
2.28223085182
1.1010798472
3.61604422983
1.58769788616
4.05059576593
2.95929013076
3.70560967829
5.14222506201
5.9566135729
3.93367065839
2.04541323148
1.84655192815
0.512156328652
1.90242474712
1.55240297341
2.17631662078
3.37369622861
8.01902063761
3.1139073465
3.23680526577
4.72516967519
0.953994802549
3.09958652873
0.986570117704
2.22210112959
1.63432364818
3.20443819836
2.70494872844
5.41477467958
5.4536655345
6.80162193661
1.64289504662
3.39610909118
0.163981317659
0.946198783233
5.40107845364
0.986866558611
1.03929915366
2.18199512607
2.90569145232
3.14624783269
6.81544955308
1.10652619333
2.59614182147
2.56565420778
1.9889752348
2.2027871618
1.93077802181
2.16208536457
4.10698615573
1.38916599983
1.59057215764
5.40904999943
4.40341793443
6.21104348078
7.51582149527
2.51219952246
4.09707452916
1.80297515623
0.374044477474
0.769752472173
1.21805696748
2.17286080844
2.20449208072
4.5717113819
3.51433205744
9.2105390621
3.23581849821
2.14174211794
0.251265762141
0.0
1.49590864591
2.72856152453
1.98672020808
1.29927699338
3.31908805901
3.31490996853
3.7270347774
3.45183046302
8.69057659607
1.75812706677
3.50472691841
6.94900101423
1.22580104694
1.3704673742
0.383803706616
2.18947128183
3.54046700615
3.8142526187
10.3004665514
7.69617792126
0.587346016429
