0.0
0.0
1.87924247608
1.37318696216
0.878095790278
1.5411710497
1.10124291386
2.47249788092
3.40636243019
4.2365673224
2.52922015777
4.72099136095
1.24296865519
1.63552450575
1.19325618632
0.992354615126
0.739372435957
1.64256337285
1.10010485444
2.58144220477
1.82096093503
3.70215924457
2.3082410153
4.51583709405
2.78271028039
1.86591666564
1.20552335063
1.48844426963
2.04660064913
1.47566501255
2.38432049612
0.581650441512
0.988756395876
2.81084997649
3.21489089326
2.04928237048
3.76548106456
0.877126062289
0.743329110846
0.997812438756
1.5715756081
3.16487732437
1.29605979007
1.22615384668
4.69432521891
2.69869571761
2.78765368136
1.61172591976
4.24636288232
1.16777969815
1.45567137667
2.17681375373
1.35708702635
1.40260936879
1.42683690329
1.81871353043
1.76744941995
2.70149088884
2.70088494592
4.88154825312
3.69272898417
4.50973907788
0.859924555756
1.24675116781
1.43214314198
1.11140333518
1.26222920342
2.66277654876
2.09016413055
3.94682780909
4.36662118393
2.43895611027
7.86721570557
2.62907213683
0.386808414012
1.46540840738
1.71603096183
1.28959021904
0.720516233472
1.61937754415
2.69611493824
5.08092584787
5.73471944407
3.73184923851
3.92760062614
1.18358765217
2.65312787972
1.91860977246
1.57077465579
4.51478869468
1.96428776067
2.47758057225
2.67196240555
2.01958141429
3.3214621013
3.57426062238
3.28696928662
1.55079535337
1.30470735207
1.21612150612
0.162272493937
1.19291837153
1.00392929045
1.83085011039
2.38016286772
3.91911786573
2.20484637975
2.65507037082
3.41463734291
0.953213370405
1.89517266583
1.16290582577
1.27828691993
0.903820473701
1.59114352072
2.44921024743
3.42686003295
1.98742096382
3.82211799524
0.79653022252
0.839113119757
0.0378076806664
2.56611855951
1.0149064539
1.04119262099
0.889030776918
2.07305020385
1.48304911493
1.33424821123
4.94718650449
1.34769271663
1.5490696209
2.21568734373
2.78512207884
2.80734879337
1.50305646594
1.07752899569
2.82443819707
1.60702776536
2.29419490229
3.03731952445
3.12557268934
3.55100936932
3.79979846999
2.10681394069
2.83612260222
2.61561437696
1.24799382407
1.21617413498
0.661800512113
1.16665918147
2.27273519058
2.47241710499
1.216944844
4.72601774312
1.42109771958
0.81550364662
0.182846311945
0.00108169906889
1.78322768211
3.05753500061
0.7886283556
1.22708361363
2.38821252692
3.32551241387
2.32502089057
2.84094919387
4.68199917139
1.43931696261
1.76795678725
5.97460351273
0.484607746359
0.932290630881
0.27072430402
1.55950391712
4.83590065781
1.96220127051
5.03331501968
6.02688953021
4.31412753247
