0.0
0.0
4.73337957263
0.235103719868
0.829096093774
2.53903447068
1.47472735599
2.06535007851
2.7802529335
5.1382878134
3.56706477236
3.40085451212
0.747654162813
0.393194877543
0.0770513683674
0.311534486711
0.904010656406
1.3094238583
1.13248308981
1.79862063774
0.690944244619
4.74113385961
1.77122565079
1.06570518017
6.87903358461
2.15759594366
2.23439363204
0.734602687764
0.690302360803
1.43407112733
2.01312012458
0.886873633601
0.6889298514
0.409225706011
2.6237995394
0.726386837778
2.11454597022
0.428191976389
0.885595057684
1.82695318107
2.00839460734
2.27860883833
1.33515881235
1.65761803975
4.4211698838
1.24860189506
0.950994675979
6.28649615322
1.97935990454
1.23009285494
1.30990873813
1.70575576997
1.42164004606
2.05364335378
1.42553146789
2.19797782681
2.0232387968
1.25162456394
4.95029875264
7.26089756831
6.90844032692
2.81133684039
1.06479574973
0.95070547238
1.43753878656
0.545019361482
1.6936200757
1.23959182203
2.90613761637
3.16439032892
9.86420870712
0.838687102485
4.37192308763
1.77954951068
0.5599841816
1.10534719937
0.960875062039
1.32061572745
0.857982134388
2.19745589886
1.59888864588
4.16727232048
5.67324738018
5.62934693927
8.80079071783
1.52212309651
3.36839638854
2.77847068943
2.2265038811
1.0642528832
2.47320241586
1.20156749873
3.20653627813
2.77277701069
4.27356248163
4.90077262954
4.88416942873
4.25694322586
1.97106291074
1.87504818477
0.466616938822
1.70932126162
1.02697374247
2.0389763951
2.94072412566
8.71262566315
2.48960479489
2.9564110036
4.03473730292
0.89497852046
2.91613780428
0.944426814269
1.98554912116
1.65836618096
3.04962206236
2.66344637494
4.74395424686
4.36665474751
6.39623234607
1.62285062298
2.85139300523
0.136816006503
0.964537809894
4.28107214964
0.939760063775
0.86497154861
1.86726067076
2.69235851103
2.4373690791
6.35290067061
1.20520514832
2.06231988221
2.3037231894
1.92311899574
2.34366693534
1.90879519604
2.01462434325
3.34112408583
1.26043672673
1.39616960613
4.93634321447
3.71803886758
5.54685111321
8.16311883833
2.67245551571
3.47951392957
1.74286468292
0.473597669974
1.32895306312
0.930825646967
1.65710282978
1.78627289855
4.36706683692
3.73577639024
9.66104285128
2.86339760869
0.942264554498
0.291366345831
0.0252408348024
1.97365732351
2.09527648613
1.82109647337
1.48619183083
2.82613110135
3.06546920794
3.30775805376
3.04137368733
8.99235102534
1.74539418425
3.40815232694
5.17032582313
1.00686132582
3.0729815982
0.432585555507
2.02680558804
4.279316606
3.45654031914
7.6444953219
8.01611089846
1.35296924692
