0.0
0.0
5.09348721802
0.544465895742
0.516875770409
2.36935329926
1.16315500898
1.60708452668
3.12537314068
5.48258443514
3.16823488846
3.93525239034
1.08586194366
1.06636882015
0.388848309871
0.642571203411
1.71751242876
1.97079127282
1.25405855663
3.34782987041
2.34015169705
7.13563214988
2.93762540817
1.46599648148
3.79149060557
2.8050532341
3.78766418993
0.70601571619
0.656995953526
1.82168432628
1.41872052662
1.59112532315
2.15198924951
2.12239078153
4.12462077348
0.439212729689
4.49803341972
0.338036434987
1.01412225678
1.30769958207
2.96440217458
4.10909057967
1.26393500564
2.67257067829
7.01993488951
2.90551702131
1.11557100527
8.50060583861
2.57297155273
2.26821331354
2.74993136129
3.51768951811
1.83561160066
2.59635797562
1.89018579957
4.32463396387
2.89360391023
2.89310524939
7.9265557219
9.54922668776
12.6087932421
2.3542929492
1.23407520872
3.21099610988
1.51891045616
2.72232205054
1.9254500973
2.38100682572
3.68566921633
4.5231967438
16.6836919216
1.71690396674
4.42399892019
10.7762256881
0.726619839668
1.71007686108
0.877028226445
2.7552628413
2.22318002558
3.50893916003
2.43334974837
5.37793992599
10.4570005396
9.82998043951
10.270066171
1.19700207934
3.504162614
2.66047417792
3.76790593192
2.44345072936
5.7433178483
2.34143302403
6.55350029166
3.6788523118
3.85992463818
6.99931064178
6.54661458661
6.21197233879
4.8862512554
3.05996848131
1.58079914044
2.8279833339
2.63900651282
3.4461939506
4.90561040503
8.53056703159
5.37468759599
5.38579386589
5.7677602123
1.04994175769
2.39143999299
1.93669678539
2.68914641067
3.09352758247
3.83921933873
3.34096730489
5.41847505164
7.06015063997
7.25597279402
0.89405757573
3.14053967909
0.136266996153
1.30348444264
6.79934223526
1.80276005599
1.82795201705
2.66671152099
4.2925481787
3.87258446525
7.8067922052
1.15361588949
3.43949381914
2.38111097983
2.11106814072
2.56664146774
3.05528788385
3.02726537251
6.30516307929
1.75388981169
2.45706482371
7.11082437006
6.36187441973
7.85333142296
10.095902934
3.91833102889
4.07254523039
2.44062695978
0.192117446044
1.43040986732
1.80057208147
3.2930701467
3.11430573417
5.87460226845
3.73203106388
8.53908511018
3.5027401112
3.32241911307
0.929201400839
0.0551188299432
2.32969628429
4.22160737473
3.53141822759
1.87460380211
4.46909274207
3.76121140062
4.58139434271
5.83520530164
8.27379258536
1.29695848608
3.71014068369
9.71352939308
3.27224981494
1.79136174426
0.149217143655
2.10139711853
3.85381051211
2.75805638731
9.26841099933
6.7194957172
2.82588207256
