0.0
0.0
0.751592855901
1.3722803276
0.604643104132
0.472091956995
0.926225326955
1.7140735304
2.29487575544
3.62444423023
1.99717117683
5.31970413774
1.18425713247
0.94259724021
0.297496525571
1.76906745695
0.247111289995
0.56208798266
2.87702925166
2.69256557897
1.53243691567
2.56252101157
3.34069132386
2.65774000436
1.14315851382
2.35881832987
0.504924326902
0.646337017417
1.05324587424
1.53461419593
1.31892001431
3.69144804054
1.51387992827
2.65744348674
1.58309187388
2.73939392553
3.18509331165
0.736445061222
1.1863808154
1.75814441964
0.424338764802
1.24918118885
1.43057220476
0.71640618227
3.17531137262
2.03571548359
2.65516072721
1.37369539216
1.96549708303
2.73694966687
1.53886340454
0.964807732496
0.712538329186
0.918369829888
1.66149937117
2.43832517811
1.55523638288
3.84037802787
2.40148985136
4.9258315363
2.36562353093
2.58017603727
0.9305641182
0.57809404016
0.619709346443
1.08793528564
0.844572440721
1.92222510371
3.68594851904
4.94582372718
3.8821425857
2.20006089727
11.0312974848
3.09515602235
1.6143183792
0.64724676311
0.894080966711
1.23262305651
0.695987652987
2.37498718593
1.59908662556
4.11145242327
4.12281171419
2.72131643258
1.43924441643
1.60147913499
1.56542359758
1.73439732008
0.504173830152
0.379560055444
6.55445547658
4.23044989817
3.43947820272
2.18747027963
2.51622588281
5.09165491536
1.73352627293
0.776308554225
0.565587388352
0.503246868029
0.0279275719076
1.06324726739
0.731926849578
0.759013652918
1.41467380384
2.33043775987
1.30784848053
3.06063910318
2.20275381021
0.5497677885
1.00118590519
0.565740333172
0.222873418184
0.273064672947
4.2343131447
3.69654342066
1.47846856777
2.18229472404
2.91827325197
0.985765365418
0.766165280365
0.0588729886804
3.2766879127
0.669962843065
0.342623840494
0.192370837089
2.61150612228
1.23656006297
0.778193429578
3.9923706362
0.797365020961
1.34782989137
3.35993909277
1.05024829088
4.11032657273
0.573162018089
1.26525348797
3.48268459365
1.64939827519
3.30275531998
1.87998936349
2.6339666564
1.86141947657
1.61673729494
3.19964809995
1.86175894737
1.99748269701
0.26699305838
1.22952498309
0.379883020185
1.47633786127
1.87017131201
1.37896735547
0.880523381056
1.79652624554
0.949218305526
1.52398186643
0.299342162907
0.059791061969
0.922932543326
1.65832349134
0.792246910743
0.785271498025
1.57002794836
3.68697455875
2.42812145862
3.0508387608
2.9696568544
2.39023637073
1.11164834007
2.21886233008
0.605118477717
0.52104679984
0.270969996229
2.83200738207
4.36516680848
1.8304028837
2.08934575785
2.9108414799
2.66933558183
