0.0
0.0
1.57798963157
1.1880320427
0.777815956622
1.03149387985
0.793814202538
2.82600410143
3.37856588804
4.92843105597
2.69048389839
5.12501854269
1.0168744846
1.39241613145
0.363021995872
1.74792826045
0.190877970075
1.02243842313
2.21385470167
3.17443114822
1.71388886962
3.81490476616
4.07308901101
2.51166275097
1.47490950185
3.33909586596
0.769702241756
1.402100201
1.36147615127
1.67109569954
1.73893751903
3.00552916434
2.1311716605
3.38208778622
2.14958506229
2.59366554022
4.79745078692
1.50671632751
0.860764897894
2.07986830175
0.706591403577
2.09364886046
1.23774559237
1.20513652009
3.27039874066
3.42227871157
3.1133933285
2.71653356752
3.54477458261
2.74301073229
1.76584763266
2.49460170174
0.915740275872
1.27292815829
2.9884385732
2.62288681953
1.9853807129
3.32490216382
3.15906555951
5.27009646688
4.52134947944
4.33599619381
1.10487497807
1.61480918701
0.64457867766
1.01940198615
1.17599652149
2.03600919183
2.74909979029
5.62913079094
5.84383126523
2.92407998664
11.3190407187
3.69910608931
0.930836742278
0.412738396553
1.11389739253
1.20785636874
0.886154826265
2.04966726527
1.81655237172
3.77763994038
5.24370424729
3.01442015974
2.84501390043
1.63553642138
2.0805916551
1.82926419051
0.692226820625
0.593143867329
4.91927214246
4.51573757129
3.11397550441
2.16889973171
2.69657396618
5.44412432192
3.18106259767
0.735715194547
1.35854397155
0.97033489123
0.0929690897465
1.14909352729
0.763671670516
1.54509386548
1.79514840996
3.43742505042
1.57321270945
3.64151487109
3.41316773044
0.621154096443
2.16573152505
0.738965371624
0.224911280326
0.23391495645
3.51024444285
3.11619909352
2.09795653657
1.95279383217
2.92555932514
0.739796994021
0.794282790739
0.0652284920216
3.74373215891
0.854410074127
0.0248323930427
0.457078102219
2.43549630349
1.68190234713
1.12070970098
3.78682765178
0.852273100987
1.48524661828
3.00712042558
1.26567385229
4.52432323003
0.926938177319
0.947258648288
2.79013790097
1.78183921054
3.5114695048
2.03463412577
2.68107598415
2.9015721925
1.74418214289
2.95057254378
1.68724517873
1.31675568852
0.145904383622
1.15585129336
0.552941855974
1.17790522519
2.23116660095
1.88431434263
0.942600488197
1.72651962354
0.963186945301
1.28231655573
0.150800358388
0.0681008324027
0.890260905202
2.34155086975
0.575302261394
0.734156363702
1.39679838065
4.25814515818
1.95596357691
2.70884763025
3.41100195399
2.33332859643
0.789828457288
3.11200383547
1.03973404143
0.960952811176
0.107433878991
2.01376309711
3.12282170251
2.24060011655
3.508783767
3.55196213955
2.12095321948
