0.0
0.0
1.40028593922
0.94251215132
0.625449899584
0.58211803576
0.90081451647
2.01919048978
2.93614292145
4.67686428153
2.13196935621
5.13559754641
1.16892870329
1.11665005563
0.377283778042
1.67575789848
0.182226822537
0.693403215148
3.06770689005
2.92239731085
1.55847721058
3.4167750671
4.86898173764
2.38176329061
1.37523951614
2.53099200688
0.590993435588
0.964405425242
1.47740739956
1.66186200967
1.56275766308
3.56520601828
2.13915693341
3.62699512043
1.84052722793
2.56346438592
4.38998046331
1.28349366644
1.07758901839
1.79160699248
0.66449101438
1.74179923302
1.0203321185
1.0046955368
3.10840771347
2.72801099019
2.87679259945
2.31010963605
2.65350965917
2.75018871372
1.66752395313
2.17969302996
0.678700513905
1.21851386549
2.36193727126
2.29865460738
1.55751974741
3.48165335786
3.41213160055
5.14966202993
4.02084116422
3.34813275561
1.11633340549
0.814281494822
0.484853052069
1.01593488455
1.08955281414
2.09142712073
3.07701146742
5.04640245438
4.6461087222
2.60245001479
11.3282634357
3.57139060227
1.02400542982
0.333902965998
0.986118594185
1.05898324912
0.714979037177
2.1066082865
1.73884308711
3.65346358728
4.96542057209
2.8350387112
2.15464105865
1.54266032157
1.63868318591
1.25582799001
0.634858072212
0.548186299391
5.55063111847
4.34677114477
3.08788501821
2.20684178174
2.57592894626
5.31520141871
1.81425753544
0.752304728143
1.22520286404
0.683642081916
0.0506652444601
1.14222834888
0.647377249436
1.20547593478
1.5656287598
2.8681871827
1.60516202264
3.03888500156
3.04013692675
0.700465009315
1.77866358156
0.609407983953
0.238251910545
0.220670863986
3.50631161343
3.12405027822
2.36664704391
1.96500825207
3.34626023902
0.777628209034
0.752875851467
0.0511150211096
3.93389327533
0.653954338341
0.0755953541957
0.475077467505
2.39123367099
1.5972834155
1.01165835094
3.57835650654
0.89035509486
1.39419583138
2.74655642081
1.23380468087
4.20565387048
0.676151187334
1.04028706125
2.61630578432
1.80635750899
3.62186974668
1.93065824546
3.04827221745
2.70774804661
1.32596171508
2.81815782934
1.58310160856
1.44609739567
0.168176603271
1.02886863297
0.519954344258
1.19836678822
1.99991516263
1.82639959001
0.83813689684
1.84386317234
0.84641061537
1.23517029616
0.20138853119
0.0681008324027
0.986309798434
2.00042033941
0.552070288453
0.738433866296
1.41723221191
4.02081691148
2.30640989915
2.51334848208
3.68293301621
2.33285794128
0.946543698083
2.85906141043
0.858474517241
0.87151927501
0.181233662646
2.54872142989
2.98344736127
3.12618161738
2.57814266027
3.05196459894
2.6347509292
