0.0
0.0
0.772956188768
1.32858111471
0.671038877219
0.620197351556
1.00357089029
1.87138615316
1.79978271946
3.56826455425
2.10610936931
4.97606303124
1.44833148271
1.24587477325
0.268579248339
1.27648425102
0.384537120699
0.54878937616
2.61816257099
2.97716005147
1.84861331596
2.29457762279
2.9535792321
2.67021384835
1.76324828027
2.16262241825
0.658136917278
0.56750555709
1.06753990753
1.53861607984
1.38931599172
2.90959599521
1.40546338935
2.02800504607
1.54902899446
2.99725146731
2.68200502882
0.685442634393
1.18897233519
2.02586736903
0.468079008162
1.05103673891
1.38081065845
0.714844653732
2.77849240415
1.87495627021
2.46579527238
1.13554958417
1.81677184254
3.00532600144
1.36125536403
0.890525561408
0.733395577612
0.887534843292
1.47517277068
2.38460196974
1.81535268039
3.73197526031
2.84524824517
4.64991462743
2.20521760359
2.2557305852
0.796467318898
0.277999100246
0.704610005021
1.06747060269
0.841425169259
1.67879843106
3.56481087254
4.77700857446
3.48826033878
1.80101198936
11.2797021252
3.62727574073
2.03062409721
0.708685159683
1.13084999227
1.1919170022
0.677675228566
2.53420581762
1.70015457692
4.25354459509
4.12016775901
2.19378161198
1.45179373212
1.66741026659
1.65181240323
2.09394276165
0.530891928822
0.444780930877
7.42483107839
4.49132190645
3.36077933572
2.60435381182
2.40408416768
5.04220248508
1.79661259201
0.815080652479
0.496655406547
0.421691954834
0.0598272241186
1.06219802424
0.850215543993
0.723142100614
1.66766504431
2.42609895067
1.34789316583
3.06456035189
2.18129290093
0.938670959789
0.955604472663
0.622616845183
0.230895519082
0.510052263737
3.85426206246
4.13553542504
1.66696601128
2.58100186475
2.36385738372
1.01244560722
0.520312465727
0.0876093283296
3.26364611951
0.513604255393
0.42659723555
0.0873676873744
2.75987734459
1.30870802561
0.702342664357
4.15245260857
0.889835547656
1.44691714086
3.54221238988
1.00109055778
3.99382144178
0.500244943483
1.76365715452
2.36247054208
1.8100460429
3.11932354979
1.77240509586
2.85562742257
1.88587494008
1.74967861641
3.86192195676
1.82009093463
2.45154653955
0.291723097675
1.22882143967
0.299805387738
1.46128540707
1.64088532794
1.39755578362
1.068533096
1.84648943599
0.875055417884
1.52903509513
0.34997446835
0.0772195354803
0.90951449261
1.77816274762
0.851284012198
0.73760435963
1.61825276352
3.56265996094
2.44641092524
2.94085934386
2.94304601301
2.30923344614
0.913198629743
2.19088838995
0.651413076618
0.665397108067
0.304537280092
2.96025008708
4.39436615282
1.9628631121
3.13740307791
2.86362413329
2.85497705999
