0.0
0.0
1.17679970153
1.32940183347
0.599715624005
0.464318468061
0.887492270442
1.80352910515
2.65025283059
3.80427065119
2.05144785694
4.93613705039
1.0594662074
1.04502360869
0.284779656678
1.28849698044
0.22733510565
0.53596663638
3.40144772979
2.65829823166
1.66137824045
2.82014996093
3.65233127913
2.47248313576
1.23580485303
2.26094540209
0.491923388094
0.698245478154
0.999288005987
1.71223672014
1.18291630002
4.06872001523
1.64610440983
3.5836641409
1.55185883871
2.63638549275
3.90319557657
1.01813980192
1.04175864905
1.77792561427
0.478427952388
1.59403078863
1.24942727247
0.763089705375
3.47856213152
2.47706274036
2.61088751582
1.30508858582
1.99990123662
2.72715324414
1.47841440886
1.31827180041
0.668763104826
1.24889536714
1.76683708932
2.32629005006
1.54793703835
3.50971921161
2.66134761646
4.8646135577
2.89762944775
2.92027252028
1.04760154936
0.571040951414
0.529132833472
1.07027278282
1.03832220286
1.95657161775
3.63708317745
5.06877920777
4.0098066887
2.33702833892
10.679927618
3.14767647022
1.63700595428
0.365735091269
0.860910519958
1.08794008906
0.788020832464
2.13009013585
1.74739752384
4.15409521223
4.18251373083
2.63843443943
1.4381001452
1.37391437986
1.58889709535
1.59287412692
0.520358931273
0.364218940958
5.97135449573
4.32143118372
3.24686971121
2.31309071556
2.43681555893
5.01688942499
1.92321909592
0.861264113337
0.808701775968
0.509177557426
0.0126659892267
1.09213774046
0.699829553778
0.831815138459
1.68049986148
2.27127634606
1.27155273315
2.83292134933
2.7950093511
0.637684510555
1.07711506402
0.574522586656
0.195075514726
0.132215201855
4.24137922988
3.42135835695
1.82841250801
2.15154342353
2.82258075546
0.905798085034
0.777897901658
0.0619751792401
3.64301262551
0.588060452137
0.265006105066
0.351283448748
2.46305503661
1.27032758389
0.767099754652
4.28179869568
0.815108640352
1.17985269916
3.1639852412
1.11049338942
3.73157719732
0.666396752
1.24799960939
3.73208309431
1.68337920355
3.17438213807
1.79395602585
2.71107757557
2.33587507729
2.07158527849
3.26506812591
1.61443097016
1.68442125199
0.212986851227
1.12828259915
0.518273135647
1.2762265522
1.89760914794
1.30427880934
1.03940449271
1.90384886425
0.808665880118
1.40260365047
0.323639239185
0.0630568414927
0.918435890228
1.81218396011
0.617516836151
0.762887728924
1.51521243062
3.88650138862
2.55522917118
3.08218157402
3.1071683527
2.33157592523
0.987468946434
2.15933965892
0.707553795982
0.543190799304
0.388663919643
2.76256113406
3.7501295777
2.71656803414
1.83660392021
3.46859779209
2.48661982059
