0
0
1.43782905582
1.11727173906
0.612646117806
0.60709775798
0.867418291513
1.45504313312
2.80535047036
3.96008917224
1.86700232862
5.11457044596
1.11495066201
1.08107164362
0.341186260805
1.34213795583
0.253248728812
0.600273149088
3.50788033067
2.59827285155
1.62663438404
3.12968265405
4.46037524939
1.9260661304
1.2747726636
2.48497536406
0.482799459947
0.959854155662
1.3315442279
1.73738461407
1.43961685454
3.73160815006
2.03465705435
3.76013691188
1.71769958519
2.57701212913
4.51822422771
1.15576405555
0.963568440056
1.78509052098
0.65881084837
1.80811199965
0.96796768927
0.948587688152
3.31094125984
2.65056535602
2.87387311039
1.95439874101
2.09385503968
2.71949851344
1.35837434884
1.85855089733
0.677171062736
1.352256743
1.98250597494
2.17728284292
1.48995805765
3.51850533299
3.0499692671
4.96201403742
3.96679977537
3.20821436495
1.18514245551
0.697652968578
0.429518678691
1.11376384343
1.07856732048
2.05777139147
3.68672617106
5.01689266786
4.11303107697
2.53902061121
10.9259625601
3.41876164579
1.22430798691
0.333647464169
0.989287510514
1.15424048016
0.700965458527
2.12892997824
1.79982021078
3.77146038599
4.80798972957
2.43792211637
1.64782500081
1.45979166985
1.5728354404
1.3343594278
0.519369076355
0.430757354014
5.83336802572
4.30048454972
3.04113117186
2.18622965366
2.59083216032
5.21397752967
1.79983858264
0.763766635326
1.26591254026
0.555809918791
0.0475721247494
1.10715550557
0.619312223629
1.07103658514
1.71155694046
2.7620064466
1.58887301758
2.96445630176
2.8364601396
0.699757750961
1.58142876354
0.626225340646
0.246608315501
0.223786860704
3.71251118765
3.1095561171
2.22892226442
2.05597534659
3.0934317924
0.884526446462
0.767455515394
0.0532488301396
3.73902114015
0.610970058129
0.12262523442
0.461757933721
2.59174619778
1.47995234467
0.929952770472
3.72958175652
0.860098360805
1.34382614912
2.70669497456
1.16263469588
3.77514643129
0.621024740394
1.19192670635
2.67092758836
1.79616818065
3.61220423225
1.84606874734
3.00225939258
2.64059560781
2.68498948822
2.98094908521
1.62280805339
1.43204181601
0.175118711777
1.14201915683
0.535906480625
1.10139445425
2.03173735831
1.47482980601
0.886859016377
1.90919097513
0.878187829629
1.22963312152
0.236818607897
0.0668113604188
0.932993538678
1.84644356137
0.633375219535
0.667956260964
1.45745698037
3.84839694388
2.48071411694
2.86116546392
3.48828356504
2.3530745887
0.978919124813
2.51484569767
0.643272093963
0.795782514964
0.252522414317
2.09396929294
3.69268291607
3.0929561602
2.58921824448
3.343149947
2.7873656695
