0.0
0.0
1.70813553664
1.65543450974
0.909565735608
1.12426631415
0.845454948489
2.58954749745
3.52735637047
5.17121011484
3.04943711613
5.28500675294
1.05974603631
1.31459260732
0.426954161376
2.20443469187
0.144861301407
0.990079560899
2.11392220261
3.14493770199
1.78232165996
4.13524882635
4.23438758589
2.54386861343
1.36374057736
3.48576320196
0.946262810379
1.45419296599
1.42838750407
1.68238752661
1.82193029416
3.41732456814
2.10469148215
3.36560306564
2.10744132078
2.34532946302
5.21903452219
1.34623130597
0.817100755172
2.23294805735
1.21829474228
2.29615746625
1.14844724338
1.24510520766
3.52556676359
3.51408079779
3.05108807073
2.68123796093
4.15630719846
3.05313897505
2.01898425911
2.75668046193
1.00521329255
1.2228748966
2.95405885554
2.84892196814
2.17294469755
3.4760872703
3.34105002694
5.29131354275
4.92461933009
5.05172073224
1.18990472081
1.2948327054
0.671737404715
1.14978736918
1.22957831039
2.12162552477
2.8355117524
5.99798502005
5.82255448331
3.04229472374
11.4382171558
3.73438475525
0.843881963752
0.489126158413
1.52031356283
1.15741344052
0.936571174301
1.74756204354
1.85189983482
3.99281068007
5.1781690279
3.10345306247
2.92992143263
1.46556559578
2.28305656416
1.86072482448
0.648597077816
0.544393079821
4.98534616106
4.45628605352
3.27647467237
2.18612222793
2.82494517323
5.69763301755
3.07683957578
0.780622620543
1.29946650565
1.08147644857
0.0846319627017
1.15191668755
0.843928327318
1.64897905436
1.85566807236
3.72144930426
1.57970720821
3.7167930638
3.46670984454
0.62572199048
1.96625924454
0.65260585025
0.200947558042
0.249437168241
3.20197729371
2.94705942215
2.34570550499
1.87966879376
3.09697378345
0.668306142092
1.02473366261
0.0640511512756
3.53729906766
0.900753802969
0.0370788502623
0.383415938821
2.63464356581
1.59108478855
1.20651321253
3.84305575374
0.863317640498
1.40786507772
2.95905928453
1.18917790335
4.59960863541
1.0210564161
1.04656349757
2.84928266238
1.91400394589
3.52613015007
2.11762837251
2.62030003639
2.99195558822
2.10863282764
2.89210970514
1.79355081008
1.40602913173
0.182297592517
1.40936673433
0.581302642822
1.2040240604
2.3843902807
1.98092069867
1.00333877979
1.81759623066
1.05262210965
1.138437015
0.1342112571
0.0231898911297
0.853358053515
2.53425389295
0.436413536634
0.859889410785
1.5026464602
4.45495080575
1.84533790406
2.6470386202
3.23822822119
2.24359335739
0.772697235807
3.00593694439
1.07776439656
1.00103897485
0.0679605434416
1.79141355609
3.19012054335
2.47766589373
3.27425574348
3.77119290642
2.53461280768
