0.0
0.0
1.84477661923
1.57543054374
0.9338866584
1.11774801696
0.897855338408
2.62197031057
3.62148596579
5.04991739662
2.97581769247
5.54952809867
1.32717726985
1.14409995917
0.25533477217
2.32941195177
0.141892378218
1.35842198593
1.94846901356
3.3629905181
1.97924963746
4.04155866755
4.41557528265
2.20193129417
1.45489508985
3.29944073036
0.933202577755
1.4189988412
1.49079861701
1.78146705322
1.89819285669
3.16195561923
2.05214485992
2.89766556513
2.02852980298
2.41316093551
5.4080991277
1.36680084345
0.883052841295
2.22058109939
1.63445467385
2.55346203636
1.28465539031
1.23211086966
3.3918976275
3.54582723929
3.05627850536
2.77647528914
6.14873340912
2.98683479521
1.95693937968
3.05655045126
1.06770841248
1.32788434112
2.7932216429
3.02101907344
2.22937248496
3.49066833686
3.78521818854
5.487500238
4.84220090136
5.20760784642
1.08200493827
1.26882722331
0.678387100575
1.12084309291
1.05669450713
2.26867660694
2.8649469805
6.60413180199
6.00943370676
3.04845467757
11.1163898801
3.82647602959
0.89841750171
0.543085076148
1.65078181587
1.2844742157
0.945407432271
1.73747391696
2.37100648507
4.14157963509
5.44671256468
3.03354702145
2.78412379581
1.50331050321
2.13636033516
2.22303820809
0.773202619515
0.582307802979
4.96618836373
4.2784625655
3.22463783808
2.30515279993
2.74066110095
5.36306603858
3.01588670886
0.850287703564
1.30401390884
1.00406638486
0.0915737068281
1.26932123938
0.907919125631
1.86585749354
1.92239301279
3.62319192616
1.66633902007
3.85463577701
3.51262240252
0.895726537798
1.98788947694
0.692540919874
0.190482166014
0.138867467642
3.06980811758
2.94576755213
2.54477546224
1.82927811379
3.25473514129
0.754874102771
1.00873275101
0.0803691074252
3.44614933222
0.88935504714
0.0799701045034
0.42857575271
2.68830914749
1.67754238052
1.1217533173
3.80386624369
0.888598938007
1.41215234762
2.88443376217
1.12983133621
4.51823593309
0.959864566568
0.949695865274
2.8884117119
1.81576804444
3.33184785489
2.32174736075
2.79084339342
3.13113393879
2.55227114633
2.74706821609
1.85441586631
1.70579097641
0.228674923012
1.30178732274
0.551496929489
1.16877082305
2.21740946267
2.1775029836
0.947444253601
1.83883890102
1.0811709892
1.20035791281
0.144086815417
0.0015965035418
0.885177970282
2.68266383745
0.371417762304
0.932792885578
1.43356669787
4.34378082026
2.18750535604
2.66548005631
3.25327856583
2.32008532586
0.796959978063
3.71236888248
0.94605018571
1.17175458698
0.134390966035
1.65790736768
3.2403189363
2.39696690068
2.92000006512
3.96514546219
3.05243534094
