0.0
0.0
0.342381542665
2.36391362955
0.622198008001
1.1227459088
0.118884505471
1.62141078943
3.48092120513
3.94837016042
1.53566763364
3.14302159823
0.959184684674
0.678000438958
0.851628310978
0.598085522652
0.709174739197
0.498928528279
1.18645557365
2.64187712781
1.20931427483
2.7877155738
3.19890506053
2.00457116216
2.70389079489
2.67915447429
0.523944064975
0.690291334613
0.881749594584
1.39738341869
1.04380832519
1.70894758869
1.06051952951
0.987666979432
3.05661180336
5.59538937674
3.80812199786
0.187147110701
1.30161693692
0.375203430653
0.258980463957
1.13545275945
1.11650293274
1.13406690815
1.66388565954
1.19345815433
3.04157292377
0.652269932732
1.13852274697
1.90767186694
1.29261533645
0.616918556392
0.510388176888
1.07178341981
1.04383785836
1.56741493568
1.83293334581
4.62266922859
2.45205116249
4.23337986448
1.42442386172
1.17966090457
1.82942879107
0.300274898182
0.795470647747
1.1925830869
0.982420914341
1.18373799394
2.72536434047
4.31395874172
2.19627139298
0.925370719749
6.03289773822
3.20832917263
2.43066943856
0.67741446197
1.02147081494
0.836186232045
1.2496883776
2.44829757977
1.88200853718
5.05687903345
3.41266619414
1.87087118695
1.26464881003
3.43128659576
1.80883459002
1.02021521813
0.579414588865
0.344143707305
5.05200910766
1.92705642805
3.43015748449
1.77329071541
2.82390926778
1.74703817721
1.56463264214
0.812922388548
0.634254776058
0.925156035461
0.151562605286
1.26891022245
4.48239185056
1.20387321408
2.66071918234
2.23348237667
1.48198245186
3.3573114844
2.38748339377
0.664851359208
0.441207728698
0.607510881964
0.553441319615
0.510915577412
3.57357826526
3.7467533974
1.25099668233
3.33514764742
3.3205893205
0.908944276161
1.34801502526
0.0318855064688
2.25729734078
0.139760079561
0.140772081213
0.117482054979
2.99793652887
2.60714509012
2.42255326314
2.68006657297
0.577514778823
0.94250770472
2.84082787391
1.6381732705
1.26892827824
0.207567558507
0.708241786808
0.940895304084
1.53163697943
3.15258567221
1.48283060367
2.74101980589
2.18404952798
1.80853301426
3.2418958015
1.73909258237
0.762829718646
0.231442807359
1.2762590833
0.702581722289
1.33691883879
1.9101801184
1.14864780474
0.886972542619
2.50990240858
1.95422586682
1.1948345484
0.142390359426
0.00285216723569
1.11441650824
0.915249848273
1.92060207855
0.719310842076
1.21441797051
2.60659275251
2.47532840818
2.43645939545
2.92456395424
2.85468460247
1.04056914174
0.959304138429
0.604743114091
0.412384808064
0.26834123861
3.1958459951
3.0989907945
1.59264591709
5.41890271101
3.65072427184
2.72046305332
