0
0
0.671565224882
1.37827298185
0.848835140467
0.361564439256
0.903521415428
2.03162066406
1.82943144254
3.88074667216
1.81701910496
4.97432602476
1.31000831351
0.767566395109
0.232284734957
1.4845942934
0.324815151864
0.532471248647
1.94296713459
2.93067217385
1.62700832589
2.48196391901
3.34802001622
3.10590703785
1.97449000925
2.25773907453
0.66898919642
0.387230730383
0.786065137596
1.56500433106
1.24146657577
2.82275891327
1.53501216695
1.59543501213
1.83276339946
2.79642973002
2.79131865152
0.854999428848
1.35953032167
1.18538016547
0.347532525659
0.85852918867
1.36326003936
0.854439374059
3.02766151633
1.86316384189
2.93360442645
1.08690361166
1.88152753859
2.8093169271
1.21834611287
0.794451969501
0.782520713285
1.006856489
1.35712006985
2.7076749868
1.93703817669
4.05677702092
2.97728191584
4.45190803503
1.85167993233
2.4544341322
0.923776606971
0.415006727912
0.538647438865
0.863230870105
0.923559779301
1.56214632746
3.51011349354
5.08785219118
3.33271520212
1.7701138985
11.0009824493
4.15156983281
1.96840946283
0.647105079668
1.10458109842
1.14583538752
0.762385691516
2.60134858172
1.62783810077
4.67164368881
4.08757514751
2.12656641193
1.62281805417
1.59560166416
1.91620126041
1.69105840288
0.650873260573
0.595390670002
7.63682968426
3.77021522447
3.75472397392
2.00633733836
2.24234546488
4.14453111449
2.2055073604
1.05249523185
0.452406587079
0.379603090929
0.0622115619481
1.11899049522
1.41253959783
0.811348828254
1.7990390351
4.22346345894
1.27421828825
2.80853427912
2.1779935502
0.676338966936
1.04131696001
0.761395626701
0.344061815063
0.545578181744
4.2458562791
4.43188548274
1.67137894174
2.77930541011
2.51083336538
1.14898203686
0.461322695017
0.0
3.20054644905
0.572128115979
0.482190049253
0.0
3.03225565748
1.58941225708
0.723773985868
4.17950448021
0.99643680593
1.44574726652
3.12690727192
0.905572369695
3.270715388
0.311592022772
1.32090447657
2.006058136
2.30985594448
2.86254183855
1.58115547616
3.61267603957
1.93110822514
1.67234203592
4.31502083642
1.73010011204
2.32150409464
0.259365675971
1.34544039052
0.275190803222
1.42327921302
1.3506954303
1.22219642554
0.718875296181
2.17077171919
0.68834771309
1.36161923967
0.207136273151
0.194628337864
1.19630321517
1.31966238434
0.945869890391
0.742779689375
1.74836415052
3.99308559764
2.92836888158
2.98504788778
3.04078091122
2.24972260185
0.988589574234
3.14530268777
0.76004142873
0.934799094917
0.437861775048
4.53839042573
3.98973803129
1.91183799319
2.5610076061
2.8896066891
4.02834587614
