0.0
0.0
0.49875395745
2.03521564603
0.558051893488
0.679163666326
0.539738140302
1.97862745728
2.62139565591
4.12865414226
1.11280856887
4.18168262986
1.30059192702
0.676406333689
0.269186024554
1.22123253345
0.641962313675
0.738505898975
0.826553280465
2.77019176772
1.27313694544
3.55430472363
3.74426204339
2.64460237324
2.26381186396
2.59423892945
0.176056221128
0.303643471096
0.570446795609
1.58385864249
0.882626521867
2.05241725128
1.51684265281
1.10228940193
2.55217550532
4.18933117948
3.70841195958
0.763451194856
1.23820585292
0.581385491649
0.373124752194
1.38408214995
1.18088224251
1.40027146251
1.89904831653
1.33905596659
3.24351320043
0.975915285992
1.21365616727
2.09503811045
1.18813951872
0.502568741736
0.357283494202
1.12329127535
1.56705037609
2.04837792239
1.7434907608
4.75049764058
2.51550106332
3.76049806504
1.55224661948
1.92553607468
1.6895013731
0.313845796627
0.740209255368
0.906980687694
1.03353749961
1.38627346512
2.60488223936
4.43198528874
1.85383541975
1.05741702789
6.38402814791
4.06214041077
1.92242529429
0.609971506521
1.00289182272
1.31845572125
1.08733468899
2.14564536
1.64561065263
4.78421959514
3.57542254962
1.88330791926
1.51598352939
2.57024234813
2.06845253333
1.24731740938
0.64863874705
0.526441226481
5.93982731667
3.15712139721
4.11652936786
1.88032974675
2.47880251193
2.94246939063
1.50573865394
0.829608653323
0.448214465985
0.741313495906
0.145252432092
1.55714201974
3.17444236833
1.18984633684
2.15172395448
2.03187199635
1.14990685886
3.05664927082
2.26527153235
0.580059630971
0.726148744812
0.713195899036
0.704233587487
0.566711843014
4.66491536214
4.12950740103
1.45532061066
2.96966566844
3.50271801092
1.30622499995
0.74688000232
0.0
2.33796641044
0.340509625617
0.231433180103
0.0602963812416
2.95119668014
2.76605254365
1.46158332581
3.77915511071
0.583174275467
0.938679220155
3.1643069823
1.03264335333
1.77312603034
0.447380796541
1.24106900708
1.30309490231
1.68549341708
2.63369497191
1.75418060389
3.20304382429
1.91968968709
1.58246946172
4.03782847617
1.87144640647
1.49980028532
0.227092831861
1.39252644521
0.465299317613
1.16339112259
1.7956181179
1.31968906149
0.390216380591
2.63056589908
1.6134851051
1.3802848655
0.153490267694
0.0361171903787
0.999470353127
1.5629002233
0.90270047076
0.829208208364
1.16911427816
3.18865819462
2.88224164024
2.89594502654
2.9601668244
2.0043889801
0.953602727037
2.18227373653
0.715020024683
0.474978855345
0.440561687574
4.36183879338
4.70311642578
1.33205770282
3.55881273931
2.81473161117
3.23407042446
