0.0
0.0
0.698779762723
1.61619533191
0.890978317126
0.283686953597
0.898188996129
2.08608073927
1.95651805121
4.34623581939
1.77674958762
4.53266627679
1.40059414878
0.577056889888
0.233276791871
1.14298300701
0.330585353542
0.624336626381
1.55369459838
2.6672796132
1.5386179398
2.61273403279
3.14774054661
2.8883433044
2.2381696403
2.12799418042
0.780828970252
0.334850060754
0.715845498955
1.75777174323
1.2522227075
2.93910161266
1.69074365683
1.37540926598
2.44046859327
3.29448575526
3.13116837514
0.778821134474
1.49173890438
0.833886379609
0.460331966751
0.990886420244
1.48282590637
0.913726639585
2.34413376916
1.54410919175
3.50830464688
1.04887399299
1.74070452806
2.55881956127
1.10767134232
0.712241477333
0.789895826485
1.00623544678
1.49604165321
2.85624343879
1.58307228005
4.77365875989
3.00510276482
4.83351010201
1.53318084544
2.41238061897
1.15766465105
0.492541660089
0.462397417054
1.03992138803
0.748725850135
1.4365857793
3.04302570969
5.44303701818
2.82185727544
1.79250144929
9.72130594158
3.88835722767
2.06736985594
0.637746840948
0.963231503934
1.29969555046
0.77903385181
2.71017532493
1.50649670884
5.47993903328
3.6140419431
2.64711469971
1.53742812946
1.68515379238
2.34778701165
1.42523851059
0.646596228704
0.59375260357
7.52341014193
3.35397390299
4.12152322126
1.94240833726
2.21655886527
3.96988421999
1.89442942897
0.918154074927
0.504221912473
0.519574251492
0.0904946341179
1.05526023591
1.75160512922
0.909135151189
1.77787659736
4.73040019535
1.31947260187
2.93223688373
2.08384994417
0.585945742205
0.899550352711
0.662374856533
0.447498802212
0.565418303013
4.13319329638
4.1226525174
1.23550357122
2.9369421741
2.54843509695
0.995729679242
0.507435910404
0.0
2.83692802489
0.459579527378
0.490521392319
0.00714905164205
2.98477275739
1.7012242733
0.871728680562
4.1527265273
0.938678991457
1.31505610747
3.06791460619
0.903588005807
2.68186112703
0.355908532976
1.26882079989
1.81446401589
1.87736920768
2.44179168064
1.55081862397
3.51925218478
1.87559585273
1.65567688458
4.33382769418
1.53887120355
2.28789168969
0.234989750083
1.45458635758
0.329191870056
1.53529402521
1.54652859899
1.4104002727
0.827744980808
2.23492664122
1.1419349616
1.47956376604
0.153245013207
0.143161436543
1.07593484968
1.25869708695
0.842155251186
0.903227511328
1.51035028324
4.05086787092
2.87792397523
3.02924051729
3.31666800613
2.31573378085
1.10250110261
2.55882848916
0.565240213415
1.00989346392
0.333467226235
4.87152373814
4.25447942072
1.55297155119
2.90524777057
2.90991352964
3.73892502952
