0.0
0.0
0.505993796512
2.00734915957
0.511353039416
0.757217076665
0.475178788882
1.82749740593
2.57788800634
4.04787507595
1.18461793708
4.473293558
1.41835468984
0.595084183849
0.340326433536
1.06001758575
0.724901261507
0.582858964801
0.936377075501
2.74932848709
1.21402424516
3.34423785144
3.08409539424
2.57955725491
2.28986690193
2.53427865915
0.171709828079
0.328451058071
0.579328962602
1.50189659465
0.900492402725
1.9870789228
1.41495961836
1.21713425545
2.63589998404
4.31130009703
3.71603065159
0.604329920607
1.32941497397
0.539773419499
0.358229570556
1.3736847468
1.29893777403
1.40517118305
1.76403565728
1.37392863585
3.08048882848
0.998277635779
1.27339215571
2.23587391456
1.24015441537
0.478881951421
0.359411318903
1.09477521572
1.44740792597
1.94819307514
1.72898563929
4.46193035913
2.51080157422
3.72409977252
1.53007138899
1.9125174745
1.61558996513
0.322400184639
0.72728796117
0.927408585325
1.0494254739
1.25448546658
2.55039017677
4.63423253642
1.99056710489
1.17255275394
6.36135588773
3.83324442245
1.94850594737
0.736627113074
0.976379584521
1.2549632974
1.01321874
2.15801776631
1.79416226491
4.74448721111
3.46816286724
1.81358971447
1.53785549989
2.69224909903
2.02068004012
1.20365962677
0.613631585613
0.47645902005
5.88418215606
2.87024776806
4.28339100443
1.80212518573
2.38407319691
2.90916565806
1.13566870615
0.806662740302
0.548517515417
0.728299491806
0.121961117256
1.70480948058
3.23647723743
1.32665419811
2.19885058329
1.88960199198
1.17122345953
2.96384739794
2.30288706903
0.584152641473
0.610041541164
0.728956012987
0.723229249008
0.631741344929
4.32241151156
4.22089368477
1.47528512066
3.02481856709
3.49179973081
1.2222053539
0.696183303371
0.00932809803635
2.4146901574
0.327729752986
0.238188652263
0.0536426309263
2.8318037811
2.65800050553
1.73176860344
3.48554127337
0.608454493806
0.894353804179
3.0427449171
1.00195310777
1.83971355855
0.422338834498
1.13434231747
1.2353688255
1.78366312722
2.60492814495
1.82259339583
3.07009318797
1.9066884513
1.58707459271
4.12821779959
1.79438875057
1.4291114416
0.230750928633
1.44479519356
0.464647434652
1.17188812629
1.88686442724
1.27151808213
0.529320995207
2.5734789964
1.60551760485
1.43322007393
0.0891318861395
0.0240150637692
0.895551877096
1.52493387659
1.0462318263
0.757738936634
1.19145980291
3.10980219394
2.63306462578
2.6867118869
3.28904142266
2.13125853101
1.03185170185
1.85094738798
0.822573540761
0.552480478713
0.317815084476
4.2310024671
4.34419397358
1.38183343178
3.85130078108
3.25968112424
2.88145530905
