0.0
0.0
0.425579790026
1.79164960794
0.424052067101
0.896342025837
0.290930683259
1.66397571471
2.68709362252
4.00244067807
1.07869777689
3.77364480123
1.15333015891
0.524520615116
0.344898243668
0.947538733482
0.645172228105
0.669089643285
1.07155878097
2.77566535934
1.20891948231
3.47225153027
4.16183611751
2.45377448201
2.33957063942
2.72596549225
0.390334658325
0.372321605333
0.654162545397
1.25620707421
0.865564120933
1.76878320612
1.35759872152
1.3072033592
2.82113487693
4.41788597591
3.658895489
0.357620381517
1.28112861514
0.501158304513
0.3044038433
1.37089879566
1.32064654911
1.43001408596
1.79576112574
1.40360861912
3.00368685042
0.868868385674
1.21373089927
2.12876537791
1.33689583838
0.495479854028
0.514753911644
0.888178174384
1.43775169272
1.85661525291
1.85174547229
4.81268642627
2.62146505038
3.72746967239
1.26918309653
1.74033580953
1.21238135174
0.365432044491
0.764847174287
0.891529512592
1.08220895147
1.31724445894
2.36759150436
4.39863748103
2.313783839
0.871867671551
6.34742530435
3.71493277396
2.20785162621
0.694205120206
0.991871221282
1.22889765631
0.82202752959
2.3689281065
1.84919138369
4.44928507321
3.30963146314
1.48163733049
1.21477296576
3.36583747307
2.00320819765
1.24372053205
0.499861810356
0.485195954214
5.53658797615
2.73897781642
3.90454970207
1.7542991098
2.45732281404
2.28389310837
1.70316695608
0.851535611553
0.568161072675
0.632708264049
0.160855636816
1.30418059498
3.85091018956
1.26744753029
2.33017129824
2.406812336
1.17177448596
3.0312725557
2.28782486846
0.63012607256
0.514607180376
0.647391454317
0.698435593164
0.520528674126
3.45705664647
3.76175185898
1.33958578302
3.26889211964
3.74862663122
1.12106026988
1.04330647364
0.00589566928102
2.55336495768
0.257075474598
0.213736202102
0.0575368360151
2.9998625305
2.72925075935
1.96039274056
3.33444064436
0.583056716248
0.805605940637
3.10920921667
1.09926091833
1.91061873268
0.483676340431
1.11749977665
1.04106054176
1.76228530658
2.88353865687
1.61607874732
3.05169894733
1.88111826888
1.89262439171
4.07742235716
1.76492960751
1.15494132962
0.218468986917
1.42485974729
0.578556673601
1.27240171749
1.75061725953
1.23589401599
0.699650734663
2.56264689786
1.30008481024
1.34400645358
0.100695911562
0.0308245928027
0.808502004482
1.50930175115
1.12491310539
0.888501143607
1.27804658329
3.04377983417
2.87409407273
2.73105420498
3.23823506769
2.35282225232
0.858519611065
1.61126465816
0.498795151885
0.49868504866
0.320499025634
4.14417944662
4.40606532153
1.55249896459
4.29748636764
3.03686187789
2.95552132663
