0.0
0.0
0.38032509305
1.93313384429
0.556300796568
1.23542164426
0.15446655429
1.69462343259
3.05519324355
4.04566455656
1.42307496432
3.06579779595
0.97186063556
0.883285203017
0.549111895263
0.633806288242
0.685301624238
0.702500810847
0.991995607852
2.73148592748
1.37424695701
3.32095109206
3.45015393198
1.90216715261
2.42741067288
2.71420996496
0.49239083007
0.636338114215
0.8137490917
1.52977527492
0.961989264004
1.86314646341
1.10058173351
1.04117812216
3.09940600418
5.24393106322
3.90911866724
0.22439494729
1.26763771474
0.39954976365
0.269579001528
1.4514675691
1.10515678884
1.54535666085
1.89746135101
1.17736548372
3.22851416469
0.522217485355
1.0402897977
2.01901625074
1.50244700816
0.528888585046
0.558580971323
1.01249064738
0.967073369655
1.56637185253
1.70148151275
4.86248370656
2.90693368251
4.15181046358
1.35049227253
1.3206588797
1.42834555916
0.290240201342
0.723393170163
0.993702002801
0.960608758789
1.21177063556
2.58595029032
4.2917282097
2.52175190253
1.0572883914
6.0610960598
3.3719455729
2.57765149954
0.619835380465
1.04286978208
1.02290822752
1.20956352353
2.32091146032
1.88342382549
4.61933386559
3.16944908397
1.66667836253
1.41940418072
3.25979229133
1.92654894665
0.971505603171
0.494686581194
0.375289328396
5.00207931316
2.26309139465
3.79777672049
1.75022519007
2.72777156346
1.65593819669
1.46985951543
0.947124816244
0.398177173687
0.641534641385
0.166094067914
1.27484185831
4.36302794889
1.06183352368
2.64726674277
2.12958730431
1.12662772567
3.46543917805
2.43677723315
0.530872429081
0.442220041761
0.601796938572
0.53838774981
0.522137969383
3.66018333798
3.63146402221
1.23888266901
3.29115177132
3.67671653815
1.07209393755
1.23077434674
0.0626106747077
2.46466904506
0.249998692423
0.160683170659
0.0741434724187
2.85029089404
2.51339418488
1.98191939201
2.8337304797
0.57456725277
0.918302682228
2.91329438193
1.13614650955
1.7700340203
0.27307811426
0.724537962582
0.990123976953
1.72841056623
3.07499295473
1.42909308802
2.83979052911
2.22441434849
1.62400769163
3.62459791405
1.94241582137
0.863743863534
0.235766097438
1.36104599386
0.542897710111
1.25836843764
1.63475949666
1.13574454491
0.912622135133
2.76957798097
1.58851656178
1.24203401792
0.0837050213304
0.0261840862222
1.72109361284
1.1967802532
1.61966230394
0.737924881978
1.29219607078
2.46259660879
2.80312295072
2.79194083554
2.96514746483
2.31392043387
0.829515973164
1.73899420386
0.425556013011
0.363476712257
0.312642073201
3.76112363418
3.64124354487
1.36603278294
4.5494479388
3.76518095052
2.79558761115
