0.0
0.0
0.430502445437
1.81689557247
0.475620084268
0.879615169077
0.313912458252
1.77111990098
2.37714722636
3.9788706972
1.11345499009
3.94109313912
1.23087048158
0.578886096482
0.339324545814
1.03813326359
0.72785102576
0.673811770976
0.983340295963
2.78297180333
1.14402139257
3.36452270392
3.68317630887
2.62616901845
2.27367671463
2.69622387303
0.221364501864
0.368236551003
0.654641947651
1.34600105206
0.921093382174
1.85537886713
1.39727731468
1.27603811026
2.83016238781
4.40176229551
3.53136507643
0.502501655254
1.28727028333
0.520759984851
0.371001035674
1.3794206421
1.29117241246
1.4067687667
1.80651542637
1.44908434153
3.16956856521
0.990928629413
1.12842855463
2.31432053342
1.29952836037
0.496410302061
0.394278235093
1.06475559832
1.4625672251
1.9135382612
1.75788005069
4.6585239626
2.7199694505
3.8286653895
1.39426649828
1.73628932284
1.57769358438
0.306294245645
0.681491773576
0.907828446478
1.06547957612
1.13789668627
2.41087976925
4.5921430923
2.00199366629
1.15158092871
6.03939717263
3.78860832937
2.18535000458
0.714155122638
0.997991946177
1.25623438228
0.935448324308
2.30653424922
1.8820701096
4.83077816572
3.22230868042
1.73976309551
1.5863844119
2.93418475834
2.03633189201
1.30136746948
0.532216073945
0.467288879066
5.56954051298
2.72512008622
4.13573007612
1.70109472424
2.27965618763
2.72961207479
1.52715785708
0.818634683848
0.603746378329
0.802956290776
0.134239126579
1.65268322482
3.50305460487
1.24805605551
2.20532801561
1.96766314004
1.20528612658
2.93219945795
2.43015813385
0.58931222395
0.564945153426
0.630413197447
0.734097364824
0.594701826572
3.86555795697
3.68651109561
1.45702371083
3.27418266004
3.56904186355
1.17611487675
0.821557624266
0.0121725075878
2.38648262806
0.317680018023
0.228786348132
0.0483005790156
2.85787075094
2.76639395906
1.92315147165
3.3774920092
0.623204223521
0.837210239843
3.06990843103
0.946925322991
1.75576496497
0.507656383794
1.11317777541
1.17033909779
1.70276356151
2.71659346297
1.78041744046
3.16368110245
1.866368961
1.86881368235
4.35927560367
1.84507071692
1.31120141782
0.218998206779
1.45496836328
0.578137157136
1.17593219492
1.81406768842
1.28013734351
0.479893018724
2.35685596149
1.65383071476
1.4065132562
0.109740312444
0.0280418072361
0.869948656298
1.49144885584
1.07632009406
0.906883459073
1.29130370542
2.92248093756
2.65606716648
2.68922117213
3.3550739889
2.22484633257
0.985743087018
1.83448198065
0.749839968243
0.544971079566
0.257236294914
4.23854484875
4.11195191741
1.39633635059
3.7452727356
2.94640228152
2.65570441476
