0.0
0.0
0.579434114508
1.93094305135
0.710116754752
0.497100690671
0.585128447972
2.03130636783
2.54443294555
4.32633527322
1.27803957043
4.22394269262
1.1608272304
0.75637467904
0.268865518272
1.3619197607
0.456200317887
0.773449316621
0.999192098621
2.76267958758
1.45041443221
3.11863827379
3.7208654409
2.62994046509
2.44112133048
2.14553820295
0.549888730049
0.301113478607
0.597112907271
1.69611754338
1.0629173831
2.41342309467
1.3729945845
1.11626041372
2.40909265843
4.16083075665
3.33516858029
0.497723779175
1.30452552729
0.632149874116
0.49640865624
1.11846017907
1.18985509232
1.26249149884
2.45590925496
1.3404464972
3.0901837959
0.815453300951
1.43464782345
2.31257960969
1.36616477114
0.622105287388
0.454907032428
1.04620564054
1.45878572855
2.44142326782
1.80775539589
5.70743037428
2.61025482975
4.22076024115
1.58390365774
2.0136905564
1.5203523878
0.320021584281
0.597610501572
0.997752351686
0.920193888247
1.39522310346
2.8074464919
4.56891902105
2.1790877243
1.49712131667
7.29123018554
4.14405497489
1.64660958084
0.68796879705
1.01103041141
1.26301308721
0.885193984956
2.61204398691
1.43306372408
4.88789102854
3.57583342597
2.31541701639
1.53234687075
2.21499945736
2.08183116931
1.02455065143
0.667933290126
0.6172527913
6.87257287861
3.39329917426
3.84757631226
1.89421651186
2.47160866274
3.33718892094
1.56633416261
0.802882038057
0.581875386881
0.526943283563
0.12185141223
1.42178248754
2.20466317236
1.05610544048
1.99457286275
2.16342743341
1.12558108708
3.40446670784
2.34801887372
0.529130829847
0.943993342924
0.805390580092
0.677150272531
0.665899217129
4.15746029362
4.23341283668
1.44833978452
3.10444149561
3.41595634026
1.09481748194
0.476584151387
0.0
2.7553839162
0.301786292344
0.423829631647
0.0204373468878
2.93561335449
2.13104026811
1.22630106658
3.71834559087
0.899534374592
1.06187251885
3.03871039674
0.985715128831
1.63746313367
0.426483448246
1.3470545169
1.37529645464
1.57760021288
2.42991021276
1.68236495345
3.23543106765
2.08504700637
1.6571331434
4.55753013492
1.85995138437
1.61350868084
0.315032714512
1.38399235049
0.309249964543
1.26472853264
1.71930330526
1.48450860661
0.417118120007
2.35644881986
1.30820406415
1.50355501653
0.128894592635
0.0963619535323
1.02461299207
1.52206754475
0.887285936624
0.860983075108
1.36055504717
3.24562512932
2.65022530407
2.62574345979
3.23183060624
1.90342039568
1.18489876494
2.15908573108
0.665510917548
0.729044012027
0.468610491138
4.73278925195
3.89550418872
1.26741783108
3.44333808729
2.5869475822
4.23376017064
