0.0
0.0
0.678808595985
2.00836530328
0.629009548575
0.455853832653
0.672987405909
1.94933752064
2.49932454992
4.14659878728
1.43059243355
4.53162209038
1.06643860287
0.748579656007
0.250395998359
1.32373678684
0.404288425576
0.689811664633
1.18609541981
2.59923777496
1.60318179615
2.97810005723
3.79104891862
2.78971038759
2.42605155148
2.11100011307
0.525347685441
0.264029342216
0.660114454688
1.62350543775
0.998016105033
2.6400892348
1.44846279384
1.05676468764
2.37694125721
3.92041607294
3.24491343019
0.603192882612
1.46397873189
0.624861329794
0.433951042593
1.03947487212
1.41873048065
1.20923473779
2.4282538126
1.35017605685
3.0983826546
0.928323645378
1.43010980013
2.23302702967
1.28110842127
0.579487605486
0.538482367527
1.08721148316
1.3106368403
2.55905383569
1.81422919501
5.61518097518
2.62495219312
4.43247455033
1.39302253607
1.95235816296
1.59609584883
0.419705628301
0.472884234041
1.06255478226
0.941263913643
1.40373212099
2.77378583234
4.61872279586
2.38251542486
1.60180097382
7.89491966029
4.00489167497
1.74161814572
0.639668247662
1.09243803658
1.3235411495
0.900431964546
2.96548577724
1.52434621658
5.10334021563
3.23588690534
2.69100432337
1.3367007412
2.01180084608
2.08368659558
0.998499460053
0.658691711491
0.551507733762
7.14426177088
3.32844686252
4.13021902274
1.87014357187
2.36230718665
3.73487155349
1.58756198682
0.800927327015
0.565783567959
0.463444524328
0.111171982484
1.34531268431
2.02830642462
1.03773170523
1.80859637866
4.14150266472
1.07399059425
3.30286614905
2.38326288841
0.457431147341
0.893349533901
0.634857929777
0.614369449206
0.639985501766
4.44187042885
3.91981921473
1.4190441845
3.07408553548
3.25494863326
1.14326317981
0.49331472069
0.0
2.60243586684
0.300994857214
0.432658366859
0.00466756813694
2.84466051473
1.8506833571
1.42007324472
3.8283936996
0.796079833875
1.21238875343
2.99855312984
0.981054484379
1.73534769181
0.42608975555
1.31085864175
1.47003540245
1.54269481538
2.19620630424
1.76663054549
3.39499010891
2.00389321032
1.72655801568
4.26238410641
1.75673866272
1.9031228777
0.317418813473
1.35623836549
0.274462498026
1.38867493218
1.80344559764
1.5774534964
0.574250624515
2.46893561032
1.08540150523
1.52735022764
0.127684359439
0.0842512724921
1.00652883947
1.48116582353
0.912735827267
0.855837986339
1.4098612438
3.29402541707
2.64521437511
2.83406170714
2.95452104614
1.88585955556
1.19043268648
2.15571511391
1.04722864262
0.992839892395
0.462208606419
4.77120776474
3.6091829706
1.41073664371
3.18972194608
3.09622963518
4.29700948484
