0
0
0.331876269134
2.09866651858
0.850793987513
1.10864275321
0.070070942631
1.7620200105
3.55286911014
3.71404159977
1.8064051643
2.93788630236
0.852228268166
1.00986821018
0.753775572404
0.571519374847
0.602092081681
0.527653107885
1.27987879713
2.47061045468
1.35605001939
2.54521011771
2.9810713795
2.37600173801
2.63248853537
2.44145176234
0.521113008261
0.816370107234
0.875130923931
1.44899800431
0.916418598732
1.61152355326
0.950799785554
0.84516819194
2.74360665306
5.85719930718
3.81512409821
0.210436084133
1.268751055
0.363817110658
0.209289504564
1.07264185417
1.18158133165
1.08826086251
1.7776495209
1.19678038382
3.04676422291
0.633171641326
1.18093773723
1.75909596914
1.17674189073
0.569778610487
0.459925768897
0.958355795708
1.03634009138
1.42775262846
1.68761427701
4.17755589704
2.09121068241
4.34583908855
1.6520894384
1.16263749855
1.89639754128
0.320363653824
0.773663832922
1.28832603991
0.829179031076
1.3936316662
3.01859904453
4.30492420122
2.24820199143
0.93175575952
5.43741093442
2.34659622575
2.95366393856
0.615924756974
0.825506955327
0.832105690613
1.31499942578
2.37603152404
1.99849774991
4.62967436668
3.29822559119
2.25389864913
1.3725847865
4.0944143557
2.30236977339
0.959039305337
0.616699067876
0.312851715833
5.25272349233
1.8547173189
3.5382388914
2.07332870283
3.08818286378
1.51633539237
1.65992347687
0.896711129986
0.666391501203
0.897200819105
0.161952130031
1.2315702606
4.08625915606
1.17220760579
2.63157576416
2.39839348011
1.51828086877
3.28704426426
2.03856711509
0.656634972896
0.369132850552
0.577445601113
0.723440404981
0.481144219637
3.57913566893
3.46959919017
1.27901597158
3.4250755636
3.30160810112
0.856929916772
1.62157323956
0.0422577452846
1.97550978325
0.159414238529
0.146759001538
0.100071068853
2.9544933117
2.38586998079
2.30709546432
2.59628944984
0.503916332498
0.778868399444
2.66648796445
1.9245864391
1.1908171653
0.202172293328
0.729310136288
0.75632610172
1.58629294485
3.28053640947
1.66924266913
2.62624445977
2.43684101198
1.77190294466
3.09387889231
1.7333437691
0.754574135877
0.194227852859
1.00814269576
0.671005935175
1.35976261925
1.88343568449
1.23816671397
0.707565170713
2.34828892304
1.70765909925
1.15392538114
0.107775850222
0.0
0.546777771669
0.889941358007
1.88060708041
0.568264038651
1.42641761509
2.5695088231
2.68119920697
2.38610401819
2.9752309469
3.70777378231
0.946655208478
1.01746956982
0.635711984476
0.258970143739
0.199893244775
3.30310104659
3.98420656566
1.82007089444
5.17319419712
3.55093236669
3.02189623477
