0.0
0.0
0.577351618558
1.81866389129
0.696912792046
0.527568940161
0.560498940293
2.07480996195
2.79378584772
4.19469085056
1.25040558074
3.88819448277
1.2113550721
0.735502581229
0.268623277312
1.33508062363
0.486561667174
0.695522427559
0.9058261225
2.67768896814
1.33948541246
3.35033553699
2.94601234165
2.56589786708
2.38774600439
2.41273549013
0.464999318123
0.296071887948
0.58470946434
1.41856047849
1.00037901127
2.33807959803
1.42013113224
1.13146048319
2.28158560162
4.13951938786
3.5104996243
0.521007183474
1.25419365847
0.624300490483
0.438382508233
1.28437846899
1.21538957767
1.26871264866
2.07237426564
1.34630336799
3.14099526592
0.856568738469
1.37552079407
2.31654981268
1.36317642592
0.654925965704
0.490116828121
1.07868584874
1.53135535005
2.29028163548
1.87077209179
5.43316385249
2.63881714456
4.3284931262
1.52621868544
1.94932941347
1.62865492515
0.330820063595
0.651778497733
0.896715026349
1.00714223459
1.45753432065
2.76375077618
4.52500051574
2.00470048236
1.43220582418
7.01468927786
4.03366227332
1.69767574489
0.693936281372
0.994208928198
1.32035623956
0.881957447156
2.63925064821
1.66833704431
4.90339521039
3.72083413601
2.09899232164
1.44401630014
2.45561563503
2.06816157699
1.20135661989
0.629825203796
0.607269524597
6.63769673021
3.454087066
3.81760011101
1.8370932471
2.64514515828
3.19657174568
1.6090194491
0.853770568501
0.609117536107
0.545492037549
0.166184020112
1.48628242849
2.27220273181
1.08698584465
2.04771071172
2.0888360751
1.03393331124
3.30467796419
2.1995949382
0.548761466751
0.802744714078
0.81407523551
0.708631352056
0.579784452915
4.17371867865
4.08427576849
1.45679910178
3.08955706097
3.50154678617
1.29591326602
0.569409646094
0.0
2.5241567418
0.332968074712
0.393369948491
0.0121443629614
2.92400491616
2.39552116534
1.20539595839
3.81056142226
0.715744947665
1.03860378079
2.84199933056
1.00357152871
1.70450899808
0.424724613084
1.2980323215
1.30843427149
1.61992867908
2.3654454847
1.76760617609
3.2987762331
1.97076628567
1.54195008206
4.51135292463
1.96928136051
1.5027514454
0.3060343666
1.36012218508
0.324537599459
1.26925313845
1.66125915549
1.44521448738
0.375092703849
2.4089718461
1.5974831935
1.45593849348
0.147866355255
0.0174139163573
1.0058760609
1.54082767211
0.787061007693
0.840307222563
1.40389015223
3.09359679848
2.72596259578
2.58035610558
2.93453412945
1.98223263212
1.22151859035
1.92976507428
0.852598753409
0.859470874188
0.534960993959
4.18958592974
4.03604667354
1.01444942132
3.53817625649
2.90885524685
3.30476030847
