401.3
86.8
44.4
300.5
532.1
303.0
135.8
347.9
245.5
1267.3
1386.4
723.1
106.2
156.6
194.4
103.7
476.9
88.4
75.2
465.0
107.0
815.8
437.4
552.9
60.1
36.9
41.1
63.4
184.6
141.6
32.1
384.0
557.8
458.9
905.9
421.5
47.5
50.5
48.7
75.7
167.0
192.4
157.2
142.8
376.7
1157.8
1112.8
400.0
119.1
20.6
40.5
160.5
198.5
323.9
287.5
441.7
224.7
624.5
1134.1
208.0
23.5
29.3
163.2
8.6
171.7
201.8
115.2
142.5
457.1
2298.8
847.7
1009.0
158.4
248.0
45.4
60.8
291.3
62.8
209.5
258.6
375.5
583.5
178.3
770.5
374.7
1.2
60.6
137.7
304.6
197.6
99.2
253.8
292.1
1340.3
1745.6
332.5
121.2
92.8
93.1
111.3
315.5
215.1
100.6
253.3
430.5
1465.0
916.2
436.6
420.2
26.9
33.3
166.9
465.3
94.0
305.1
264.8
1495.0
410.5
729.5
250.3
163.2
2.6
66.3
19.0
88.5
137.6
237.6
369.1
323.7
569.1
1524.3
193.3
350.8
16.5
304.1
35.2
203.7
182.8
112.0
229.4
629.9
1477.9
1762.4
498.0
169.3
113.7
40.2
171.7
275.5
89.6
156.1
241.4
350.2
426.5
266.9
194.2
113.6
70.0
317.6
81.8
211.2
165.9
171.0
47.0
637.1
924.6
1243.4
52.5
143.0
5.3
35.8
169.7
166.2
138.9
170.4
172.0
197.7
1074.5
526.3
554.0
