218.9
108.7
28.2
196.2
211.7
243.5
254.9
342.6
277.5
988.6
1025.0
586.2
98.9
101.9
168.3
119.5
178.0
118.9
33.3
255.4
147.8
655.8
328.1
476.3
57.3
13.8
47.4
153.9
145.9
39.3
3.0
533.9
504.8
321.6
472.9
253.2
53.0
26.4
97.3
45.2
64.5
52.5
12.0
77.1
266.5
886.0
961.6
519.3
95.7
36.2
94.6
186.9
105.6
229.1
189.7
277.2
336.8
556.2
912.1
256.7
18.4
55.4
142.5
25.0
166.0
111.4
189.6
138.7
672.0
1341.8
489.5
1057.1
149.6
308.9
40.9
63.2
211.0
189.0
163.5
306.6
474.8
705.2
187.6
777.8
382.5
15.1
98.8
170.5
407.1
241.5
152.3
199.1
443.4
1455.2
1713.1
539.2
125.7
158.9
89.2
148.7
300.2
50.7
207.7
127.1
299.3
978.8
1400.6
402.1
329.6
26.0
167.3
323.4
425.4
48.5
177.4
137.4
1156.9
318.0
588.8
235.3
146.6
3.0
35.7
67.4
74.2
239.6
311.6
482.7
224.0
435.7
909.5
277.6
246.2
23.2
177.6
94.2
258.8
194.2
71.6
128.2
491.4
971.4
741.8
465.6
151.6
82.4
25.2
115.8
236.4
75.2
159.0
152.0
308.2
271.0
157.4
169.0
59.2
73.7
131.1
256.8
185.5
140.9
318.8
51.4
717.6
956.4
1311.7
33.4
95.7
1.1
54.3
85.6
221.6
67.5
146.4
156.4
236.2
527.9
486.7
456.0
