141.7
22.4
23.1
237.2
333.8
247.2
303.5
349.5
186.0
1288.7
634.3
397.2
47.2
48.0
253.2
5.5
349.9
148.1
45.3
538.0
83.4
806.2
384.0
373.2
45.3
25.9
26.2
36.1
123.1
177.5
43.0
439.3
594.2
803.1
609.6
161.8
13.0
65.5
21.3
143.9
188.3
132.1
117.0
252.1
384.1
578.3
505.8
307.4
105.6
21.7
47.7
76.7
299.1
176.6
286.5
234.6
159.7
466.5
766.6
102.3
27.6
42.9
31.4
128.2
118.4
126.9
180.6
181.0
420.3
1042.6
446.7
389.1
70.9
189.4
3.9
214.5
172.5
86.3
181.7
254.5
305.3
634.3
257.3
513.0
216.4
9.1
32.6
39.2
257.0
158.5
152.7
274.7
263.5
868.3
1234.6
414.4
74.4
41.3
95.8
81.5
363.6
89.7
115.8
246.7
377.1
1134.8
628.0
212.0
206.8
22.0
78.3
317.2
369.4
54.7
307.6
200.9
1085.2
287.2
239.7
296.0
178.5
5.9
15.8
84.7
107.1
299.2
242.7
499.5
404.5
625.3
698.6
86.6
99.4
6.4
72.0
69.4
40.4
208.4
53.4
90.0
437.8
895.6
311.3
325.1
106.4
57.6
22.0
111.2
213.0
141.6
137.0
237.0
404.2
123.6
120.0
208.4
36.4
55.8
44.5
153.5
197.8
166.5
202.8
103.3
510.0
580.1
754.7
32.1
49.9
0.2
26.2
128.3
89.0
67.3
316.1
306.1
129.2
506.0
399.0
422.9
