33.8
9.8
33.6
280.0
384.8
180.1
115.1
494.1
107.7
797.5
271.6
148.5
49.1
14.4
210.0
57.8
244.8
91.7
83.5
554.9
117.7
618.4
142.0
165.3
11.8
17.8
113.0
51.6
177.6
242.5
14.9
505.9
394.1
498.7
151.4
102.2
15.9
40.7
10.3
88.9
236.8
156.3
91.5
152.3
259.7
339.3
319.6
123.4
58.5
15.3
12.1
132.2
299.2
140.3
366.8
216.8
228.0
195.3
451.8
34.0
32.6
14.2
17.5
64.1
172.7
73.6
151.0
152.0
466.7
547.4
158.4
130.8
43.9
47.8
20.8
51.4
119.8
210.5
51.4
242.6
322.2
365.0
139.1
232.6
75.3
4.0
47.1
42.3
217.1
167.9
157.9
201.9
168.4
816.9
1038.8
300.3
29.7
18.5
44.5
36.8
271.0
113.7
295.6
137.5
256.7
781.9
333.4
57.2
74.3
9.4
114.5
281.9
203.8
62.8
113.1
179.6
984.5
312.6
183.3
121.6
83.4
22.2
16.0
97.0
54.1
193.3
276.4
334.1
349.3
550.2
283.6
81.6
37.4
6.0
21.6
107.8
248.8
149.6
77.2
20.4
549.8
429.8
510.0
141.8
78.2
24.0
30.8
116.2
229.2
94.2
120.8
242.8
283.4
227.8
106.2
75.4
19.1
35.5
66.9
181.1
249.0
207.0
315.8
83.3
614.5
336.2
644.1
9.8
22.1
0.0
21.4
96.0
200.0
72.0
274.8
262.3
362.5
320.8
193.3
297.0
