87.2
7.2
0.9
159.5
248.6
135.0
120.0
357.3
120.5
1036.2
361.6
268.0
58.5
30.5
110.4
0.0
248.7
220.1
68.2
368.0
86.9
746.7
245.5
366.6
0.0
27.1
8.7
12.8
24.1
101.7
56.9
389.0
435.8
569.6
411.2
121.7
21.2
52.7
21.6
46.7
67.5
76.9
79.0
170.1
408.5
584.9
388.7
202.1
110.2
14.1
8.6
24.5
175.8
167.0
203.6
115.7
244.3
438.0
377.9
94.3
21.8
6.0
19.1
15.1
127.9
46.1
186.9
175.9
333.2
971.2
355.2
249.5
67.9
213.1
8.4
24.8
181.7
20.2
89.3
439.9
281.0
701.5
224.6
340.0
144.3
2.0
223.2
17.8
140.7
44.2
33.0
271.1
266.0
1340.4
1151.7
313.5
64.0
20.8
84.2
15.2
286.7
92.8
162.8
132.0
356.4
1093.4
712.6
208.2
181.8
23.7
19.4
476.3
226.4
47.2
157.3
177.2
1280.3
407.5
203.2
242.9
60.1
0.0
14.7
37.1
90.0
123.6
193.3
381.2
264.9
622.6
371.5
63.0
99.1
2.5
16.7
22.2
92.9
190.3
52.7
123.5
695.6
673.7
892.7
208.9
82.0
31.0
1.4
45.6
78.4
64.0
139.7
232.4
216.6
275.4
83.8
120.2
31.2
45.9
65.4
50.0
154.2
104.6
172.1
58.6
579.9
461.9
740.3
20.2
56.5
0.0
4.9
31.0
107.3
30.8
118.2
88.3
145.3
651.5
228.6
437.4
