236.3
11.4
3.1
153.0
107.7
87.6
60.4
269.2
95.8
993.4
407.6
373.9
42.7
44.6
66.5
2.5
216.2
148.9
103.5
337.5
50.9
707.4
356.9
0.0
26.9
14.0
5.3
3.5
24.9
94.4
30.0
336.4
491.9
450.4
435.6
214.2
12.4
10.3
32.3
8.4
73.8
60.7
12.1
188.5
365.7
431.0
336.3
123.4
135.1
12.7
10.3
11.8
82.3
226.2
172.9
120.0
195.0
354.5
296.3
89.6
12.3
8.9
16.3
8.9
24.8
12.2
40.2
208.8
270.5
671.0
444.8
330.4
93.1
41.7
4.1
11.6
63.2
43.7
122.9
277.5
333.8
717.4
239.3
0.0
181.3
0.3
107.7
24.5
81.3
70.1
17.9
306.3
227.2
1064.8
1003.2
170.4
91.8
20.5
78.4
68.5
132.3
72.4
50.4
85.2
181.8
1239.5
601.9
179.5
158.4
26.9
6.3
178.8
157.9
56.6
172.7
79.6
1300.9
376.6
183.9
257.5
74.2
6.9
6.6
1.6
23.7
136.4
267.1
328.3
236.7
610.0
559.2
109.9
136.3
1.3
22.1
57.0
43.8
103.3
24.1
113.3
693.6
559.3
910.8
322.2
64.4
32.3
1.8
23.4
46.4
33.8
84.3
59.0
463.0
286.4
204.6
78.2
45.1
69.9
31.7
19.2
13.6
35.1
67.3
106.3
638.2
273.8
603.7
18.8
44.1
1.7
10.6
10.0
72.7
71.7
150.4
61.6
101.6
681.3
211.1
441.7
