266.4
12.8
1.2
187.8
106.7
67.4
31.5
251.7
95.2
938.2
439.3
405.0
50.2
47.5
48.6
0.4
205.5
103.1
28.1
369.4
54.9
619.9
409.7
431.0
42.2
16.5
7.7
1.8
19.9
106.1
12.8
372.4
479.4
410.9
622.8
208.1
14.2
9.1
49.2
10.8
110.6
17.2
9.4
121.9
310.5
405.7
252.2
128.9
97.7
12.9
8.7
5.7
33.6
145.0
110.5
96.7
129.1
286.0
185.6
96.0
19.0
18.6
19.2
4.7
0.0
0.2
27.0
198.2
243.4
602.7
589.6
288.6
102.4
52.0
1.5
3.1
39.9
9.2
83.5
200.6
412.2
555.0
202.3
328.5
163.0
3.5
78.0
48.6
63.4
33.3
17.4
276.3
159.2
854.8
864.0
167.3
146.5
32.4
102.4
56.5
145.9
34.9
39.6
33.9
180.0
1225.1
320.3
181.8
111.8
24.8
6.1
242.9
81.8
92.7
138.7
61.2
1176.1
414.5
168.2
186.2
92.9
0.0
7.1
0.4
34.0
48.6
255.8
366.7
209.6
527.4
563.2
54.2
112.8
2.6
40.6
59.0
31.8
29.8
32.6
97.6
736.0
414.0
276.4
164.6
79.6
30.4
5.2
48.2
20.4
37.0
47.0
77.4
474.4
196.2
318.4
108.4
56.7
76.2
36.0
19.8
16.4
22.4
61.8
63.4
616.1
277.9
533.1
14.5
49.7
1.0
15.4
61.4
75.7
85.7
187.1
68.7
134.4
616.6
203.8
494.7
