111.2
10.6
0.4
174.1
181.2
129.7
192.5
374.3
130.8
1144.3
418.1
359.5
53.5
39.1
101.2
0.6
200.2
183.2
43.7
335.0
119.3
709.7
252.1
414.6
51.5
16.7
6.3
11.5
47.4
176.7
49.6
419.8
538.8
573.6
428.1
130.0
18.7
52.2
25.6
20.5
111.3
112.6
101.2
174.1
393.2
576.6
351.4
146.8
135.7
10.3
5.1
29.4
219.4
167.6
196.1
160.4
163.1
475.7
346.6
79.5
26.9
11.3
24.2
18.1
0.0
34.0
101.0
158.6
322.3
924.7
420.1
289.2
76.6
203.8
4.6
28.6
126.1
33.2
58.9
282.7
277.1
805.8
233.0
299.8
180.4
3.6
186.5
13.7
117.9
53.2
95.1
164.0
198.4
1110.0
968.4
260.4
74.3
18.9
104.4
64.3
161.8
69.5
120.0
89.6
278.5
1005.3
639.5
150.2
133.8
16.7
26.4
239.5
150.7
55.2
168.2
140.9
1120.9
367.8
158.0
376.4
97.2
0.1
11.5
12.6
57.8
208.2
215.8
341.8
415.7
754.9
431.6
68.4
107.8
3.1
23.1
45.1
59.8
156.8
53.3
134.1
758.4
727.8
952.0
231.4
90.2
30.6
2.8
78.2
99.2
52.4
129.5
144.8
282.2
276.2
102.6
181.2
36.5
56.7
41.1
59.0
86.6
85.7
116.8
66.4
639.1
401.9
676.1
16.5
35.8
0.6
9.7
17.7
99.7
60.2
214.7
21.1
106.1
806.0
280.3
395.7
